1		120640692		120640642		120640692
2		120640742				120640742
3		120640791				120640791
4		120640843				120640843
5		120640893				120640893
6		120640943				120640943
7		120640995				120640995
8		120641048				120641048
9		120641098				120641098
10		120641149				120641149
11		120641199				120641199
12		120641249				120641249
13		120641301				120641301
14		120641353				120641353
15		120641404				120641404
16		120641455				120641455
17		120641507				120641507
18		120641558				120641558
19		120641607				120641607
20		120641658				120641658
21		120641709				120641709
22		120641760				120641760
23		120641810				120641810
24		120641860				120641860
25		120641911				120641911
26		120641962				120641962
27		120642013				120642013
28		120642064				120642064
29		120642114				120642114
30		120642165				120642165
31		120642215				120642215
32		120642266				120642266
33		120642317				120642317
34		120642367				120642367
35		120642418				120642418
36		120642470				120642470
37		120642521				120642521
38		120642571				120642571
39		120642622				120642622
40		120642673				120642673
41		120642724				120642724
42		120642774				120642774
43		120642825				120642825
44		120642876				120642876
45		120642926				120642926
46		120642976				120642976
47		120643027				120643027
48		120643077				120643077
49		120643128				120643128
50		120643178				120643178
51		120643228				120643228
52		120643279				120643279
53		120643329				120643329
54		120643379				120643379
55		120643429				120643429
56		120643480				120643480
57		120643530				120643530
58		120643581				120643581
59		120643631				120643631
60		120643682				120643682
61		120643734				120643734
62		120643785				120643785
63		120643836				120643836
64		120643886				120643886
65		120643937				120643937
66		120643987				120643987
67		120644038				120644038
68		120644090				120644090
69		120644140				120644140
70		120644192				120644192
71		120644244				120644244
72		120644295				120644295
73		120644346				120644346
74		120644396				120644396
75		120644446				120644446
76		120644497				120644497
77		120644547				120644547
78		120644597				120644597
79		120644647				120644647
80		120644699				120644699
81		120644749				120644749
82		120644801				120644801
83		120644852				120644852
84		120644902				120644902
85		120644953				120644953
86		120645004				120645004
87		120645054				120645054
88		120645104				120645104
89		120645155				120645155
90		120645206				120645206
91		120645258				120645258
92		120645308				120645308
93		120645365				120645365
94		120645416				120645416
95		120645466				120645466
96		120645517				120645517
97		120645567				120645567
98		120645617				120645617
99		120645668				120645668
100		120645719				120645719
101		120645770				120645770
102		120645821				120645821
103		120645872				120645872
104		120645923				120645923
105		120645973				120645973
106		120646024				120646024
107		120646074				120646074
108		120646124				120646124
109		120646174				120646174
110		120646224				120646224
111		120646275				120646275
112		120646325				120646325
113		120646376				120646376
114		120646426				120646426
115		120646476				120646476
116		120646527				120646527
117		120646577				120646577
118		120646627				120646627
119		120646677				120646677
120		120646728				120646728
121		120646778				120646778
122		120646829				120646829
123		120646879				120646879
124		120646930				120646930
125		120646980				120646980
126		120647031				120647031
127		120647081				120647081
128		120647131				120647131
129		120647182				120647182
130		120647232				120647232
131		120647283				120647283
132		120647333				120647333
133		120647385				120647385
134		120647435				120647435
135		120647485				120647485
136		120647536				120647536
137		120647586				120647586
138		120647636				120647636
139		120647688				120647688
140		120647738				120647738
141		120647788				120647788
142		120647838				120647838
143		120647889				120647889
144		120647939				120647939
145		120647991				120647991
146		120648042				120648042
147		120648093				120648093
148		120648144				120648144
149		120648195				120648195
150		120648247				120648247
151		120648298				120648298
152		120648349				120648349
153		120648401				120648401
154		120648453				120648453
155		120648504				120648504
156		120648556				120648556
157		120648606				120648606
158		120648656				120648656
159		120648707				120648707
160		120648759				120648759
161		120648809				120648809
162		120648859				120648859
163		120648910				120648910
164		120648961				120648961
165		120649013				120649013
166		120649064				120649064
167		120649115				120649115
168		120649166				120649166
169		120649217				120649217
170		120649269				120649269
171		120649320				120649320
172		120649372				120649372
173		120649424				120649424
174		120649475				120649475
175		120649525				120649525
176		120649575				120649575
177		120649626				120649626
178		120649676				120649676
179		120649726				120649726
180		120649777				120649777
181		120649827				120649827
182		120649878				120649878
183		120649928				120649928
184		120649979				120649979
185		120650029				120650029
186		120650079				120650079
187		120650130				120650130
188		120650181				120650181
189		120650231				120650231
190		120650283				120650283
191		120650334				120650334
192		120650385				120650385
193		120650435				120650435
194		120650487				120650487
195		120650538				120650538
196		120650588				120650588
197		120650639				120650639
198		120650689				120650689
199		120650740				120650740
200		120650790				120650790
201		120650842				120650842
202		120650892				120650892
203		120650943				120650943
204		120650993				120650993
205		120651045				120651045
206		120651096				120651096
207		120651147				120651147
208		120651199				120651199
209		120651251				120651251
210		120651302				120651302
211		120651354				120651354
212		120651406				120651406
213		120651457				120651457
214		120651510				120651510
215		120651560				120651560
216		120651610				120651610
217		120651661				120651661
218		120651712				120651712
219		120651763				120651763
220		120651814				120651814
221		120651865				120651865
222		120651916				120651916
223		120651966				120651966
224		120652017				120652017
225		120652067				120652067
226		120652117				120652117
227		120652168				120652168
228		120652218				120652218
229		120652270				120652270
230		120652320				120652320
231		120652373				120652373
232		120652423				120652423
233		120652474				120652474
234		120652524				120652524
235		120652575				120652575
236		120652625				120652625
237		120652675				120652675
238		120652726				120652726
239		120652776				120652776
240		120652826				120652826
241		120652877				120652877
242		120652927				120652927
243		120652978				120652978
244		120653028				120653028
245		120653079				120653079
246		120653129				120653129
247		120653180				120653180
248		120653230				120653230
249		120653280				120653280
250		120653330				120653330
251		120653381				120653381
252		120653433				120653433
253		120653484				120653484
254		120653535				120653535
255		120653586				120653586
256		120653636				120653636
257		120653687				120653687
258		120653738				120653738
259		120653788				120653788
260		120653839				120653839
261		120653889				120653889
262		120653939				120653939
263		120653996				120653996
264		120654043				120654043
265		120654091				120654091
266		120654142				120654142
267		120654194				120654194
268		120654245				120654245
269		120654296				120654296
270		120654347				120654347
271		120654397				120654397
272		120654448				120654448
273		120654499				120654499
274		120654552				120654552
275		120654602				120654602
276		120654652				120654652
277		120654704				120654704
278		120654756				120654756
279		120654806				120654806
280		120654857				120654857
281		120654909				120654909
282		120654959				120654959
283		120655010				120655010
284		120655060				120655060
285		120655112				120655112
286		120655164				120655164
287		120655216				120655216
288		120655268				120655268
289		120655318				120655318
290		120655370				120655370
291		120655420				120655420
292		120655470				120655470
293		120655520				120655520
294		120655571				120655571
295		120655621				120655621
296		120655672				120655672
297		120655722				120655722
298		120655774				120655774
299		120655825				120655825
300		120655875				120655875
301		120655926				120655926
302		120655976				120655976
303		120656026				120656026
304		120656076				120656076
305		120656127				120656127
306		120656177				120656177
307		120656228				120656228
308		120656278				120656278
309		120656329				120656329
310		120656379				120656379
311		120656430				120656430
312		120656480				120656480
313		120656530				120656530
314		120656582				120656582
315		120656631				120656631
316		120656682				120656682
317		120656732				120656732
318		120656784				120656784
319		120656834				120656834
320		120656885				120656885
321		120656936				120656936
322		120656986				120656986
323		120657036				120657036
324		120657087				120657087
325		120657138				120657138
326		120657189				120657189
327		120657239				120657239
328		120657290				120657290
329		120657340				120657340
330		120657392				120657392
331		120657443				120657443
332		120657495				120657495
333		120657546				120657546
334		120657596				120657596
335		120657646				120657646
336		120657696				120657696
337		120657747				120657747
338		120657799				120657799
339		120657850				120657850
340		120657900				120657900
341		120657950				120657950
342		120658000				120658000
343		120658051				120658051
344		120658101				120658101
345		120658153				120658153
346		120658204				120658204
347		120658255				120658255
348		120658307				120658307
349		120658357				120658357
350		120658409				120658409
351		120658461				120658461
352		120658513				120658513
353		120658563				120658563
354		120658614				120658614
355		120658664				120658664
356		120658716				120658716
357		120658765				120658765
358		120658818				120658818
359		120658869				120658869
360		120658920				120658920
361		120658971				120658971
362		120659021				120659021
363		120659073				120659073
364		120659123				120659123
365		120659174				120659174
366		120659225				120659225
367		120659275				120659275
368		120659325				120659325
369		120659375				120659375
370		120659426				120659426
371		120659476				120659476
372		120659526				120659526
373		120659576				120659576
374		120659627				120659627
375		120659677				120659677
376		120659727				120659727
377		120659778				120659778
378		120659828				120659828
379		120659878				120659878
380		120659929				120659929
381		120659980				120659980
382		120700030				120700030
383		120700080				120700080
384		120700132				120700132
385		120700183				120700183
386		120700234				120700234
387		120700286				120700286
388		120700337				120700337
389		120700388				120700388
390		120700438				120700438
391		120700490				120700490
392		120700541				120700541
393		120700591				120700591
394		120700641				120700641
395		120700692				120700692
396		120700744				120700744
397		120700795				120700795
398		120700847				120700847
399		120700898				120700898
400		120700949				120700949
401		120700999				120700999
402		120701049				120701049
403		120701099				120701099
404		120701150				120701150
405		120701202				120701202
406		120701253				120701253
407		120701305				120701305
408		120701356				120701356
409		120701408				120701408
410		120701460				120701460
411		120701512				120701512
412		120701564				120701564
413		120701615				120701615
414		120701665				120701665
415		120701716				120701716
416		120701768				120701768
417		120701819				120701819
418		120701871				120701871
419		120701923				120701923
420		120701973				120701973
421		120702024				120702024
422		120702074				120702074
423		120702124				120702124
424		120702175				120702175
425		120702225				120702225
426		120702276				120702276
427		120702326				120702326
428		120702376				120702376
429		120702426				120702426
430		120702477				120702477
431		120702527				120702527
432		120702577				120702577
433		120702628				120702628
434		120702678				120702678
435		120702729				120702729
436		120702779				120702779
437		120702830				120702830
438		120702880				120702880
439		120702931				120702931
440		120702982				120702982
441		120703032				120703032
442		120703083				120703083
443		120703134				120703134
444		120703184				120703184
445		120703234				120703234
446		120703286				120703286
447		120703337				120703337
448		120703387				120703387
449		120703437				120703437
450		120703489				120703489
451		120703540				120703540
452		120703591				120703591
453		120703641				120703641
454		120703691				120703691
455		120703743				120703743
456		120703794				120703794
457		120703845				120703845
458		120703896				120703896
459		120703948				120703948
460		120704000				120704000
461		120704051				120704051
462		120704101				120704101
463		120704153				120704153
464		120704205				120704205
465		120704256				120704256
466		120704307				120704307
467		120704359				120704359
468		120704410				120704410
469		120704460				120704460
470		120704512				120704512
471		120704564				120704564
472		120704616				120704616
473		120704666				120704666
474		120704717				120704717
475		120704769				120704769
476		120704821				120704821
477		120704873				120704873
478		120704923				120704923
479		120704973				120704973
480		120705023				120705023
481		120705074				120705074
482		120705124				120705124
483		120705175				120705175
484		120705225				120705225
485		120705275				120705275
486		120705325				120705325
487		120705376				120705376
488		120705426				120705426
489		120705477				120705477
490		120705527				120705527
491		120705578				120705578
492		120705628				120705628
493		120705678				120705678
494		120705729				120705729
495		120705779				120705779
496		120705830				120705830
497		120705881				120705881
498		120705931				120705931
499		120705982				120705982
500		120706032				120706032
501		120706083				120706083
502		120706134				120706134
503		120706185				120706185
504		120706236				120706236
505		120706287				120706287
506		120706337				120706337
507		120706387				120706387
508		120706438				120706438
509		120706488				120706488
510		120706538				120706538
511		120706589				120706589
512		120706639				120706639
513		120706689				120706689
514		120706740				120706740
515		120706790				120706790
516		120706841				120706841
517		120706891				120706891
518		120706942				120706942
519		120706993				120706993
520		120707045				120707045
521		120707096				120707096
522		120707147				120707147
523		120707199				120707199
524		120707251				120707251
525		120707302				120707302
526		120707354				120707354
527		120707405				120707405
528		120707456				120707456
529		120707506				120707506
530		120707556				120707556
531		120707606				120707606
532		120707657				120707657
533		120707707				120707707
534		120707758				120707758
535		120707808				120707808
536		120707860				120707860
537		120707911				120707911
538		120707962				120707962
539		120708044				120708044
540		120708096				120708096
541		120708146				120708146
542		120708198				120708198
543		120708250				120708250
544		120708300				120708300
545		120708352				120708352
546		120708404				120708404
547		120708456				120708456
548		120708508				120708508
549		120708558				120708558
550		120708612				120708612
551		120708659				120708659
552		120708709				120708709
553		120708760				120708760
554		120708811				120708811
555		120708862				120708862
556		120708914				120708914
557		120708966				120708966
558		120709016				120709016
559		120709066				120709066
560		120709117				120709117
561		120709168				120709168
562		120709220				120709220
563		120709272				120709272
564		120709324				120709324
565		120709374				120709374
566		120709425				120709425
567		120709475				120709475
568		120709525				120709525
569		120709575				120709575
570		120709626				120709626
571		120709676				120709676
572		120709726				120709726
573		120709777				120709777
574		120709827				120709827
575		120709877				120709877
576		120709928				120709928
577		120709978				120709978
578		120710029				120710029
579		120710079				120710079
580		120710130				120710130
581		120710180				120710180
582		120710230				120710230
583		120710281				120710281
584		120710331				120710331
585		120710383				120710383
586		120710434				120710434
587		120710485				120710485
588		120710536				120710536
589		120710587				120710587
590		120710637				120710637
591		120710687				120710687
592		120710739				120710739
593		120710789				120710789
594		120710842				120710842
595		120710893				120710893
596		120710944				120710944
597		120710997				120710997
598		120711048				120711048
599		120711099				120711099
600		120711151				120711151
601		120711201				120711201
602		120711253				120711253
603		120711305				120711305
604		120711357				120711357
605		120711409				120711409
606		120711460				120711460
607		120711510				120711510
608		120711562				120711562
609		120711612				120711612
610		120711662				120711662
611		120711714				120711714
612		120711766				120711766
613		120711817				120711817
614		120711867				120711867
615		120711918				120711918
616		120711969				120711969
617		120712019				120712019
618		120712069				120712069
619		120712120				120712120
620		120712170				120712170
621		120712223				120712223
622		120712275				120712275
623		120712325				120712325
624		120712375				120712375
625		120712426				120712426
626		120712476				120712476
627		120712526				120712526
628		120712577				120712577
629		120712629				120712629
630		120712679				120712679
631		120712729				120712729
632		120712780				120712780
633		120712830				120712830
634		120712880				120712880
635		120712931				120712931
636		120712981				120712981
637		120713031				120713031
638		120713082				120713082
639		120713133				120713133
640		120713184				120713184
641		120713236				120713236
642		120713287				120713287
643		120713337				120713337
644		120713389				120713389
645		120713439				120713439
646		120713491				120713491
647		120713543				120713543
648		120713594				120713594
649		120713644				120713644
650		120713694				120713694
651		120713746				120713746
652		120713797				120713797
653		120713847				120713847
654		120713897				120713897
655		120713948				120713948
656		120713999				120713999
657		120714050				120714050
658		120714100				120714100
659		120714150				120714150
660		120714202				120714202
661		120714254				120714254
662		120714305				120714305
663		120714357				120714357
664		120714409				120714409
665		120714461				120714461
666		120714513				120714513
667		120714565				120714565
668		120714615				120714615
669		120714665				120714665
670		120714717				120714717
671		120714768				120714768
672		120714818				120714818
673		120714870				120714870
674		120714922				120714922
675		120714974				120714974
676		120715024				120715024
677		120715074				120715074
678		120715125				120715125
679		120715175				120715175
680		120715226				120715226
681		120715276				120715276
682		120715326				120715326
683		120715377				120715377
684		120715427				120715427
685		120715477				120715477
686		120715528				120715528
687		120715578				120715578
688		120715628				120715628
689		120715679				120715679
690		120715729				120715729
691		120715780				120715780
692		120715831				120715831
693		120715881				120715881
694		120715933				120715933
695		120715983				120715983
696		120716033				120716033
697		120716083				120716083
698		120716134				120716134
699		120716185				120716185
700		120716237				120716237
701		120716288				120716288
702		120716338				120716338
703		120716389				120716389
704		120716439				120716439
705		120716490				120716490
706		120716541				120716541
707		120716591				120716591
708		120716641				120716641
709		120716692				120716692
710		120716742				120716742
711		120716793				120716793
712		120716845				120716845
713		120716897				120716897
714		120716949				120716949
715		120717000				120717000
716		120717051				120717051
717		120717101				120717101
718		120717151				120717151
719		120717201				120717201
720		120717252				120717252
721		120717302				120717302
722		120717354				120717354
723		120717406				120717406
724		120717458				120717458
725		120717510				120717510
726		120717561				120717561
727		120717611				120717611
728		120717662				120717662
729		120717712				120717712
730		120717766				120717766
731		120717816				120717816
732		120717868				120717868
733		120717921				120717921
734		120717971				120717971
735		120718023				120718023
736		120718073				120718073
737		120718124				120718124
738		120718174				120718174
739		120718224				120718224
740		120718275				120718275
741		120718325				120718325
742		120718376				120718376
743		120718426				120718426
744		120718476				120718476
745		120718526				120718526
746		120718577				120718577
747		120718627				120718627
748		120718677				120718677
749		120718728				120718728
750		120718778				120718778
751		120718829				120718829
752		120718879				120718879
753		120718930				120718930
754		120718980				120718980
755		120719031				120719031
756		120719082				120719082
757		120719132				120719132
758		120719183				120719183
759		120719234				120719234
760		120719285				120719285
761		120719335				120719335
762		120719386				120719386
763		120719436				120719436
764		120719487				120719487
765		120719537				120719537
766		120719588				120719588
767		120719638				120719638
768		120719688				120719688
769		120719739				120719739
770		120719791				120719791
771		120719843				120719843
772		120719894				120719894
773		120719945				120719945
774		120719999				120719999
775		120720051				120720051
776		120720098				120720098
777		120720149				120720149
778		120720201				120720201
779		120720251				120720251
780		120720302				120720302
781		120720354				120720354
782		120720406				120720406
783		120720458				120720458
784		120720508				120720508
785		120720559				120720559
786		120720610				120720610
787		120720660				120720660
788		120720710				120720710
789		120720762				120720762
790		120720813				120720813
791		120720866				120720866
792		120720918				120720918
793		120720970				120720970
794		120721023				120721023
795		120721073				120721073
796		120721124				120721124
797		120721174				120721174
798		120721225				120721225
799		120721274				120721274
800		120721325				120721325
801		120721375				120721375
802		120721425				120721425
803		120721476				120721476
804		120721526				120721526
805		120721576				120721576
806		120721626				120721626
807		120721677				120721677
808		120721727				120721727
809		120721778				120721778
810		120721828				120721828
811		120721879				120721879
812		120721929				120721929
813		120721980				120721980
814		120722030				120722030
815		120722081				120722081
816		120722131				120722131
817		120722182				120722182
818		120722234				120722234
819		120722285				120722285
820		120722335				120722335
821		120722387				120722387
822		120722437				120722437
823		120722488				120722488
824		120722540				120722540
825		120722590				120722590
826		120722640				120722640
827		120722690				120722690
828		120722742				120722742
829		120722793				120722793
830		120722845				120722845
831		120722896				120722896
832		120722948				120722948
833		120723000				120723000
834		120723050				120723050
835		120723100				120723100
836		120723151				120723151
837		120723202				120723202
838		120723254				120723254
839		120723306				120723306
840		120723358				120723358
841		120723410				120723410
842		120723462				120723462
843		120723514				120723514
844		120723565				120723565
845		120723617				120723617
846		120723665				120723665
847		120723716				120723716
848		120723766				120723766
849		120723816				120723816
850		120723868				120723868
851		120723919				120723919
852		120723970				120723970
853		120724021				120724021
854		120724072				120724072
855		120724122				120724122
856		120724173				120724173
857		120724224				120724224
858		120724274				120724274
859		120724324				120724324
860		120724375				120724375
861		120724425				120724425
862		120724476				120724476
863		120724526				120724526
864		120724576				120724576
865		120724627				120724627
866		120724677				120724677
867		120724727				120724727
868		120724778				120724778
869		120724828				120724828
870		120724878				120724878
871		120724929				120724929
872		120724979				120724979
873		120725030				120725030
874		120725080				120725080
875		120725131				120725131
876		120725181				120725181
877		120725232				120725232
878		120725284				120725284
879		120725335				120725335
880		120725385				120725385
881		120725437				120725437
882		120725488				120725488
883		120725539				120725539
884		120725591				120725591
885		120725641				120725641
886		120725691				120725691
887		120725742				120725742
888		120725794				120725794
889		120725846				120725846
890		120725898				120725898
891		120725948				120725948
892		120725999				120725999
893		120726050				120726050
894		120726100				120726100
895		120726151				120726151
896		120726201				120726201
897		120726252				120726252
898		120726302				120726302
899		120726354				120726354
900		120726406				120726406
901		120726458				120726458
902		120726510				120726510
903		120726561				120726561
904		120726611				120726611
905		120726662				120726662
906		120726712				120726712
907		120726764				120726764
908		120726815				120726815
909		120726867				120726867
910		120726919				120726919
911		120726971				120726971
912		120727023				120727023
913		120727073				120727073
914		120727123				120727123
915		120727174				120727174
916		120727224				120727224
917		120727275				120727275
918		120727325				120727325
919		120727375				120727375
920		120727426				120727426
921		120727476				120727476
922		120727527				120727527
923		120727577				120727577
924		120727628				120727628
925		120727678				120727678
926		120727728				120727728
927		120727779				120727779
928		120727829				120727829
929		120727879				120727879
930		120727930				120727930
931		120727980				120727980
932		120728031				120728031
933		120728081				120728081
934		120728132				120728132
935		120728182				120728182
936		120728232				120728232
937		120728282				120728282
938		120728332				120728332
939		120728383				120728383
940		120728434				120728434
941		120728485				120728485
942		120728537				120728537
943		120728588				120728588
944		120728638				120728638
945		120728689				120728689
946		120728739				120728739
947		120728790				120728790
948		120728841				120728841
949		120728892				120728892
950		120728944				120728944
951		120728995				120728995
952		120729047				120729047
953		120729098				120729098
954		120729148				120729148
955		120729199				120729199
956		120729249				120729249
957		120729299				120729299
958		120729350				120729350
959		120729400				120729400
960		120729451				120729451
961		120729501				120729501
962		120729551				120729551
963		120729603				120729603
964		120729653				120729653
965		120729704				120729704
966		120729755				120729755
967		120729806				120729806
968		120729859				120729859
969		120729910				120729910
970		120729962				120729962
971		120730014				120730014
972		120730065				120730065
973		120730116				120730116
974		120730166				120730166
975		120730217				120730217
976		120730269				120730269
977		120730320				120730320
978		120730372				120730372
979		120730425				120730425
980		120730475				120730475
981		120730525				120730525
982		120730576				120730576
983		120730626				120730626
984		120730676				120730676
985		120730727				120730727
986		120730777				120730777
987		120730828				120730828
988		120730878				120730878
989		120730929				120730929
990		120730979				120730979
991		120731030				120731030
992		120731081				120731081
993		120731131				120731131
994		120731182				120731182
995		120731233				120731233
996		120731284				120731284
997		120731336				120731336
998		120731387				120731387
999		120731437				120731437
1000		120731488				120731488
1001		120731540				120731540
1002		120731590				120731590
1003		120731640				120731640
1004		120731690				120731690
1005		120731741				120731741
1006		120731792				120731792
1007		120731843				120731843
1008		120731895				120731895
1009		120731947				120731947
1010		120731999				120731999
1011		120732051				120732051
1012		120732102				120732102
1013		120732152				120732152
1014		120732203				120732203
1015		120732255				120732255
1016		120732306				120732306
1017		120732357				120732357
1018		120732407				120732407
1019		120732459				120732459
1020		120732511				120732511
1021		120732562				120732562
1022		120732614				120732614
1023		120732665				120732665
1024		120732715				120732715
1025		120732766				120732766
1026		120732816				120732816
1027		120732866				120732866
1028		120732917				120732917
1029		120732997				120732997
1030		120733049				120733049
1031		120733099				120733099
1032		120733149				120733149
1033		120733201				120733201
1034		120733252				120733252
1035		120733302				120733302
1036		120733354				120733354
1037		120733406				120733406
1038		120733458				120733458
1039		120733510				120733510
1040		120733562				120733562
1041		120733613				120733613
1042		120733664				120733664
1043		120733714				120733714
1044		120733766				120733766
1045		120733818				120733818
1046		120733869				120733869
1047		120733920				120733920
1048		120733970				120733970
1049		120734021				120734021
1050		120734073				120734073
1051		120734124				120734124
1052		120734175				120734175
1053		120734225				120734225
1054		120734276				120734276
1055		120734326				120734326
1056		120734376				120734376
1057		120734427				120734427
1058		120734477				120734477
1059		120734528				120734528
1060		120734578				120734578
1061		120734636				120734636
1062		120734679				120734679
1063		120734729				120734729
1064		120734779				120734779
1065		120734830				120734830
1066		120734880				120734880
1067		120734931				120734931
1068		120734981				120734981
1069		120735032				120735032
1070		120735082				120735082
1071		120735132				120735132
1072		120735184				120735184
1073		120735235				120735235
1074		120735286				120735286
1075		120735337				120735337
1076		120735387				120735387
1077		120735437				120735437
1078		120735489				120735489
1079		120735540				120735540
1080		120735591				120735591
1081		120735643				120735643
1082		120735692				120735692
1083		120735743				120735743
1084		120735794				120735794
1085		120735846				120735846
1086		120735898				120735898
1087		120735950				120735950
1088		120736002				120736002
1089		120736055				120736055
1090		120736106				120736106
1091		120736156				120736156
1092		120736206				120736206
1093		120736258				120736258
1094		120736308				120736308
1095		120736360				120736360
1096		120736412				120736412
1097		120736464				120736464
1098		120736515				120736515
1099		120736568				120736568
1100		120736620				120736620
1101		120736670				120736670
1102		120736720				120736720
1103		120736772				120736772
1104		120736822				120736822
1105		120736874				120736874
1106		120736924				120736924
1107		120736975				120736975
1108		120737025				120737025
1109		120737075				120737075
1110		120737126				120737126
1111		120737176				120737176
1112		120737226				120737226
1113		120737277				120737277
1114		120737327				120737327
1115		120737378				120737378
1116		120737428				120737428
1117		120737479				120737479
1118		120737529				120737529
1119		120737580				120737580
1120		120737630				120737630
1121		120737680				120737680
1122		120737731				120737731
1123		120737781				120737781
1124		120737832				120737832
1125		120737883				120737883
1126		120737934				120737934
1127		120737986				120737986
1128		120738037				120738037
1129		120738089				120738089
1130		120738140				120738140
1131		120738191				120738191
1132		120738241				120738241
1133		120738291				120738291
1134		120738342				120738342
1135		120738394				120738394
1136		120738446				120738446
1137		120738497				120738497
1138		120738549				120738549
1139		120738601				120738601
1140		120738652				120738652
1141		120738701				120738701
1142		120738753				120738753
1143		120738803				120738803
1144		120738853				120738853
1145		120738905				120738905
1146		120738957				120738957
1147		120739008				120739008
1148		120739058				120739058
1149		120739110				120739110
1150		120739161				120739161
1151		120739211				120739211
1152		120739261				120739261
1153		120739312				120739312
1154		120739364				120739364
1155		120739416				120739416
1156		120739468				120739468
1157		120739520				120739520
1158		120739572				120739572
1159		120739623				120739623
1160		120739674				120739674
1161		120739724				120739724
1162		120739774				120739774
1163		120739825				120739825
1164		120739875				120739875
1165		120739925				120739925
1166		120739976				120739976
1167		120740026				120740026
1168		120740077				120740077
1169		120740127				120740127
1170		120740178				120740178
1171		120740228				120740228
1172		120740278				120740278
1173		120740329				120740329
1174		120740379				120740379
1175		120740429				120740429
1176		120740480				120740480
1177		120740530				120740530
1178		120740580				120740580
1179		120740631				120740631
1180		120740681				120740681
1181		120740731				120740731
1182		120740783				120740783
1183		120740834				120740834
1184		120740885				120740885
1185		120740936				120740936
1186		120740988				120740988
1187		120741039				120741039
1188		120741089				120741089
1189		120741141				120741141
1190		120741192				120741192
1191		120741243				120741243
1192		120741294				120741294
1193		120741345				120741345
1194		120741397				120741397
1195		120741449				120741449
1196		120741512				120741512
1197		120741562				120741562
1198		120741613				120741613
1199		120741664				120741664
1200		120741714				120741714
1201		120741766				120741766
1202		120741817				120741817
1203		120741869				120741869
1204		120741921				120741921
1205		120741974				120741974
1206		120742025				120742025
1207		120742075				120742075
1208		120742126				120742126
1209		120742176				120742176
1210		120742226				120742226
1211		120742276				120742276
1212		120742327				120742327
1213		120742377				120742377
1214		120742428				120742428
1215		120742478				120742478
1216		120742529				120742529
1217		120742579				120742579
1218		120742629				120742629
1219		120742680				120742680
1220		120742730				120742730
1221		120742781				120742781
1222		120742832				120742832
1223		120742883				120742883
1224		120742934				120742934
1225		120742985				120742985
1226		120743037				120743037
1227		120743088				120743088
1228		120743139				120743139
1229		120743190				120743190
1230		120743240				120743240
1231		120743290				120743290
1232		120743341				120743341
1233		120743392				120743392
1234		120743443				120743443
1235		120743495				120743495
1236		120743547				120743547
1237		120743599				120743599
1238		120743649				120743649
1239		120743699				120743699
1240		120743750				120743750
1241		120743800				120743800
1242		120743852				120743852
1243		120743902				120743902
1244		120743953				120743953
1245		120744006				120744006
1246		120744057				120744057
1247		120744108				120744108
1248		120744159				120744159
1249		120744210				120744210
1250		120744260				120744260
1251		120744311				120744311
1252		120744363				120744363
1253		120744415				120744415
1254		120744467				120744467
1255		120744519				120744519
1256		120744571				120744571
1257		120744622				120744622
1258		120744673				120744673
1259		120744723				120744723
1260		120744773				120744773
1261		120744824				120744824
1262		120744874				120744874
1263		120744924				120744924
1264		120744974				120744974
1265		120745025				120745025
1266		120745075				120745075
1267		120745126				120745126
1268		120745176				120745176
1269		120745226				120745226
1270		120745277				120745277
1271		120745327				120745327
1272		120745377				120745377
1273		120745428				120745428
1274		120745478				120745478
1275		120745528				120745528
1276		120745579				120745579
1277		120745629				120745629
1278		120745680				120745680
1279		120745730				120745730
1280		120745781				120745781
1281		120745833				120745833
1282		120745884				120745884
1283		120745935				120745935
1284		120745986				120745986
1285		120746036				120746036
1286		120746087				120746087
1287		120746137				120746137
1288		120746188				120746188
1289		120746239				120746239
1290		120746289				120746289
1291		120746340				120746340
1292		120746390				120746390
1293		120746441				120746441
1294		120746492				120746492
1295		120746544				120746544
1296		120746596				120746596
1297		120746649				120746649
1298		120746699				120746699
1299		120746749				120746749
1300		120746799				120746799
1301		120746850				120746850
1302		120746901				120746901
1303		120746953				120746953
1304		120747005				120747005
1305		120747056				120747056
1306		120747107				120747107
1307		120747158				120747158
1308		120747208				120747208
1309		120747258				120747258
1310		120747309				120747309
1311		120747359				120747359
1312		120747409				120747409
1313		120747461				120747461
1314		120747514				120747514
1315		120747565				120747565
1316		120747617				120747617
1317		120747667				120747667
1318		120747717				120747717
1319		120747768				120747768
1320		120747818				120747818
1321		120747869				120747869
1322		120747919				120747919
1323		120747970				120747970
1324		120748023				120748023
1325		120748073				120748073
1326		120748123				120748123
1327		120748174				120748174
1328		120748226				120748226
1329		120748276				120748276
1330		120748326				120748326
1331		120748377				120748377
1332		120748427				120748427
1333		120748478				120748478
1334		120748528				120748528
1335		120748579				120748579
1336		120748629				120748629
1337		120748679				120748679
1338		120748730				120748730
1339		120748780				120748780
1340		120748830				120748830
1341		120748881				120748881
1342		120748931				120748931
1343		120748982				120748982
1344		120749033				120749033
1345		120749084				120749084
1346		120749136				120749136
1347		120749187				120749187
1348		120749237				120749237
1349		120749288				120749288
1350		120749338				120749338
1351		120749390				120749390
1352		120749440				120749440
1353		120749492				120749492
1354		120749544				120749544
1355		120749596				120749596
1356		120749646				120749646
1357		120749696				120749696
1358		120749747				120749747
1359		120749797				120749797
1360		120749848				120749848
1361		120749899				120749899
1362		120749951				120749951
1363		120750003				120750003
1364		120750055				120750055
1365		120750106				120750106
1366		120750157				120750157
1367		120750207				120750207
1368		120750257				120750257
1369		120750307				120750307
1370		120750358				120750358
1371		120750409				120750409
1372		120750461				120750461
1373		120750511				120750511
