1 125131255 125131256 125131255
2 125131287 125131287 125131287
3 125131345 125131345 125131345
4 125131376 125131377 125131376
5 125131415 125131415 125131415
6 125131471 125131471 125131471
7 125131520 125131526 125131520
8 125131570 125131574 125131570
9 125131618 125131618 125131618
10 125131665 125131665 125131665
11 125131720 125131720 125131720
12 125131764 125131765 125131764
13 125131820 125131820 125131820
14 125131869 125131869 125131869
15 125131932 125131932 125131932
16 125131979 125131982 125131979
17 125132022 125132024 125132022
18 125132071 125132075 125132071
19 125132129 125132129 125132129
20 125132178 125132179 125132178
21 125132225 125132225 125132225
22 125132277 125132277 125132277
23 125132333 125132333 125132333
24 125132364 125132364 125132364
25 125132420 125132420 125132420
26 125132469 125132469 125132469
27 125132529 125132529 125132529
28 125132575 125132576 125132575
29 125132626 125132627 125132626
30 125132675 125132676 125132675
31 125132727 125132727 125132727
32 125132777 125132777 125132777
33 125132816 125132816 125132816
34 125132866 125132866 125132866
35 125132920 125132920 125132920
36 125132976 125132976 125132976
37 125133026 125133026 125133026
38 125133082 125133082 125133082
39 125133115 125133116 125133115
40 125133170 125133170 125133170
41 125133236 125133236 125133236
42 125133302 125133303 125133302
43 125133325 125133325 125133325
44 125133369 125133369 125133369
45 125133428 125133428 125133428
46 125133487 125133488 125133487
47 125133519 125133519 125133519
48 125133565 125133565 125133565
49 125133621 125133621 125133621
50 125133676 125133677 125133676
51 125133726 125133726 125133726
52 125133777 125133778 125133777
53 125133826 125133826 125133826
54 125133880 125133880 125133880
55 125133935 125133935 125133935
56 125133964 125133965 125133964
57 125134017 125134017 125134017
58 125134071 125134071 125134071
59 125134121 125134126 125134121
60 125134177 125134177 125134177
61 125134215 125134215 125134215
62 125134264 125134264 125134264
63 125134321 125134321 125134321
64 125134377 125134378 125134377
65 125134428 125134428 125134428
66 125134478 125134478 125134478
67 125134516 125134518 125134516
68 125134571 125134577 125134571
69 125134627 125134627 125134627
70 125134675 125134675 125134675
71 125134726 125134726 125134726
72 125134776 125134776 125134776
73 125134815 125134815 125134815
74 125134869 125134870 125134869
75 125134920 125134920 125134920
76 125134979 125134979 125134979
77 125135027 125135029 125135027
78 125135078 125135078 125135078
79 125135126 125135127 125135126
80 125135178 125135178 125135178
81 125135221 125135221 125135221
82 125135271 125135271 125135271
83 125135330 125135330 125135330
84 125135381 125135381 125135381
85 125135427 125135427 125135427
86 125135478 125135478 125135478
87 125135521 125135526 125135521
88 125135576 125135576 125135576
89 125135629 125135629 125135629
90 125135677 125135677 125135677
91 125135726 125135727 125135726
92 125135779 125135779 125135779
93 125135814 125135814 125135814
94 125135876 125135877 125135876
95 125135929 125135930 125135929
96 125135964 125135965 125135964
97 125136018 125136019 125136018
98 125136077 125136077 125136077
99 125136126 125136127 125136126
100 125136177 125136177 125136177
101 125136228 125136229 125136228
102 125136276 125136277 125136276
103 125136330 125136330 125136330
104 125136386 125136386 125136386
105 125136419 125136419 125136419
106 125136476 125136476 125136476
107 125136528 125136528 125136528
108 125136563 125136564 125136563
109 125136627 125136627 125136627
110 125136680 125136681 125136680
111 125136729 125136729 125136729
112 125136771 125136774 125136771
113 125136826 125136826 125136826
114 125136877 125136877 125136877
115 125136927 125136929 125136927
116 125136978 125136978 125136978
117 125137025 125137026 125137025
118 125137076 125137076 125137076
119 125137125 125137125 125137125
120 125137177 125137177 125137177
121 125137225 125137226 125137225
122 125137271 125137277 125137271
123 125137329 125137329 125137329
124 125137364 125137364 125137364
125 125137424 125137424 125137424
126 125137477 125137477 125137477
127 125137533 125137533 125137533
128 125137568 125137568 125137568
129 125137629 125137629 125137629
130 125137676 125137676 125137676
131 125137726 125137728 125137726
132 125137777 125137777 125137777
133 125137856 125137859 125137856
134 125137868 125137868 125137868
135 125137927 125137928 125137927
136 125137979 125137980 125137979
137 125138030 125138030 125138030
138 125138064 125138064 125138064
139 125138135 125138136 125138135
140 125138187 125138188 125138187
141 125138227 125138235 125138227
142 125138269 125138269 125138269
143 125138328 125138328 125138328
144 125138378 125138379 125138378
145 125138419 125138420 125138419
146 125138477 125138477 125138477
147 125138526 125138526 125138526
148 125138578 125138578 125138578
149 125138626 125138626 125138626
150 125138677 125138677 125138677
151 125138728 125138729 125138728
152 125138779 125138779 125138779
153 125138829 125138829 125138829
154 125138877 125138881 125138877
155 125138933 125138933 125138933
156 125138965 125138967 125138965
157 125139021 125139021 125139021
158 125139065 125139065 125139065
159 125139118 125139118 125139118
160 125139192 125139192 125139192
161 125139291 125139291 125139291
162 125139292 125139292 125139292
163 125139315 125139317 125139315
164 125139377 125139378 125139377
165 125139490 125139490 125139490
166 125139492 125139493 125139492
167 125139516 125139517 125139516
168 125139581 125139581 125139581
169 125139618 125139619 125139618
170 125139677 125139677 125139677
171 125139714 125139715 125139714
172 125139776 125139777 125139776
173 125139829 125139829 125139829
174 125139866 125139866 125139866
175 125139921 125139921 125139921
176 125139978 125139978 125139978
177 125140026 125140027 125140026
178 125140078 125140079 125140078
179 125140128 125140128 125140128
180 125140180 125140180 125140180
181 125140229 125140230 125140229
182 125140275 125140280 125140275
183 125140327 125140327 125140327
184 125140375 125140375 125140375
185 125140415 125140415 125140415
186 125140479 125140480 125140479
187 125140532 125140532 125140532
188 125140566 125140566 125140566
189 125140624 125140624 125140624
190 125140676 125140677 125140676
191 125140727 125140727 125140727
192 125140778 125140779 125140778
193 125140825 125140826 125140825
194 125140879 125140879 125140879
195 125140927 125140927 125140927
196 125140975 125140975 125140975
197 125141027 125141027 125141027
198 125141076 125141076 125141076
199 125141127 125141127 125141127
200 125141164 125141164 125141164
201 125141216 125141216 125141216
202 125141276 125141276 125141276
203 125141326 125141326 125141326
204 125141378 125141378 125141378
205 125141434 125141434 125141434
206 125141466 125141466 125141466
207 125141521 125141521 125141521
208 125141571 125141571 125141571
209 125141630 125141631 125141630
210 125141676 125141677 125141676
211 125141721 125141726 125141721
212 125141776 125141776 125141776
213 125141828 125141828 125141828
214 125141877 125141877 125141877
215 125141925 125141926 125141925
216 125141965 125141965 125141965
217 125142026 125142026 125142026
218 125142078 125142079 125142078
219 125142118 125142119 125142118
220 125142177 125142177 125142177
221 125142228 125142228 125142228
222 125142281 125142281 125142281
223 125142326 125142327 125142326
224 125142375 125142375 125142375
225 125142415 125142415 125142415
226 125142464 125142464 125142464
227 125142515 125142515 125142515
228 125142577 125142577 125142577
229 125142626 125142626 125142626
230 125142677 125142677 125142677
231 125142727 125142728 125142727
232 125142778 125142778 125142778
233 125142828 125142828 125142828
234 125142881 125142882 125142881
235 125142932 125142933 125142932
236 125142966 125142967 125142966
237 125143020 125143027 125143020
238 125143074 125143075 125143074
239 125143121 125143126 125143121
240 125143176 125143177 125143176
241 125143218 125143218 125143218
242 125143275 125143276 125143275
243 125143326 125143326 125143326
244 125143383 125143383 125143383
245 125143420 125143420 125143420
246 125143465 125143465 125143465
247 125143519 125143520 125143519
248 125143578 125143578 125143578
249 125143628 125143628 125143628
250 125143680 125143680 125143680
251 125143743 125143743 125143743
252 125143774 125143774 125143774
253 125143815 125143815 125143815
254 125143871 125143871 125143871
255 125143921 125143921 125143921
256 125143965 125143965 125143965
257 125144020 125144020 125144020
258 125144075 125144075 125144075
259 125144126 125144126 125144126
260 125144178 125144178 125144178
261 125144227 125144227 125144227
262 125144280 125144280 125144280
263 125144329 125144329 125144329
264 125144376 125144380 125144376
265 125144433 125144433 125144433
266 125144464 125144466 125144464
267 125144527 125144527 125144527
268 125144564 125144564 125144564
269 125144618 125144618 125144618
270 125144674 125144674 125144674
271 125144725 125144725 125144725
272 125144777 125144777 125144777
273 125144825 125144825 125144825
274 125144878 125144879 125144878
275 125144927 125144927 125144927
276 125144966 125144966 125144966
277 125145031 125145031 125145031
278 125145066 125145066 125145066
279 125145118 125145118 125145118
280 125145174 125145174 125145174
281 125145214 125145214 125145214
282 125145266 125145266 125145266
283 125145316 125145316 125145316
284 125145375 125145375 125145375
285 125145426 125145426 125145426
286 125145479 125145479 125145479
287 125145527 125145528 125145527
288 125145578 125145578 125145578
289 125145627 125145628 125145627
290 125145681 125145681 125145681
291 125145730 125145730 125145730
292 125145775 125145775 125145775
293 125145830 125145830 125145830
294 125145876 125145876 125145876
295 125145927 125145927 125145927
296 125145976 125145976 125145976
297 125146028 125146028 125146028
298 125146075 125146075 125146075
299 125146121 125146121 125146121
300 125146178 125146178 125146178
301 125146227 125146227 125146227
302 125146278 125146278 125146278
303 125146325 125146325 125146325
304 125146380 125146380 125146380
305 125146442 125146442 125146442
306 125146470 125146474 125146470
307 125146513 125146514 125146513
308 125146575 125146575 125146575
309 125146614 125146614 125146614
310 125146664 125146664 125146664
311 125146715 125146716 125146715
312 125146776 125146777 125146776
313 125146826 125146826 125146826
314 125146879 125146879 125146879
315 125146929 125146929 125146929
316 125146978 125146978 125146978
317 125147025 125147025 125147025
318 125147080 125147080 125147080
319 125147130 125147130 125147130
320 125147175 125147175 125147175
321 125147216 125147216 125147216
322 125147274 125147275 125147274
323 125147327 125147327 125147327
324 125147376 125147376 125147376
325 125147416 125147416 125147416
326 125147466 125147466 125147466
327 125147526 125147526 125147526
328 125147577 125147577 125147577
329 125147627 125147627 125147627
330 125147679 125147679 125147679
331 125147729 125147729 125147729
332 125147764 125147764 125147764
333 125147817 125147817 125147817
334 125147877 125147877 125147877
335 125147928 125147928 125147928
336 125147978 125147979 125147978
337 125148015 125148015 125148015
338 125148066 125148066 125148066
339 125148116 125148116 125148116
340 125148167 125148168 125148167
341 125148220 125148221 125148220
342 125148270 125148270 125148270
343 125148327 125148327 125148327
344 125148382 125148382 125148382
345 125148415 125148416 125148415
346 125148480 125148481 125148480
347 125148530 125148530 125148530
348 125148581 125148581 125148581
349 125148628 125148631 125148628
350 125148676 125148676 125148676
351 125148726 125148727 125148726
352 125148777 125148777 125148777
353 125148814 125148814 125148814
354 125148869 125148869 125148869
355 125148921 125148921 125148921
356 125148977 125148977 125148977
357 125149024 125149025 125149024
358 125149077 125149077 125149077
359 125149127 125149127 125149127
360 125149178 125149179 125149178
361 125149226 125149226 125149226
362 125149281 125149281 125149281
363 125149328 125149328 125149328
364 125149376 125149377 125149376
365 125149414 125149415 125149414
366 125149464 125149464 125149464
367 125149524 125149526 125149524
368 125149567 125149567 125149567
369 125149621 125149621 125149621
370 125149676 125149676 125149676
371 125149727 125149727 125149727
372 125149781 125149781 125149781
373 125149828 125149828 125149828
374 125149880 125149880 125149880
375 125149925 125149926 125149925
376 125149976 125149977 125149976
377 125150021 125150028 125150021
378 125150076 125150076 125150076
379 125150127 125150127 125150127
380 125150175 125150176 125150175
381 125150215 125150216 125150215
382 125150274 125150274 125150274
383 125150326 125150326 125150326
384 125150378 125150378 125150378
385 125150426 125150426 125150426
386 125150478 125150478 125150478
387 125150514 125150514 125150514
388 125150566 125150566 125150566
389 125150625 125150626 125150625
390 125150676 125150677 125150676
391 125150729 125150730 125150729
392 125150775 125150776 125150775
393 125150814 125150814 125150814
394 125150877 125150877 125150877
395 125150929 125150929 125150929
396 125150965 125150965 125150965
397 125151021 125151024 125151021
398 125151077 125151077 125151077
399 125151127 125151127 125151127
400 125151180 125151180 125151180
401 125151227 125151227 125151227
402 125151280 125151280 125151280
403 125151330 125151330 125151330
404 125151378 125151378 125151378
405 125151432 125151432 125151432
406 125151479 125151479 125151479
407 125151515 125151515 125151515
408 125151568 125151568 125151568
409 125151624 125151625 125151624
410 125151678 125151679 125151678
411 125151727 125151727 125151727
412 125151778 125151778 125151778
413 125151826 125151826 125151826
414 125151878 125151878 125151878
415 125151927 125151928 125151927
416 125151979 125151980 125151979
417 125152016 125152016 125152016
418 125152071 125152071 125152071
419 125152128 125152128 125152128
420 125152175 125152175 125152175
421 125152228 125152228 125152228
422 125152275 125152275 125152275
423 125152325 125152325 125152325
424 125152377 125152377 125152377
425 125152430 125152430 125152430
426 125152479 125152479 125152479
427 125152515 125152515 125152515
428 125152570 125152570 125152570
429 125152628 125152628 125152628
430 125152674 125152676 125152674
431 125152726 125152727 125152726
432 125152775 125152775 125152775
433 125152826 125152827 125152826
434 125152876 125152877 125152876
435 125152914 125152914 125152914
436 125152975 125152975 125152975
437 125153021 125153021 125153021
438 125153076 125153076 125153076
439 125153127 125153127 125153127
440 125153179 125153179 125153179
441 125153228 125153228 125153228
442 125153271 125153271 125153271
443 125153327 125153327 125153327
444 125153371 125153374 125153371
445 125153428 125153428 125153428
446 125153476 125153476 125153476
447 125153514 125153514 125153514
448 125153564 125153564 125153564
449 125153618 125153618 125153618
450 125153671 125153671 125153671
451 125153720 125153720 125153720
452 125153768 125153768 125153768
453 125153825 125153826 125153825
454 125153877 125153877 125153877
455 125153927 125153928 125153927
456 125153964 125153964 125153964
457 125154024 125154024 125154024
458 125154071 125154071 125154071
459 125154126 125154126 125154126
460 125154175 125154176 125154175
461 125154228 125154228 125154228
462 125154275 125154276 125154275
463 125154328 125154328 125154328
464 125154377 125154377 125154377
465 125154429 125154429 125154429
466 125154478 125154479 125154478
467 125154531 125154531 125154531
468 125154580 125154580 125154580
469 125154629 125154629 125154629
470 125154665 125154666 125154665
471 125154718 125154718 125154718
472 125154769 125154769 125154769
473 125154827 125154828 125154827
474 125154875 125154876 125154875
475 125154928 125154928 125154928
476 125154964 125154964 125154964
477 125155016 125155016 125155016
478 125155070 125155071 125155070
479 125155127 125155127 125155127
480 125155183 125155183 125155183
481 125155233 125155233 125155233
482 125155282 125155283 125155282
483 125155331 125155331 125155331
484 125155364 125155364 125155364
485 125155424 125155425 125155424
486 125155475 125155475 125155475
487 125155527 125155529 125155527
488 125155571 125155571 125155571
489 125155614 125155614 125155614
490 125155679 125155679 125155679
491 125155719 125155720 125155719
492 125155764 125155764 125155764
493 125155817 125155817 125155817
494 125155877 125155877 125155877
495 125155928 125155928 125155928
496 125155965 125155965 125155965
497 125156029 125156029 125156029
498 125156065 125156065 125156065
499 125156116 125156116 125156116
500 125156167 125156168 125156167
501 125156221 125156221 125156221
502 125156275 125156275 125156275
503 125156326 125156327 125156326
504 125156378 125156378 125156378
505 125156416 125156416 125156416
506 125156475 125156475 125156475
507 125156526 125156526 125156526
508 125156581 125156581 125156581
509 125156632 125156632 125156632
510 125156681 125156681 125156681
511 125156729 125156729 125156729
512 125156780 125156780 125156780
513 125156828 125156829 125156828
514 125156881 125156881 125156881
515 125156929 125156929 125156929
516 125156976 125156976 125156976
517 125157019 125157020 125157019
518 125157074 125157074 125157074
519 125157125 125157126 125157125
520 125157179 125157179 125157179
521 125157230 125157230 125157230
522 125157279 125157279 125157279
523 125157328 125157328 125157328
524 125157377 125157378 125157377
525 125157425 125157425 125157425
526 125157477 125157478 125157477
527 125157527 125157527 125157527
528 125157566 125157566 125157566
529 125157625 125157625 125157625
530 125157675 125157676 125157675
531 125157728 125157728 125157728
532 125157778 125157778 125157778
533 125157814 125157814 125157814
534 125157883 125157884 125157883
535 125157926 125157927 125157926
536 125157966 125157966 125157966
537 125158026 125158027 125158026
538 125158081 125158081 125158081
539 125158114 125158114 125158114
540 125158170 125158171 125158170
541 125158227 125158228 125158227
542 125158281 125158281 125158281
543 125158329 125158330 125158329
544 125158374 125158375 125158374
545 125158415 125158415 125158415
546 125158464 125158464 125158464
547 125158516 125158516 125158516
548 125158582 125158582 125158582
549 125158617 125158617 125158617
550 125158677 125158677 125158677
551 125158726 125158726 125158726
552 125158778 125158778 125158778
553 125158825 125158825 125158825
554 125158876 125158878 125158876
555 125158928 125158928 125158928
556 125158978 125158978 125158978
557 125159030 125159030 125159030
558 125159075 125159075 125159075
559 125159127 125159127 125159127
560 125159178 125159179 125159178
561 125159215 125159216 125159215
562 125159267 125159267 125159267
563 125159324 125159325 125159324
564 125159377 125159377 125159377
565 125159425 125159426 125159425
566 125159481 125159481 125159481
567 125159526 125159526 125159526
568 125159579 125159579 125159579
569 125159629 125159629 125159629
570 125159668 125159670 125159668
571 125159719 125159720 125159719
572 125159859 125159859 125159859
573 125159860 125159860 125159860
574 125159882 125159882 125159882
575 125159931 125159932 125159931
576 125159977 125159978 125159977
577 125200069 125200145 125200069
578 125200147 125200149 125200147
579 125200150 125200150 125200150
580 125200164 125200164 125200164
581 125200220 125200220 125200220
582 125200275 125200276 125200275
583 125200328 125200329 125200328
584 125200375 125200375 125200375
585 125200428 125200428 125200428
586 125200463 125200464 125200463
587 125200528 125200528 125200528
588 125200579 125200579 125200579
589 125200630 125200631 125200630
590 125200680 125200680 125200680
591 125200735 125200735 125200735
592 125200765 125200765 125200765
593 125200820 125200820 125200820
594 125200870 125200870 125200870
595 125200929 125200929 125200929
596 125200983 125200984 125200983
597 125201016 125201017 125201016
598 125201069 125201070 125201069
599 125201120 125201120 125201120
600 125201174 125201175 125201174
601 125201227 125201227 125201227
602 125201276 125201276 125201276
603 125201327 125201329 125201327
604 125201378 125201378 125201378
605 125201423 125201423 125201423
606 125201470 125201471 125201470
607 125201526 125201527 125201526
608 125201579 125201579 125201579
609 125201616 125201617 125201616
610 125201674 125201674 125201674
611 125201728 125201729 125201728
612 125201782 125201782 125201782
613 125201816 125201816 125201816
614 125201871 125201871 125201871
615 125201920 125201920 125201920
616 125201977 125201977 125201977
617 125202024 125202025 125202024
618 125202079 125202079 125202079
619 125202126 125202127 125202126
620 125202180 125202181 125202180
621 125202225 125202225 125202225
622 125202277 125202278 125202277
623 125202332 125202333 125202332
624 125202365 125202365 125202365
625 125202421 125202421 125202421
626 125202477 125202478 125202477
627 125202528 125202528 125202528
628 125202576 125202576 125202576
629 125202632 125202632 125202632
630 125202664 125202665 125202664
631 125202718 125202718 125202718
632 125202768 125202769 125202768
633 125202827 125202827 125202827
634 125202879 125202879 125202879
635 125202928 125202928 125202928
636 125202967 125202967 125202967
637 125203025 125203025 125203025
638 125203075 125203076 125203075
639 125203114 125203114 125203114
640 125203179 125203179 125203179
641 125203230 125203230 125203230
642 125203266 125203267 125203266
643 125203319 125203319 125203319
644 125203380 125203380 125203380
645 125203432 125203433 125203432
646 125203464 125203465 125203464
647 125203517 125203518 125203517
648 125203580 125203580 125203580
649 125203629 125203629 125203629
650 125203665 125203665 125203665
651 125203716 125203717 125203716
652 125203774 125203775 125203774
653 125203821 125203826 125203821
654 125203877 125203877 125203877
655 125203914 125203915 125203914
656 125203976 125203976 125203976
657 125204030 125204030 125204030
658 125204079 125204079 125204079
659 125204130 125204130 125204130
660 125204177 125204177 125204177
661 125204226 125204226 125204226
662 125204277 125204278 125204277
663 125204324 125204324 125204324
664 125204376 125204378 125204376
665 125204428 125204429 125204428
666 125204476 125204477 125204476
667 125204515 125204515 125204515
668 125204576 125204576 125204576
669 125204615 125204615 125204615
670 125204678 125204678 125204678
671 125204729 125204729 125204729
672 125204776 125204776 125204776
673 125204826 125204827 125204826
674 125204879 125204879 125204879
675 125204926 125204927 125204926
676 125204984 125204984 125204984
677 125205033 125205034 125205033
678 125205067 125205067 125205067
679 125205116 125205116 125205116
680 125205170 125205171 125205170
681 125205226 125205226 125205226
682 125205275 125205276 125205275
683 125205328 125205342 125205328
684 125205370 125205370 125205370
685 125205429 125205429 125205429
686 125205476 125205476 125205476
687 125205526 125205526 125205526
688 125205577 125205577 125205577
689 125205627 125205627 125205627
690 125205665 125205665 125205665
691 125205717 125205717 125205717
692 125205770 125205770 125205770
693 125205825 125205826 125205825
694 125205878 125205878 125205878
695 125205927 125205927 125205927
696 125205978 125205979 125205978
697 125206018 125206018 125206018
698 125206074 125206074 125206074
699 125206121 125206121 125206121
700 125206179 125206179 125206179
701 125206231 125206231 125206231
702 125206278 125206278 125206278
703 125206332 125206332 125206332
704 125206380 125206380 125206380
705 125206421 125206425 125206421
706 125206475 125206476 125206475
707 125206527 125206528 125206527
708 125206574 125206575 125206574
709 125206627 125206628 125206627
710 125206678 125206678 125206678
711 125206728 125206728 125206728
712 125206777 125206777 125206777
713 125206828 125206829 125206828
714 125206878 125206878 125206878
715 125206928 125206929 125206928
716 125206983 125206983 125206983
717 125207025 125207026 125207025
718 125207078 125207079 125207078
719 125207114 125207114 125207114
720 125207165 125207165 125207165
721 125207219 125207220 125207219
722 125207276 125207276 125207276
723 125207328 125207328 125207328
724 125207378 125207379 125207378
725 125207417 125207417 125207417
726 125207471 125207474 125207471
727 125207529 125207529 125207529
728 125207581 125207581 125207581
729 125207617 125207617 125207617
730 125207680 125207680 125207680
731 125207733 125207734 125207733
732 125207765 125207765 125207765
733 125207821 125207824 125207821
734 125207871 125207875 125207871
735 125207926 125207926 125207926
736 125207970 125207971 125207970
737 125208027 125208027 125208027
738 125208076 125208076 125208076
739 125208128 125208128 125208128
740 125208175 125208175 125208175
741 125208229 125208229 125208229
742 125208279 125208279 125208279
743 125208326 125208326 125208326
744 125208381 125208381 125208381
745 125208427 125208428 125208427
746 125208475 125208478 125208475
747 125208514 125208514 125208514
748 125208567 125208567 125208567
749 125208626 125208627 125208626
750 125208664 125208666 125208664
751 125208718 125208718 125208718
752 125208770 125208770 125208770
753 125208829 125208829 125208829
754 125208877 125208877 125208877
755 125208929 125208930 125208929
756 125208983 125208983 125208983
757 125209032 125209033 125209032
758 125209064 125209065 125209064
759 125209114 125209114 125209114
760 125209175 125209175 125209175
761 125209226 125209226 125209226
762 125209274 125209276 125209274
763 125209327 125209327 125209327
764 125209376 125209376 125209376
765 125209421 125209426 125209421
766 125209477 125209478 125209477
767 125209529 125209530 125209529
768 125209565 125209565 125209565
769 125209625 125209625 125209625
770 125209669 125209669 125209669
771 125209726 125209727 125209726
772 125209768 125209768 125209768
773 125209827 125209827 125209827
774 125209879 125209880 125209879
775 125209931 125209931 125209931
776 125209966 125209966 125209966
777 125210027 125210029 125210027
778 125210076 125210076 125210076
779 125210128 125210128 125210128
780 125210176 125210176 125210176
781 125210228 125210228 125210228
782 125210275 125210276 125210275
783 125210326 125210327 125210326
784 125210380 125210381 125210380
785 125210428 125210428 125210428
786 125210471 125210478 125210471
787 125210529 125210529 125210529
788 125210581 125210581 125210581
789 125210616 125210616 125210616
790 125210679 125210679 125210679
791 125210715 125210715 125210715
792 125210767 125210767 125210767
793 125210820 125210820 125210820
794 125210876 125210877 125210876
795 125210926 125210928 125210926
796 125210975 125210976 125210975
797 125211029 125211030 125211029
798 125211078 125211078 125211078
799 125211126 125211126 125211126
800 125211177 125211177 125211177
801 125211226 125211226 125211226
802 125211276 125211278 125211276
803 125211314 125211314 125211314
804 125211368 125211368 125211368
805 125211426 125211426 125211426
806 125211477 125211477 125211477
807 125211529 125211530 125211529
808 125211578 125211578 125211578
809 125211630 125211630 125211630
810 125211665 125211666 125211665
811 125211724 125211732 125211724
812 125211779 125211779 125211779
813 125211829 125211830 125211829
814 125211877 125211878 125211877
815 125211928 125211928 125211928
816 125211982 125211983 125211982
817 125212019 125212020 125212019
818 125212070 125212071 125212070
819 125212127 125212127 125212127
820 125212175 125212175 125212175
821 125212214 125212214 125212214
822 125212264 125212264 125212264
823 125212316 125212316 125212316
824 125212364 125212365 125212364
825 125212426 125212426 125212426
826 125212478 125212478 125212478
827 125212526 125212526 125212526
828 125212579 125212579 125212579
829 125212626 125212626 125212626
830 125212666 125212666 125212666
831 125212714 125212714 125212714
832 125212779 125212780 125212779
833 125212829 125212829 125212829
834 125212877 125212877 125212877
835 125212929 125212929 125212929
836 125212976 125212976 125212976
837 125213018 125213018 125213018
838 125213075 125213075 125213075
839 125213126 125213126 125213126
840 125213181 125213181 125213181
841 125213233 125213233 125213233
842 125213265 125213265 125213265
843 125213315 125213315 125213315
844 125213367 125213367 125213367
845 125213427 125213427 125213427
846 125213480 125213480 125213480
847 125213529 125213531 125213529
848 125213576 125213576 125213576
849 125213633 125213633 125213633
850 125213678 125213678 125213678
851 125213715 125213715 125213715
852 125213769 125213769 125213769
853 125213821 125213821 125213821
854 125213878 125213878 125213878
855 125213926 125213927 125213926
856 125213970 125213970 125213970
857 125214028 125214028 125214028
858 125214080 125214080 125214080
859 125214114 125214114 125214114
860 125214178 125214178 125214178
861 125214229 125214229 125214229
862 125214275 125214275 125214275
863 125214327 125214327 125214327
864 125214376 125214377 125214376
865 125214416 125214417 125214416
866 125214468 125214468 125214468
867 125214520 125214520 125214520
868 125214579 125214580 125214579
869 125214627 125214627 125214627
870 125214680 125214680 125214680
871 125214734 125214734 125214734
872 125214768 125214768 125214768
873 125214826 125214826 125214826
874 125214877 125214878 125214877
875 125214929 125214930 125214929
876 125214978 125214979 125214978
877 125215017 125215017 125215017
878 125215075 125215076 125215075
879 125215126 125215126 125215126
880 125215176 125215176 125215176
881 125215226 125215226 125215226
882 125215280 125215280 125215280
883 125215327 125215327 125215327
884 125215377 125215377 125215377
885 125215414 125215414 125215414
886 125215468 125215468 125215468
887 125215519 125215520 125215519
888 125215576 125215576 125215576
889 125215627 125215627 125215627
890 125215676 125215676 125215676
891 125215716 125215716 125215716
892 125215775 125215775 125215775
893 125215826 125215826 125215826
894 125215880 125215880 125215880
895 125215914 125215916 125215914
896 125215969 125215969 125215969
897 125216015 125216015 125216015
898 125216075 125216075 125216075
899 125216127 125216127 125216127
900 125216177 125216181 125216177
901 125216231 125216231 125216231
902 125216268 125216268 125216268
903 125216328 125216328 125216328
904 125216379 125216379 125216379
905 125216425 125216425 125216425
906 125216477 125216477 125216477
907 125216524 125216525 125216524
908 125216578 125216578 125216578
909 125216626 125216626 125216626
910 125216665 125216666 125216665
911 125216719 125216719 125216719
912 125216777 125216777 125216777
913 125216826 125216827 125216826
914 125216876 125216877 125216876
915 125216915 125216915 125216915
916 125216985 125216985 125216985
917 125217027 125217027 125217027
918 125217063 125217064 125217063
919 125217115 125217115 125217115
920 125217171 125217171 125217171
921 125217227 125217227 125217227
922 125217278 125217278 125217278
923 125217326 125217326 125217326
924 125217381 125217381 125217381
925 125217425 125217425 125217425
926 125217479 125217479 125217479
927 125217528 125217528 125217528
928 125217579 125217579 125217579
929 125217628 125217629 125217628
930 125217680 125217680 125217680
931 125217715 125217715 125217715
932 125217766 125217766 125217766
933 125217818 125217819 125217818
934 125217876 125217876 125217876
935 125217927 125217927 125217927
936 125217976 125217976 125217976
937 125218027 125218027 125218027
938 125218080 125218080 125218080
939 125218126 125218127 125218126
940 125218179 125218179 125218179
941 125218225 125218225 125218225
942 125218276 125218276 125218276
943 125218329 125218330 125218329
944 125218377 125218377 125218377
945 125218417 125218417 125218417
946 125218476 125218477 125218476
947 125218528 125218529 125218528
948 125218576 125218576 125218576
949 125218630 125218630 125218630
950 125218678 125218679 125218678
951 125218728 125218728 125218728
952 125218781 125218781 125218781
953 125218828 125218828 125218828
954 125218879 125218879 125218879
955 125218928 125218928 125218928
956 125218979 125218979 125218979
957 125219030 125219030 125219030
958 125219079 125219079 125219079
959 125219129 125219129 125219129
960 125219174 125219174 125219174
961 125219221 125219226 125219221
962 125219276 125219276 125219276
963 125219326 125219327 125219326
964 125219376 125219376 125219376
965 125219426 125219427 125219426
966 125219478 125219478 125219478
967 125219525 125219525 125219525
968 125219578 125219579 125219578
969 125219626 125219627 125219626
970 125219680 125219680 125219680
971 125219715 125219715 125219715
972 125219769 125219770 125219769
973 125219820 125219820 125219820
974 125219877 125219878 125219877
975 125219926 125219926 125219926
976 125219977 125219977 125219977
977 125220015 125220015 125220015
978 125220066 125220067 125220066
979 125220115 125220115 125220115
980 125220297 125220298 125220297
981 125220298 125220298 125220298
982 125220299 125220299 125220299
983 125220313 125220313 125220313
984 125220366 125220366 125220366
985 125220417 125220418 125220417
986 125220477 125220477 125220477
987 125220529 125220529 125220529
988 125220579 125220579 125220579
989 125220630 125220630 125220630
990 125220677 125220678 125220677
991 125220726 125220727 125220726
992 125220766 125220767 125220766
993 125220824 125220824 125220824
994 125220870 125220871 125220870
995 125220927 125220927 125220927
996 125220979 125220979 125220979
997 125221028 125221029 125221028
998 125221080 125221081 125221080
999 125221127 125221127 125221127
1000 125221171 125221171 125221171
1001 125221229 125221229 125221229
1002 125221274 125221274 125221274
1003 125221325 125221325 125221325
1004 125221377 125221377 125221377
1005 125221426 125221426 125221426
1006 125221478 125221478 125221478
1007 125221526 125221527 125221526
1008 125221578 125221578 125221578
1009 125221627 125221627 125221627
1010 125221679 125221679 125221679
1011 125221727 125221727 125221727
1012 125221781 125221782 125221781
1013 125221815 125221815 125221815
1014 125221883 125221883 125221883
1015 125221914 125221914 125221914
1016 125221975 125221975 125221975
1017 125222018 125222018 125222018
1018 125222068 125222068 125222068
1019 125222126 125222127 125222126
1020 125222171 125222176 125222171
1021 125222226 125222226 125222226
1022 125222271 125222275 125222271
1023 125222326 125222326 125222326
1024 125222375 125222376 125222375
1025 125222430 125222430 125222430
1026 125222479 125222481 125222479
1027 125222528 125222528 125222528
1028 125222577 125222577 125222577
1029 125222629 125222629 125222629
1030 125222677 125222677 125222677
1031 125222726 125222727 125222726
1032 125222778 125222778 125222778
1033 125222828 125222828 125222828
1034 125222879 125222879 125222879
1035 125222927 125222928 125222927
1036 125222979 125222980 125222979
1037 125223028 125223028 125223028
1038 125223081 125223081 125223081
1039 125223127 125223127 125223127
1040 125223177 125223177 125223177
1041 125223232 125223232 125223232
1042 125223266 125223266 125223266
1043 125223318 125223318 125223318
1044 125223376 125223376 125223376
1045 125223417 125223417 125223417
1046 125223478 125223478 125223478
1047 125223526 125223526 125223526
1048 125223578 125223578 125223578
1049 125223625 125223625 125223625
1050 125223675 125223675 125223675
1051 125223726 125223727 125223726
1052 125223777 125223777 125223777
1053 125223829 125223830 125223829
1054 125223878 125223879 125223878
1055 125223927 125223927 125223927
1056 125223977 125223977 125223977
1057 125224014 125224014 125224014
1058 125224075 125224075 125224075
1059 125224125 125224126 125224125
1060 125224164 125224164 125224164
1061 125224228 125224228 125224228
1062 125224278 125224279 125224278
1063 125224314 125224314 125224314
1064 125224371 125224371 125224371
1065 125224426 125224426 125224426
1066 125224476 125224477 125224476
1067 125224528 125224529 125224528
1068 125224576 125224578 125224576
1069 125224628 125224628 125224628
1070 125224677 125224677 125224677
1071 125224721 125224729 125224721
1072 125224779 125224779 125224779
1073 125224820 125224820 125224820
1074 125224876 125224876 125224876
1075 125224929 125224929 125224929
1076 125224964 125224964 125224964
1077 125225015 125225015 125225015
1078 125225070 125225071 125225070
1079 125225126 125225126 125225126
1080 125225177 125225177 125225177
1081 125225228 125225229 125225228
1082 125225275 125225275 125225275
1083 125225328 125225329 125225328
1084 125225376 125225377 125225376
1085 125225427 125225428 125225427
1086 125225478 125225479 125225478
1087 125225524 125225525 125225524
1088 125225576 125225577 125225576
1089 125225625 125225626 125225625
1090 125225666 125225666 125225666
1091 125225729 125225729 125225729
1092 125225765 125225765 125225765
1093 125225826 125225826 125225826
1094 125225878 125225880 125225878
1095 125225916 125225916 125225916
1096 125225979 125225980 125225979
1097 125226014 125226015 125226014
1098 125226067 125226067 125226067
1099 125226121 125226121 125226121
1100 125226179 125226179 125226179
1101 125226225 125226226 125226225
1102 125226276 125226277 125226276
1103 125226321 125226321 125226321
1104 125226378 125226379 125226378
1105 125226427 125226427 125226427
1106 125226474 125226474 125226474
1107 125226527 125226527 125226527
1108 125226576 125226577 125226576
1109 125226628 125226628 125226628
1110 125226676 125226677 125226676
1111 125226728 125226728 125226728
1112 125226777 125226777 125226777
1113 125226814 125226815 125226814
1114 125226877 125226877 125226877
1115 125226921 125226921 125226921
1116 125226976 125226977 125226976
1117 125227025 125227025 125227025
1118 125227078 125227079 125227078
1119 125227126 125227126 125227126
1120 125227179 125227180 125227179
1121 125227226 125227226 125227226
1122 125227276 125227276 125227276
1123 125227328 125227329 125227328
1124 125227377 125227377 125227377
1125 125227429 125227429 125227429
1126 125227481 125227481 125227481
1127 125227514 125227514 125227514
1128 125227567 125227567 125227567
1129 125227626 125227626 125227626
1130 125227677 125227677 125227677
1131 125227726 125227727 125227726
1132 125227780 125227780 125227780
1133 125227828 125227828 125227828
1134 125227864 125227864 125227864
1135 125227916 125227917 125227916
1136 125227971 125227971 125227971
1137 125228027 125228027 125228027
1138 125228076 125228076 125228076
1139 125228128 125228128 125228128
1140 125228175 125228175 125228175
1141 125228229 125228229 125228229
1142 125228277 125228277 125228277
1143 125228321 125228321 125228321
1144 125228377 125228378 125228377
1145 125228425 125228425 125228425
1146 125228477 125228477 125228477
1147 125228528 125228528 125228528
1148 125228565 125228565 125228565
1149 125228614 125228614 125228614
1150 125228683 125228684 125228683
1151 125228719 125228720 125228719
1152 125228776 125228777 125228776
1153 125228830 125228830 125228830
1154 125228886 125228886 125228886
1155 125228916 125228916 125228916
1156 125228970 125228970 125228970
1157 125229031 125229031 125229031
1158 125229063 125229063 125229063
1159 125229131 125229131 125229131
1160 125229164 125229164 125229164
1161 125229225 125229225 125229225
1162 125229274 125229275 125229274
1163 125229327 125229327 125229327
1164 125229377 125229379 125229377
1165 125229414 125229415 125229414
1166 125229463 125229463 125229463
1167 125229519 125229519 125229519
1168 125229576 125229576 125229576
1169 125229627 125229627 125229627
1170 125229664 125229664 125229664
1171 125229721 125229721 125229721
1172 125229770 125229770 125229770
1173 125229831 125229833 125229831
1174 125229865 125229866 125229865
1175 125229917 125229917 125229917
1176 125229977 125229977 125229977
1177 125230015 125230016 125230015
1178 125230068 125230068 125230068
1179 125230128 125230129 125230128
1180 125230175 125230176 125230175
1181 125230228 125230229 125230228
1182 125230278 125230278 125230278
1183 125230329 125230329 125230329
1184 125230379 125230379 125230379
1185 125230428 125230429 125230428
1186 125230479 125230479 125230479
1187 125230528 125230528 125230528
1188 125230575 125230581 125230575
1189 125230625 125230625 125230625
1190 125230675 125230675 125230675
1191 125230725 125230727 125230725
1192 125230776 125230776 125230776
1193 125230827 125230828 125230827
1194 125230880 125230881 125230880
1195 125230916 125230916 125230916
1196 125230971 125230974 125230971
1197 125231027 125231027 125231027
1198 125231077 125231079 125231077
1199 125231128 125231128 125231128
1200 125231163 125231164 125231163
1201 125231227 125231228 125231227
1202 125231274 125231278 125231274
1203 125231326 125231326 125231326
1204 125231377 125231380 125231377
1205 125231427 125231427 125231427
1206 125231486 125231486 125231486
1207 125231518 125231518 125231518
1208 125231575 125231575 125231575
1209 125231625 125231625 125231625
1210 125231685 125231685 125231685
1211 125231718 125231718 125231718
1212 125231777 125231777 125231777
1213 125231826 125231826 125231826
1214 125231881 125231881 125231881
1215 125231930 125231930 125231930
1216 125231979 125231980 125231979
1217 125232036 125232036 125232036
1218 125232071 125232071 125232071
1219 125232126 125232126 125232126
1220 125232177 125232178 125232177
1221 125232227 125232227 125232227
1222 125232277 125232277 125232277
1223 125232328 125232329 125232328
1224 125232376 125232376 125232376
1225 125232425 125232425 125232425
1226 125232464 125232464 125232464
1227 125232518 125232518 125232518
1228 125232576 125232577 125232576
1229 125232627 125232627 125232627
1230 125232678 125232678 125232678
1231 125232728 125232728 125232728
1232 125232776 125232776 125232776
1233 125232827 125232828 125232827
1234 125232883 125232883 125232883
1235 125232915 125232915 125232915
1236 125232970 125232970 125232970
1237 125233026 125233028 125233026
1238 125233078 125233078 125233078
1239 125233126 125233126 125233126
1240 125233179 125233179 125233179
1241 125233228 125233229 125233228
1242 125233265 125233265 125233265
1243 125233314 125233315 125233314
1244 125233366 125233366 125233366
1245 125233433 125233434 125233433
1246 125233465 125233465 125233465
1247 125233517 125233518 125233517
1248 125233571 125233571 125233571
1249 125233620 125233620 125233620
1250 125233676 125233677 125233676
1251 125233730 125233730 125233730
1252 125233776 125233776 125233776
1253 125233825 125233825 125233825
1254 125233879 125233879 125233879
1255 125233950 125233951 125233950
1256 125233965 125233966 125233965
1257 125234028 125234028 125234028
1258 125234066 125234066 125234066
1259 125234120 125234120 125234120
1260 125234176 125234178 125234176
1261 125234228 125234232 125234228
1262 125234265 125234265 125234265
1263 125234320 125234321 125234320
1264 125234376 125234376 125234376
1265 125234430 125234430 125234430
1266 125234477 125234477 125234477
1267 125234517 125234518 125234517
1268 125234575 125234576 125234575
1269 125234626 125234626 125234626
1270 125234681 125234681 125234681
1271 125234714 125234714 125234714
1272 125234770 125234770 125234770
1273 125234827 125234830 125234827
1274 125234882 125234883 125234882
1275 125234915 125234915 125234915
1276 125234969 125234970 125234969
1277 125235019 125235019 125235019
1278 125235076 125235076 125235076
1279 125235131 125235131 125235131
1280 125235179 125235180 125235179
1281 125235218 125235218 125235218
1282 125235279 125235279 125235279
1283 125235326 125235327 125235326
1284 125235379 125235379 125235379
1285 125235428 125235429 125235428
1286 125235477 125235477 125235477
1287 125235529 125235529 125235529
1288 125235575 125235576 125235575
1289 125235628 125235628 125235628
1290 125235676 125235676 125235676
1291 125235730 125235730 125235730
1292 125235775 125235775 125235775
1293 125235826 125235826 125235826
1294 125235876 125235878 125235876
1295 125235916 125235916 125235916
1296 125235978 125235978 125235978
1297 125236031 125236033 125236031
1298 125236066 125236066 125236066
1299 125236126 125236126 125236126
1300 125236170 125236170 125236170
1301 125236226 125236226 125236226
1302 125236276 125236276 125236276
1303 125236328 125236328 125236328
1304 125236377 125236377 125236377
1305 125236425 125236428 125236425
1306 125236464 125236464 125236464
1307 125236518 125236518 125236518
1308 125236568 125236569 125236568
1309 125236621 125236621 125236621
1310 125236676 125236676 125236676
1311 125236727 125236727 125236727
1312 125236764 125236764 125236764
1313 125236818 125236818 125236818
1314 125236877 125236880 125236877
1315 125236928 125236928 125236928
1316 125236967 125236967 125236967
1317 125237033 125237034 125237033
1318 125237065 125237066 125237065
1319 125237119 125237120 125237119
1320 125237177 125237177 125237177
1321 125237229 125237230 125237229
1322 125237277 125237277 125237277
1323 125237332 125237333 125237332
1324 125237382 125237382 125237382
1325 125237415 125237415 125237415
1326 125237468 125237468 125237468
1327 125237521 125237524 125237521
1328 125237571 125237571 125237571
1329 125237631 125237632 125237631
1330 125237677 125237678 125237677
1331 125237715 125237716 125237715
1332 125237777 125237777 125237777
1333 125237821 125237824 125237821
1334 125237876 125237876 125237876
1335 125237916 125237916 125237916
1336 125237977 125237977 125237977
1337 125238026 125238026 125238026
1338 125238080 125238081 125238080
1339 125238114 125238114 125238114
1340 125238169 125238170 125238169
1341 125238225 125238225 125238225
1342 125238276 125238276 125238276
1343 125238327 125238327 125238327
1344 125238376 125238376 125238376
1345 125238430 125238431 125238430
1346 125238476 125238476 125238476
1347 125238529 125238529 125238529
1348 125238575 125238576 125238575
1349 125238626 125238626 125238626
1350 125238680 125238680 125238680
1351 125238726 125238726 125238726
1352 125238770 125238771 125238770
1353 125238828 125238828 125238828
1354 125238879 125238879 125238879
1355 125238926 125238926 125238926
1356 125238978 125238978 125238978
1357 125239015 125239016 125239015
1358 125239074 125239074 125239074
1359 125239121 125239121 125239121
1360 125239176 125239176 125239176
1361 125239224 125239225 125239224
1362 125239276 125239277 125239276
1363 125239327 125239328 125239327
1364 125239378 125239379 125239378
1365 125239426 125239426 125239426
1366 125239480 125239480 125239480
1367 125239528 125239528 125239528
1368 125239566 125239566 125239566
1369 125239626 125239626 125239626
1370 125239675 125239675 125239675
1371 125239728 125239729 125239728
1372 125239766 125239766 125239766
1373 125239821 125239826 125239821
1374 125239877 125239877 125239877
1375 125239933 125239933 125239933
1376 125239968 125239968 125239968
1377 125240026 125240026 125240026
1378 125240081 125240081 125240081
1379 125240133 125240133 125240133
1380 125240165 125240165 125240165
1381 125240214 125240214 125240214
1382 125240269 125240271 125240269
1383 125240324 125240324 125240324
1384 125240376 125240376 125240376
1385 125240427 125240427 125240427
1386 125240477 125240477 125240477
1387 125240607 125240608 125240607
1388 125240608 125240608 125240608
1389 125240633 125240633 125240633
1390 125240694 125240702 125240694
1391 125240719 125240719 125240719
1392 125240777 125240778 125240777
1393 125240825 125240825 125240825
1394 125240878 125240879 125240878
1395 125240928 125240935 125240928
1396 125240970 125240970 125240970
1397 125241014 125241015 125241014
1398 125241071 125241071 125241071
1399 125241121 125241126 125241121
1400 125241163 125241163 125241163
