1 113654117 113654118 113654117
2 113654125 113654125 113654125
3 113654204 113654204 113654204
4 113654231 113654231 113654231
5 113654280 113654281 113654280
6 113654325 113654326 113654325
7 113654384 113654388 113654384
8 113654432 113654433 113654432
9 113654475 113654476 113654475
10 113654523 113654524 113654523
11 113654585 113654585 113654585
12 113654625 113654626 113654625
13 113654685 113654686 113654685
14 113654725 113654726 113654725
15 113654790 113654790 113654790
16 113654832 113654833 113654832
17 113654873 113654873 113654873
18 113654939 113654939 113654939
19 113654974 113654975 113654974
20 113655026 113655030 113655026
21 113655080 113655080 113655080
22 113655137 113655138 113655137
23 113655176 113655176 113655176
24 113655232 113655233 113655232
25 113655286 113655286 113655286
26 113655335 113655335 113655335
27 113655385 113655385 113655385
28 113655430 113655430 113655430
29 113655483 113655483 113655483
30 113655530 113655530 113655530
31 113655581 113655583 113655581
32 113655631 113655632 113655631
33 113655682 113655682 113655682
34 113655735 113655735 113655735
35 113655782 113655782 113655782
36 113655836 113655837 113655836
37 113655872 113655873 113655872
38 113655935 113655935 113655935
39 113655986 113655986 113655986
40 113656041 113656041 113656041
41 113656085 113656086 113656085
42 113656124 113656124 113656124
43 113656189 113656190 113656189
44 113656232 113656232 113656232
45 113656284 113656284 113656284
46 113656333 113656333 113656333
47 113656387 113656387 113656387
48 113656436 113656436 113656436
49 113656491 113656491 113656491
50 113656526 113656527 113656526
51 113656582 113656582 113656582
52 113656641 113656641 113656641
53 113656674 113656676 113656674
54 113656729 113656729 113656729
55 113656790 113656790 113656790
56 113656843 113656846 113656843
57 113656874 113656874 113656874
58 113656931 113656932 113656931
59 113656984 113656984 113656984
60 113657031 113657032 113657031
61 113657080 113657081 113657080
62 113657134 113657134 113657134
63 113657187 113657187 113657187
64 113657236 113657236 113657236
65 113657285 113657285 113657285
66 113657323 113657323 113657323
67 113657374 113657374 113657374
68 113657427 113657427 113657427
69 113657484 113657484 113657484
70 113657531 113657531 113657531
71 113657582 113657582 113657582
72 113657632 113657632 113657632
73 113657681 113657684 113657681
74 113657732 113657732 113657732
75 113657782 113657784 113657782
76 113657841 113657842 113657841
77 113657879 113657879 113657879
78 113657934 113657935 113657934
79 113657992 113657993 113657992
80 113658037 113658037 113658037
81 113658084 113658084 113658084
82 113658124 113658124 113658124
83 113658180 113658180 113658180
84 113658232 113658232 113658232
85 113658284 113658285 113658284
86 113658334 113658334 113658334
87 113658385 113658385 113658385
88 113658431 113658432 113658431
89 113658481 113658481 113658481
90 113658536 113658537 113658536
91 113658587 113658588 113658587
92 113658638 113658638 113658638
93 113658672 113658673 113658672
94 113658734 113658734 113658734
95 113658787 113658788 113658787
96 113658824 113658824 113658824
97 113658882 113658882 113658882
98 113658932 113658933 113658932
99 113658984 113658984 113658984
100 113659033 113659033 113659033
101 113659081 113659083 113659081
102 113659132 113659133 113659132
103 113659189 113659189 113659189
104 113659238 113659239 113659238
105 113659276 113659276 113659276
106 113659334 113659334 113659334
107 113659384 113659384 113659384
108 113659436 113659437 113659436
109 113659483 113659484 113659483
110 113659530 113659530 113659530
111 113659582 113659582 113659582
112 113659627 113659629 113659627
113 113659682 113659683 113659682
114 113659733 113659733 113659733
115 113659780 113659780 113659780
116 113659832 113659832 113659832
117 113659880 113659880 113659880
118 113659933 113659933 113659933
119 113659980 113659980 113659980
120 113700114 113700114 113700114
121 113700114 113700114 113700114
122 113700136 113700136 113700136
123 113700184 113700184 113700184
124 113700231 113700231 113700231
125 113700283 113700283 113700283
126 113700331 113700332 113700331
127 113700383 113700384 113700383
128 113700431 113700431 113700431
129 113700483 113700484 113700483
130 113700533 113700534 113700533
131 113700582 113700582 113700582
132 113700635 113700635 113700635
133 113700691 113700691 113700691
134 113700723 113700723 113700723
135 113700781 113700781 113700781
136 113700835 113700835 113700835
137 113700884 113700884 113700884
138 113700930 113700931 113700930
139 113701006 113701007 113701006
140 113701024 113701024 113701024
141 113701106 113701119 113701106
142 113701131 113701131 113701131
143 113701173 113701173 113701173
144 113701233 113701233 113701233
145 113701282 113701283 113701282
146 113701333 113701333 113701333
147 113701384 113701384 113701384
148 113701434 113701434 113701434
149 113701483 113701483 113701483
150 113701536 113701536 113701536
151 113701585 113701585 113701585
152 113701627 113701629 113701627
153 113701686 113701686 113701686
154 113701732 113701732 113701732
155 113701777 113701780 113701777
156 113701833 113701833 113701833
157 113701873 113701874 113701873
158 113701932 113701932 113701932
159 113701981 113701981 113701981
160 113702034 113702034 113702034
161 113702081 113702081 113702081
162 113702133 113702134 113702133
163 113702185 113702186 113702185
164 113702238 113702238 113702238
165 113702286 113702286 113702286
166 113702325 113702325 113702325
167 113702383 113702383 113702383
168 113702431 113702432 113702431
169 113702484 113702485 113702484
170 113702532 113702532 113702532
171 113702584 113702584 113702584
172 113702634 113702634 113702634
173 113702681 113702681 113702681
174 113702733 113702733 113702733
175 113702782 113702782 113702782
176 113702836 113702836 113702836
177 113702888 113702888 113702888
178 113702937 113702938 113702937
179 113702986 113702987 113702986
180 113703029 113703029 113703029
181 113703082 113703082 113703082
182 113703131 113703132 113703131
183 113703187 113703188 113703187
184 113703223 113703223 113703223
185 113703276 113703276 113703276
186 113703343 113703343 113703343
187 113703373 113703374 113703373
188 113703431 113703431 113703431
189 113703481 113703482 113703481
190 113703535 113703535 113703535
191 113703584 113703584 113703584
192 113703635 113703635 113703635
193 113703685 113703685 113703685
194 113703733 113703736 113703733
195 113703783 113703783 113703783
196 113703835 113703836 113703835
197 113703886 113703887 113703886
198 113703935 113703936 113703935
199 113703973 113703973 113703973
200 113704023 113704023 113704023
201 113704076 113704076 113704076
202 113704133 113704133 113704133
203 113704188 113704189 113704188
204 113704233 113704233 113704233
205 113704285 113704285 113704285
206 113704336 113704337 113704336
207 113704384 113704384 113704384
208 113704431 113704431 113704431
209 113704482 113704482 113704482
210 113704532 113704533 113704532
211 113704580 113704584 113704580
212 113704632 113704632 113704632
213 113704680 113704680 113704680
214 113704735 113704735 113704735
215 113704781 113704781 113704781
216 113704835 113704836 113704835
217 113704886 113704886 113704886
218 113704923 113704924 113704923
219 113704980 113704980 113704980
220 113705032 113705032 113705032
221 113705085 113705085 113705085
222 113705131 113705131 113705131
223 113705185 113705186 113705185
224 113705234 113705234 113705234
225 113705285 113705285 113705285
226 113705332 113705332 113705332
227 113705385 113705385 113705385
228 113705432 113705433 113705432
229 113705482 113705482 113705482
230 113705535 113705535 113705535
231 113705582 113705583 113705582
232 113705634 113705635 113705634
233 113705684 113705684 113705684
234 113705736 113705736 113705736
235 113705783 113705783 113705783
236 113705833 113705837 113705833
237 113705887 113705887 113705887
238 113705931 113705932 113705931
239 113705985 113705986 113705985
240 113706031 113706031 113706031
241 113706092 113706092 113706092
242 113706136 113706137 113706136
243 113706175 113706175 113706175
244 113706236 113706236 113706236
245 113706292 113706292 113706292
246 113706324 113706324 113706324
247 113706383 113706383 113706383
248 113706433 113706435 113706433
249 113706484 113706484 113706484
250 113706529 113706530 113706529
251 113706582 113706582 113706582
252 113706633 113706633 113706633
253 113706683 113706683 113706683
254 113706734 113706734 113706734
255 113706773 113706773 113706773
256 113706833 113706834 113706833
257 113706883 113706883 113706883
258 113706934 113706935 113706934
259 113706982 113706982 113706982
260 113707034 113707034 113707034
261 113707084 113707084 113707084
262 113707135 113707136 113707135
263 113707185 113707185 113707185
264 113707239 113707239 113707239
265 113707287 113707288 113707287
266 113707334 113707334 113707334
267 113707391 113707391 113707391
268 113707424 113707424 113707424
269 113707485 113707485 113707485
270 113707535 113707535 113707535
271 113707582 113707582 113707582
272 113707634 113707634 113707634
273 113707681 113707681 113707681
274 113707755 113707755 113707755
275 113707782 113707782 113707782
276 113707823 113707823 113707823
277 113707882 113707883 113707882
278 113707933 113707933 113707933
279 113707987 113707988 113707987
280 113708030 113708030 113708030
281 113708084 113708084 113708084
282 113708132 113708133 113708132
283 113708187 113708187 113708187
284 113708222 113708222 113708222
285 113708282 113708282 113708282
286 113708335 113708335 113708335
287 113708391 113708391 113708391
288 113708426 113708426 113708426
289 113708482 113708482 113708482
290 113708532 113708532 113708532
291 113708583 113708583 113708583
292 113708635 113708637 113708635
293 113708685 113708685 113708685
294 113708731 113708731 113708731
295 113708777 113708777 113708777
296 113708833 113708834 113708833
297 113708886 113708886 113708886
298 113708937 113708938 113708937
299 113708975 113708975 113708975
300 113709026 113709027 113709026
301 113709081 113709081 113709081
302 113709131 113709134 113709131
303 113709182 113709183 113709182
304 113709235 113709235 113709235
305 113709286 113709286 113709286
306 113709339 113709339 113709339
307 113709372 113709373 113709372
308 113709431 113709431 113709431
309 113709483 113709484 113709483
310 113709533 113709533 113709533
311 113709582 113709582 113709582
312 113709633 113709634 113709633
313 113709682 113709682 113709682
314 113709734 113709734 113709734
315 113709782 113709783 113709782
316 113709835 113709836 113709835
317 113709885 113709885 113709885
318 113709933 113709933 113709933
319 113709984 113709984 113709984
320 113710035 113710035 113710035
321 113710084 113710084 113710084
322 113710133 113710135 113710133
323 113710181 113710182 113710181
324 113710234 113710234 113710234
325 113710286 113710287 113710286
326 113710337 113710337 113710337
327 113710375 113710375 113710375
328 113710432 113710432 113710432
329 113710481 113710482 113710481
330 113710535 113710535 113710535
331 113710583 113710583 113710583
332 113710631 113710631 113710631
333 113710683 113710683 113710683
334 113710732 113710732 113710732
335 113710783 113710783 113710783
336 113710837 113710838 113710837
337 113710875 113710876 113710875
338 113710932 113710933 113710932
339 113710984 113710986 113710984
340 113711035 113711035 113711035
341 113711109 113711109 113711109
342 113711129 113711129 113711129
343 113711182 113711182 113711182
344 113711235 113711235 113711235
345 113711286 113711287 113711286
346 113711339 113711339 113711339
347 113711389 113711389 113711389
348 113711431 113711431 113711431
349 113711484 113711485 113711484
350 113711535 113711535 113711535
351 113711580 113711580 113711580
352 113711635 113711635 113711635
353 113711680 113711680 113711680
354 113711735 113711735 113711735
355 113711782 113711783 113711782
356 113711834 113711834 113711834
357 113711882 113711883 113711882
358 113711932 113711935 113711932
359 113711983 113711983 113711983
360 113712032 113712032 113712032
361 113712082 113712083 113712082
362 113712132 113712132 113712132
363 113712177 113712177 113712177
364 113712234 113712234 113712234
365 113712286 113712286 113712286
366 113712332 113712332 113712332
367 113712384 113712384 113712384
368 113712434 113712434 113712434
369 113712482 113712483 113712482
370 113712535 113712535 113712535
371 113712582 113712582 113712582
372 113712631 113712632 113712631
373 113712676 113712676 113712676
374 113712733 113712734 113712733
375 113712787 113712788 113712787
376 113712885 113712885 113712885
377 113712885 113712885 113712885
378 113712933 113712933 113712933
379 113712973 113712973 113712973
380 113713038 113713039 113713038
381 113713080 113713080 113713080
382 113713136 113713137 113713136
383 113713182 113713183 113713182
384 113713222 113713222 113713222
385 113713281 113713282 113713281
386 113713336 113713336 113713336
387 113713385 113713386 113713385
388 113713438 113713438 113713438
389 113713472 113713472 113713472
390 113713525 113713525 113713525
391 113713584 113713585 113713584
392 113713634 113713634 113713634
393 113713683 113713683 113713683
394 113713732 113713732 113713732
395 113713782 113713782 113713782
396 113713833 113713833 113713833
397 113713884 113713884 113713884
398 113713923 113713923 113713923
399 113713992 113713992 113713992
400 113714026 113714026 113714026
401 113714082 113714083 113714082
402 113714132 113714132 113714132
403 113714177 113714184 113714177
404 113714240 113714240 113714240
405 113714273 113714273 113714273
406 113714331 113714331 113714331
407 113714376 113714380 113714376
408 113714433 113714433 113714433
409 113714480 113714480 113714480
410 113714535 113714535 113714535
411 113714581 113714581 113714581
412 113714634 113714634 113714634
413 113714681 113714681 113714681
414 113714736 113714736 113714736
415 113714784 113714784 113714784
416 113714838 113714838 113714838
417 113714873 113714873 113714873
418 113714930 113714930 113714930
419 113714977 113714981 113714977
420 113715032 113715032 113715032
421 113715085 113715085 113715085
422 113715132 113715132 113715132
423 113715182 113715182 113715182
424 113715239 113715239 113715239
425 113715281 113715281 113715281
426 113715325 113715325 113715325
427 113715381 113715381 113715381
428 113715432 113715433 113715432
429 113715485 113715485 113715485
430 113715532 113715532 113715532
431 113715576 113715577 113715576
432 113715637 113715637 113715637
433 113715686 113715686 113715686
434 113715731 113715732 113715731
435 113715781 113715781 113715781
436 113715835 113715835 113715835
437 113715887 113715887 113715887
438 113715939 113715939 113715939
439 113715977 113715979 113715977
440 113716030 113716030 113716030
441 113716089 113716101 113716089
442 113716124 113716124 113716124
443 113716182 113716184 113716182
444 113716231 113716232 113716231
445 113716285 113716285 113716285
446 113716340 113716341 113716340
447 113716372 113716372 113716372
448 113716431 113716431 113716431
449 113716482 113716482 113716482
450 113716532 113716533 113716532
451 113716583 113716584 113716583
452 113716632 113716633 113716632
453 113716682 113716682 113716682
454 113716735 113716735 113716735
455 113716782 113716783 113716782
456 113716835 113716835 113716835
457 113716888 113716888 113716888
458 113716923 113716923 113716923
459 113716976 113716976 113716976
460 113717035 113717035 113717035
461 113717086 113717086 113717086
462 113717135 113717135 113717135
463 113717179 113717179 113717179
464 113717231 113717231 113717231
465 113717281 113717282 113717281
466 113717337 113717337 113717337
467 113717384 113717385 113717384
468 113717422 113717422 113717422
469 113717481 113717481 113717481
470 113717532 113717532 113717532
471 113717583 113717583 113717583
472 113717631 113717631 113717631
473 113717683 113717683 113717683
474 113717732 113717732 113717732
475 113717776 113717776 113717776
476 113717834 113717834 113717834
477 113717886 113717886 113717886
478 113717934 113717934 113717934
479 113717990 113717990 113717990
480 113718022 113718022 113718022
481 113718081 113718081 113718081
482 113718134 113718134 113718134
483 113718183 113718184 113718183
484 113718233 113718234 113718233
485 113718288 113718288 113718288
486 113718341 113718341 113718341
487 113718374 113718374 113718374
488 113718430 113718431 113718430
489 113718484 113718484 113718484
490 113718532 113718532 113718532
491 113718581 113718581 113718581
492 113718632 113718632 113718632
493 113718681 113718681 113718681
494 113718736 113718736 113718736
495 113718784 113718784 113718784
496 113718823 113718823 113718823
497 113718882 113718882 113718882
498 113718933 113718933 113718933
499 113718983 113718984 113718983
500 113719031 113719032 113719031
501 113719077 113719082 113719077
502 113719131 113719131 113719131
503 113719184 113719184 113719184
504 113719233 113719234 113719233
505 113719287 113719287 113719287
506 113719336 113719336 113719336
507 113719373 113719374 113719373
508 113719430 113719433 113719430
509 113719481 113719482 113719481
510 113719535 113719535 113719535
511 113719583 113719583 113719583
512 113719634 113719635 113719634
513 113719686 113719687 113719686
514 113719734 113719734 113719734
515 113719776 113719777 113719776
516 113719833 113719833 113719833
517 113719899 113719899 113719899
518 113719926 113719926 113719926
519 113719981 113719981 113719981
520 113720033 113720033 113720033
521 113720081 113720081 113720081
522 113720135 113720135 113720135
523 113720183 113720183 113720183
524 113720234 113720234 113720234
525 113720283 113720284 113720283
526 113720337 113720337 113720337
527 113720386 113720386 113720386
528 113720436 113720438 113720436
529 113720473 113720473 113720473
530 113720523 113720526 113720523
531 113720582 113720584 113720582
532 113720633 113720633 113720633
533 113720681 113720681 113720681
534 113720734 113720734 113720734
535 113720785 113720785 113720785
536 113720835 113720835 113720835
537 113720882 113720882 113720882
538 113720936 113720936 113720936
539 113720985 113720986 113720985
540 113721033 113721033 113721033
541 113721102 113721103 113721102
542 113721126 113721126 113721126
543 113721183 113721183 113721183
544 113721232 113721232 113721232
545 113721285 113721285 113721285
546 113721334 113721334 113721334
547 113721383 113721383 113721383
548 113721423 113721423 113721423
549 113721475 113721476 113721475
550 113721535 113721536 113721535
551 113721582 113721582 113721582
552 113721632 113721632 113721632
553 113721683 113721683 113721683
554 113721737 113721737 113721737
555 113721784 113721784 113721784
556 113721835 113721835 113721835
557 113721872 113721873 113721872
558 113721926 113721926 113721926
559 113721981 113721981 113721981
560 113722035 113722036 113722035
561 113722087 113722087 113722087
562 113722133 113722133 113722133
563 113722182 113722182 113722182
564 113722234 113722234 113722234
565 113722297 113722297 113722297
566 113722340 113722341 113722340
567 113722385 113722385 113722385
568 113722439 113722439 113722439
569 113722473 113722473 113722473
570 113722526 113722526 113722526
571 113722581 113722582 113722581
572 113722634 113722635 113722634
573 113722682 113722682 113722682
574 113722733 113722734 113722733
575 113722780 113722780 113722780
576 113722824 113722824 113722824
577 113722876 113722876 113722876
578 113722934 113722934 113722934
579 113722982 113722982 113722982
580 113723039 113723039 113723039
581 113723086 113723086 113723086
582 113723137 113723137 113723137
583 113723185 113723185 113723185
584 113723231 113723231 113723231
585 113723283 113723283 113723283
586 113723334 113723334 113723334
587 113723372 113723372 113723372
588 113723426 113723426 113723426
589 113723480 113723480 113723480
590 113723533 113723533 113723533
591 113723583 113723583 113723583
592 113723634 113723634 113723634
593 113723683 113723684 113723683
594 113723736 113723736 113723736
595 113723784 113723784 113723784
596 113723839 113723839 113723839
597 113723888 113723888 113723888
598 113723939 113723939 113723939
599 113723989 113723989 113723989
600 113724034 113724034 113724034
601 113724083 113724086 113724083
602 113724134 113724134 113724134
603 113724180 113724181 113724180
604 113724232 113724233 113724232
605 113724282 113724282 113724282
606 113724334 113724335 113724334
607 113724385 113724385 113724385
608 113724437 113724437 113724437
609 113724484 113724484 113724484
610 113724530 113724530 113724530
611 113724576 113724577 113724576
612 113724631 113724631 113724631
613 113724684 113724684 113724684
614 113724731 113724731 113724731
615 113724782 113724783 113724782
616 113724838 113724839 113724838
617 113724873 113724873 113724873
618 113724934 113724934 113724934
619 113724981 113724981 113724981
620 113725033 113725033 113725033
621 113725083 113725083 113725083
622 113725135 113725135 113725135
623 113725184 113725185 113725184
624 113725238 113725238 113725238
625 113725286 113725286 113725286
626 113725332 113725332 113725332
627 113725386 113725386 113725386
628 113725435 113725435 113725435
629 113725485 113725486 113725485
630 113725537 113725537 113725537
631 113725582 113725583 113725582
632 113725634 113725634 113725634
633 113725682 113725682 113725682
634 113725734 113725734 113725734
635 113725782 113725782 113725782
636 113725841 113725842 113725841
637 113725873 113725874 113725873
638 113725932 113725934 113725932
639 113725983 113725983 113725983
640 113726032 113726032 113726032
641 113726093 113726093 113726093
642 113726136 113726136 113726136
643 113726176 113726176 113726176
644 113726232 113726232 113726232
645 113726282 113726282 113726282
646 113726336 113726337 113726336
647 113726393 113726396 113726393
648 113726424 113726424 113726424
649 113726490 113726492 113726490
650 113726523 113726523 113726523
651 113726586 113726586 113726586
652 113726642 113726642 113726642
653 113726672 113726673 113726672
654 113726732 113726732 113726732
655 113726784 113726784 113726784
656 113726833 113726834 113726833
657 113726884 113726886 113726884
658 113726936 113726936 113726936
659 113726984 113726985 113726984
660 113727036 113727036 113727036
661 113727085 113727085 113727085
662 113727137 113727137 113727137
663 113727185 113727185 113727185
664 113727238 113727239 113727238
665 113727289 113727289 113727289
666 113727324 113727324 113727324
667 113727384 113727384 113727384
668 113727436 113727436 113727436
669 113727486 113727486 113727486
670 113727536 113727536 113727536
671 113727573 113727573 113727573
672 113727627 113727631 113727627
673 113727681 113727681 113727681
674 113727734 113727734 113727734
675 113727784 113727784 113727784
676 113727837 113727838 113727837
677 113727887 113727887 113727887
678 113727923 113727923 113727923
679 113727975 113727983 113727975
680 113728031 113728031 113728031
681 113728082 113728083 113728082
682 113728133 113728133 113728133
683 113728185 113728185 113728185
684 113728233 113728233 113728233
685 113728277 113728281 113728277
686 113728336 113728336 113728336
687 113728385 113728385 113728385
688 113728437 113728437 113728437
689 113728491 113728491 113728491
690 113728525 113728525 113728525
691 113728576 113728581 113728576
692 113728631 113728631 113728631
693 113728685 113728685 113728685
694 113728731 113728732 113728731
695 113728785 113728785 113728785
696 113728839 113728839 113728839
697 113728873 113728873 113728873
698 113728933 113728933 113728933
699 113728983 113728983 113728983
700 113729033 113729034 113729033
701 113729082 113729083 113729082
702 113729134 113729134 113729134
703 113729182 113729182 113729182
704 113729232 113729232 113729232
705 113729285 113729285 113729285
706 113729334 113729336 113729334
707 113729384 113729385 113729384
708 113729424 113729424 113729424
709 113729477 113729477 113729477
710 113729532 113729532 113729532
711 113729587 113729587 113729587
712 113729635 113729635 113729635
713 113729673 113729673 113729673
714 113729725 113729726 113729725
715 113729780 113729780 113729780
716 113729833 113729836 113729833
717 113729886 113729886 113729886
718 113729922 113729923 113729922
719 113729981 113729981 113729981
720 113730031 113730032 113730031
721 113730085 113730085 113730085
722 113730130 113730132 113730130
723 113730183 113730183 113730183
724 113730233 113730233 113730233
725 113730282 113730283 113730282
726 113730333 113730333 113730333
727 113730387 113730387 113730387
728 113730437 113730437 113730437
729 113730486 113730486 113730486
730 113730540 113730540 113730540
731 113730573 113730574 113730573
732 113730632 113730632 113730632
733 113730685 113730685 113730685
734 113730729 113730730 113730729
735 113730782 113730782 113730782
736 113730833 113730833 113730833
737 113730873 113730873 113730873
738 113730931 113730931 113730931
739 113730981 113730981 113730981
740 113731032 113731033 113731032
741 113731092 113731092 113731092
742 113731137 113731137 113731137
743 113731176 113731176 113731176
744 113731230 113731231 113731230
745 113731284 113731284 113731284
746 113731331 113731332 113731331
747 113731382 113731383 113731382
748 113731440 113731440 113731440
749 113731476 113731482 113731476
750 113731531 113731531 113731531
751 113731584 113731584 113731584
752 113731633 113731633 113731633
753 113731682 113731683 113731682
754 113731733 113731733 113731733
755 113731781 113731781 113731781
756 113731835 113731836 113731835
757 113731881 113731881 113731881
758 113731938 113731938 113731938
759 113731988 113731988 113731988
760 113732039 113732039 113732039
761 113732073 113732073 113732073
762 113732126 113732126 113732126
763 113732183 113732183 113732183
764 113732234 113732234 113732234
765 113732285 113732285 113732285
766 113732335 113732336 113732335
767 113732374 113732374 113732374
768 113732434 113732434 113732434
769 113732484 113732484 113732484
770 113732536 113732536 113732536
771 113732582 113732582 113732582
772 113732634 113732635 113732634
773 113732686 113732686 113732686
774 113732735 113732735 113732735
775 113732785 113732785 113732785
776 113732831 113732831 113732831
777 113732885 113732885 113732885
778 113732935 113732936 113732935
779 113732986 113732986 113732986
780 113733023 113733023 113733023
781 113733075 113733075 113733075
782 113733136 113733136 113733136
783 113733179 113733179 113733179
784 113733290 113733291 113733290
785 113733291 113733292 113733291
786 113733336 113733336 113733336
787 113733382 113733382 113733382
788 113733439 113733439 113733439
789 113733474 113733474 113733474
790 113733531 113733531 113733531
791 113733583 113733583 113733583
792 113733632 113733632 113733632
793 113733685 113733685 113733685
794 113733731 113733732 113733731
795 113733781 113733781 113733781
796 113733833 113733833 113733833
797 113733883 113733884 113733883
798 113733936 113733936 113733936
799 113733985 113733985 113733985
800 113734036 113734036 113734036
801 113734087 113734087 113734087
802 113734136 113734136 113734136
803 113734185 113734185 113734185
804 113734231 113734231 113734231
805 113734288 113734288 113734288
806 113734336 113734336 113734336
807 113734373 113734374 113734373
808 113734433 113734433 113734433
809 113734482 113734482 113734482
810 113734522 113734523 113734522
811 113734581 113734581 113734581
812 113734634 113734634 113734634
813 113734680 113734680 113734680
814 113734732 113734733 113734732
815 113734783 113734783 113734783
816 113734833 113734833 113734833
817 113734885 113734886 113734885
818 113734932 113734932 113734932
819 113734984 113734984 113734984
820 113735024 113735024 113735024
821 113735082 113735082 113735082
822 113735131 113735132 113735131
823 113735181 113735181 113735181
824 113735234 113735234 113735234
825 113735284 113735284 113735284
826 113735336 113735337 113735336
827 113735382 113735382 113735382
828 113735433 113735434 113735433
829 113735487 113735487 113735487
830 113735536 113735536 113735536
831 113735585 113735586 113735585
832 113735627 113735630 113735627
833 113735676 113735677 113735676
834 113735731 113735731 113735731
835 113735784 113735784 113735784
836 113735833 113735834 113735833
837 113735873 113735873 113735873
838 113735932 113735932 113735932
839 113735982 113735982 113735982
840 113736034 113736034 113736034
841 113736093 113736093 113736093
842 113736123 113736123 113736123
843 113736175 113736181 113736175
844 113736226 113736226 113736226
845 113736285 113736285 113736285
846 113736332 113736333 113736332
847 113736383 113736383 113736383
848 113736433 113736433 113736433
849 113736487 113736487 113736487
850 113736535 113736535 113736535
851 113736589 113736589 113736589
852 113736623 113736624 113736623
853 113736676 113736676 113736676
854 113736735 113736736 113736735
855 113736783 113736783 113736783
856 113736834 113736834 113736834
857 113736887 113736887 113736887
858 113736937 113736937 113736937
859 113736982 113736982 113736982
860 113737031 113737031 113737031
861 113737084 113737084 113737084
862 113737133 113737133 113737133
863 113737181 113737181 113737181
864 113737233 113737233 113737233
865 113737282 113737282 113737282
866 113737334 113737334 113737334
867 113737387 113737388 113737387
868 113737437 113737437 113737437
869 113737474 113737476 113737474
870 113737522 113737522 113737522
871 113737576 113737582 113737576
872 113737630 113737630 113737630
873 113737683 113737684 113737683
874 113737732 113737733 113737732
875 113737784 113737784 113737784
876 113737833 113737833 113737833
877 113737887 113737888 113737887
878 113737939 113737940 113737939
879 113737979 113737980 113737979
880 113738033 113738034 113738033
881 113738087 113738087 113738087
882 113738138 113738138 113738138
883 113738186 113738186 113738186
884 113738236 113738236 113738236
885 113738287 113738288 113738287
886 113738332 113738332 113738332
887 113738385 113738385 113738385
888 113738432 113738432 113738432
889 113738485 113738485 113738485
890 113738536 113738536 113738536
891 113738572 113738573 113738572
892 113738633 113738633 113738633
893 113738681 113738682 113738681
894 113738734 113738734 113738734
895 113738786 113738786 113738786
896 113738835 113738835 113738835
897 113738886 113738886 113738886
898 113738923 113738924 113738923
899 113738976 113738976 113738976
900 113739030 113739030 113739030
901 113739085 113739085 113739085
902 113739132 113739132 113739132
903 113739184 113739184 113739184
904 113739235 113739235 113739235
905 113739279 113739279 113739279
906 113739333 113739333 113739333
907 113739382 113739383 113739382
908 113739436 113739436 113739436
909 113739485 113739485 113739485
910 113739538 113739538 113739538
911 113739586 113739586 113739586
912 113739637 113739637 113739637
913 113739687 113739687 113739687
914 113739732 113739732 113739732
915 113739783 113739784 113739783
916 113739831 113739832 113739831
917 113739872 113739873 113739872
918 113739931 113739931 113739931
919 113739981 113739982 113739981
920 113740035 113740035 113740035
921 113740081 113740081 113740081
922 113740134 113740134 113740134
923 113740182 113740183 113740182
924 113740235 113740235 113740235
925 113740282 113740282 113740282
926 113740331 113740331 113740331
927 113740384 113740384 113740384
928 113740431 113740431 113740431
929 113740484 113740484 113740484
930 113740537 113740537 113740537
931 113740586 113740586 113740586
932 113740633 113740634 113740633
933 113740682 113740683 113740682
934 113740734 113740734 113740734
935 113740782 113740782 113740782
936 113740835 113740835 113740835
937 113740887 113740888 113740887
938 113740943 113740943 113740943
939 113740973 113740974 113740973
940 113741030 113741030 113741030
941 113741092 113741092 113741092
942 113741133 113741138 113741133
943 113741172 113741172 113741172
944 113741225 113741226 113741225
945 113741277 113741280 113741277
946 113741332 113741332 113741332
947 113741382 113741382 113741382
948 113741434 113741434 113741434
949 113741481 113741481 113741481
950 113741523 113741523 113741523
951 113741577 113741579 113741577
952 113741631 113741631 113741631
953 113741683 113741683 113741683
954 113741731 113741732 113741731
955 113741783 113741784 113741783
956 113741831 113741831 113741831
957 113741883 113741883 113741883
958 113741932 113741932 113741932
959 113741981 113741981 113741981
960 113742033 113742033 113742033
961 113742082 113742082 113742082
962 113742134 113742134 113742134
963 113742181 113742181 113742181
964 113742234 113742234 113742234
965 113742284 113742284 113742284
966 113742331 113742332 113742331
967 113742384 113742384 113742384
968 113742429 113742429 113742429
969 113742486 113742487 113742486
970 113742532 113742532 113742532
971 113742584 113742584 113742584
972 113742632 113742632 113742632
973 113742680 113742681 113742680
974 113742733 113742733 113742733
975 113742781 113742781 113742781
976 113742833 113742833 113742833
977 113742881 113742881 113742881
978 113742922 113742922 113742922
979 113742980 113742980 113742980
980 113743026 113743030 113743026
981 113743075 113743075 113743075
982 113743129 113743129 113743129
983 113743182 113743182 113743182
984 113743233 113743233 113743233
985 113743283 113743283 113743283
986 113743333 113743333 113743333
987 113743381 113743382 113743381
988 113743434 113743434 113743434
989 113743481 113743481 113743481
990 113743536 113743537 113743536
991 113743585 113743586 113743585
992 113743633 113743634 113743633
993 113743683 113743683 113743683
994 113743735 113743736 113743735
995 113743784 113743784 113743784
996 113743827 113743827 113743827
997 113743886 113743886 113743886
998 113743940 113743940 113743940
999 113743975 113743975 113743975
1000 113744032 113744032 113744032
1001 113744081 113744082 113744081
1002 113744132 113744133 113744132
1003 113744184 113744184 113744184
1004 113744233 113744233 113744233
1005 113744280 113744280 113744280
1006 113744333 113744333 113744333
1007 113744383 113744383 113744383
1008 113744436 113744436 113744436
1009 113744486 113744486 113744486
1010 113744538 113744539 113744538
1011 113744588 113744589 113744588
1012 113744629 113744629 113744629
1013 113744683 113744683 113744683
1014 113744732 113744732 113744732
1015 113744782 113744782 113744782
1016 113744863 113744864 113744863
1017 113744879 113744879 113744879
1018 113744936 113744937 113744936
1019 113744980 113744980 113744980
1020 113745034 113745034 113745034
1021 113745085 113745085 113745085
1022 113745137 113745137 113745137
1023 113745185 113745186 113745185
1024 113745230 113745230 113745230
1025 113745283 113745284 113745283
1026 113745332 113745333 113745332
1027 113745380 113745380 113745380
1028 113745433 113745433 113745433
1029 113745479 113745480 113745479
1030 113745533 113745533 113745533
1031 113745587 113745587 113745587
1032 113745639 113745639 113745639
1033 113745675 113745675 113745675
1034 113745733 113745733 113745733
1035 113745783 113745783 113745783
1036 113745837 113745837 113745837
1037 113745886 113745886 113745886
1038 113745938 113745938 113745938
1039 113745988 113745989 113745988
1040 113746023 113746026 113746023
1041 113746092 113746093 113746092
1042 113746123 113746123 113746123
1043 113746176 113746176 113746176
1044 113746233 113746234 113746233
1045 113746281 113746281 113746281
1046 113746336 113746336 113746336
1047 113746382 113746382 113746382
1048 113746435 113746435 113746435
1049 113746484 113746484 113746484
1050 113746537 113746537 113746537
1051 113746586 113746587 113746586
1052 113746639 113746639 113746639
1053 113746673 113746673 113746673
1054 113746726 113746726 113746726
1055 113746777 113746781 113746777
1056 113746833 113746833 113746833
1057 113746881 113746882 113746881
1058 113746933 113746933 113746933
1059 113746990 113746990 113746990
1060 113747024 113747025 113747024
1061 113747083 113747083 113747083
1062 113747135 113747135 113747135
1063 113747183 113747183 113747183
1064 113747232 113747233 113747232
1065 113747285 113747285 113747285
1066 113747335 113747337 113747335
1067 113747382 113747383 113747382
1068 113747433 113747433 113747433
1069 113747484 113747484 113747484
1070 113747533 113747534 113747533
1071 113747580 113747580 113747580
1072 113747634 113747634 113747634
1073 113747680 113747681 113747680
1074 113747735 113747735 113747735
1075 113747782 113747783 113747782
1076 113747834 113747834 113747834
1077 113747873 113747874 113747873
1078 113747929 113747929 113747929
1079 113747986 113747986 113747986
1080 113748032 113748032 113748032
1081 113748089 113748089 113748089
1082 113748136 113748136 113748136
1083 113748173 113748173 113748173
1084 113748231 113748231 113748231
1085 113748283 113748283 113748283
1086 113748333 113748334 113748333
1087 113748391 113748391 113748391
1088 113748423 113748424 113748423
1089 113748482 113748482 113748482
1090 113748536 113748536 113748536
1091 113748586 113748586 113748586
1092 113748622 113748622 113748622
1093 113748685 113748685 113748685
1094 113748730 113748731 113748730
1095 113748783 113748783 113748783
1096 113748833 113748834 113748833
1097 113748873 113748873 113748873
1098 113748925 113748925 113748925
1099 113748981 113748981 113748981
1100 113749033 113749033 113749033
1101 113749081 113749081 113749081
1102 113749136 113749136 113749136
1103 113749181 113749181 113749181
1104 113749232 113749232 113749232
1105 113749284 113749284 113749284
1106 113749336 113749336 113749336
1107 113749385 113749385 113749385
1108 113749430 113749430 113749430
1109 113749483 113749483 113749483
1110 113749532 113749532 113749532
1111 113749585 113749585 113749585
1112 113749622 113749623 113749622
1113 113749675 113749675 113749675
1114 113749726 113749726 113749726
1115 113749782 113749782 113749782
1116 113749834 113749834 113749834
1117 113749884 113749885 113749884
1118 113749938 113749939 113749938
1119 113749975 113749976 113749975
1120 113750030 113750030 113750030
1121 113750085 113750086 113750085
1122 113750131 113750131 113750131
1123 113750183 113750183 113750183
1124 113750233 113750234 113750233
1125 113750284 113750284 113750284
1126 113750334 113750334 113750334
1127 113750380 113750381 113750380
1128 113750434 113750434 113750434
1129 113750483 113750483 113750483
1130 113750538 113750538 113750538
1131 113750588 113750588 113750588
1132 113750639 113750639 113750639
1133 113750688 113750688 113750688
1134 113750724 113750725 113750724
1135 113750781 113750781 113750781
1136 113750832 113750832 113750832
1137 113750872 113750872 113750872
1138 113750929 113750930 113750929
1139 113750981 113750982 113750981
1140 113751035 113751035 113751035
1141 113751114 113751115 113751114
1142 113751125 113751125 113751125
1143 113751183 113751183 113751183
1144 113751234 113751234 113751234
1145 113751282 113751282 113751282
1146 113751332 113751333 113751332
1147 113751383 113751383 113751383
1148 113751429 113751430 113751429
1149 113751483 113751483 113751483
1150 113751533 113751533 113751533
1151 113751583 113751583 113751583
1152 113751636 113751636 113751636
1153 113751686 113751686 113751686
1154 113751733 113751733 113751733
1155 113751781 113751782 113751781
1156 113751834 113751834 113751834
1157 113751884 113751885 113751884
1158 113751937 113751937 113751937
1159 113751984 113751984 113751984
1160 113752035 113752035 113752035
1161 113752084 113752085 113752084
1162 113752127 113752129 113752127
1163 113752182 113752182 113752182
1164 113752233 113752233 113752233
1165 113752284 113752285 113752284
1166 113752339 113752339 113752339
1167 113752374 113752375 113752374
1168 113752432 113752432 113752432
1169 113752482 113752483 113752482
1170 113752534 113752535 113752534
1171 113752582 113752582 113752582
1172 113752635 113752636 113752635
1173 113752684 113752684 113752684
1174 113752736 113752736 113752736
1175 113752784 113752784 113752784
1176 113752832 113752832 113752832
1177 113752875 113752875 113752875
1178 113752931 113752931 113752931
1179 113752988 113752989 113752988
1180 113753032 113753032 113753032
1181 113753076 113753076 113753076
1182 113753132 113753133 113753132
1183 113753184 113753184 113753184
1184 113753233 113753233 113753233
1185 113753283 113753283 113753283
1186 113753333 113753334 113753333
1187 113753383 113753383 113753383
1188 113753435 113753436 113753435
1189 113753472 113753472 113753472
1190 113753527 113753534 113753527
1191 113753673 113753673 113753673
1192 113753674 113753674 113753674
1193 113753743 113753747 113753743
1194 113753774 113753774 113753774
1195 113753827 113753831 113753827
1196 113753885 113753887 113753885
1197 113753937 113753937 113753937
1198 113753988 113753990 113753988
1199 113754025 113754025 113754025
1200 113754082 113754082 113754082
1201 113754131 113754132 113754131
1202 113754176 113754176 113754176
1203 113754232 113754232 113754232
1204 113754276 113754277 113754276
1205 113754331 113754331 113754331
1206 113754383 113754384 113754383
1207 113754431 113754432 113754431
1208 113754481 113754482 113754481
1209 113754532 113754532 113754532
1210 113754581 113754581 113754581
1211 113754626 113754626 113754626
1212 113754681 113754682 113754681
1213 113754740 113754740 113754740
1214 113754778 113754778 113754778
1215 113754839 113754840 113754839
1216 113754874 113754874 113754874
1217 113754933 113754933 113754933
1218 113754977 113754977 113754977
1219 113755034 113755034 113755034
1220 113755084 113755084 113755084
1221 113755132 113755132 113755132
1222 113755183 113755183 113755183
1223 113755233 113755233 113755233
1224 113755282 113755282 113755282
1225 113755334 113755334 113755334
1226 113755385 113755385 113755385
1227 113755422 113755422 113755422
1228 113755480 113755481 113755480
1229 113755536 113755536 113755536
1230 113755584 113755584 113755584
1231 113755633 113755633 113755633
1232 113755684 113755686 113755684
1233 113755740 113755741 113755740
1234 113755800 113755800 113755800
1235 113755835 113755835 113755835
1236 113755876 113755876 113755876
1237 113755933 113755933 113755933
1238 113755984 113755999 113755984
1239 113756032 113756032 113756032
1240 113756098 113756098 113756098
1241 113756124 113756124 113756124
1242 113756182 113756182 113756182
1243 113756233 113756233 113756233
1244 113756283 113756283 113756283
1245 113756331 113756332 113756331
1246 113756384 113756385 113756384
1247 113756432 113756432 113756432
1248 113756486 113756487 113756486
1249 113756534 113756535 113756534
1250 113756582 113756582 113756582
1251 113756634 113756634 113756634
1252 113756683 113756683 113756683
1253 113756736 113756736 113756736
1254 113756786 113756788 113756786
1255 113756823 113756824 113756823
1256 113756885 113756885 113756885
1257 113756932 113756932 113756932
1258 113756984 113756984 113756984
1259 113757032 113757032 113757032
1260 113757084 113757085 113757084
1261 113757134 113757134 113757134
1262 113757186 113757186 113757186
1263 113757233 113757236 113757233
1264 113757281 113757282 113757281
1265 113757335 113757335 113757335
1266 113757383 113757383 113757383
1267 113757422 113757422 113757422
1268 113757476 113757476 113757476
1269 113757530 113757531 113757530
1270 113757585 113757585 113757585
1271 113757633 113757633 113757633
1272 113757684 113757684 113757684
1273 113757733 113757733 113757733
1274 113757772 113757773 113757772
1275 113757841 113757841 113757841
1276 113757873 113757873 113757873
1277 113757932 113757932 113757932
1278 113757982 113757983 113757982
1279 113758033 113758034 113758033
1280 113758096 113758097 113758096
1281 113758125 113758125 113758125
1282 113758182 113758182 113758182
1283 113758236 113758236 113758236
1284 113758283 113758284 113758283
1285 113758331 113758332 113758331
1286 113758385 113758386 113758385
1287 113758433 113758433 113758433
1288 113758485 113758485 113758485
1289 113758535 113758535 113758535
1290 113758587 113758587 113758587
1291 113758635 113758635 113758635
1292 113758681 113758682 113758681
1293 113758735 113758735 113758735
1294 113758784 113758784 113758784
1295 113758822 113758823 113758822
1296 113758881 113758882 113758881
1297 113758935 113758935 113758935
1298 113758984 113758984 113758984
1299 113759025 113759025 113759025
1300 113759084 113759085 113759084
1301 113759132 113759132 113759132
1302 113759184 113759184 113759184
1303 113759233 113759233 113759233
1304 113759277 113759282 113759277
1305 113759335 113759336 113759335
1306 113759382 113759382 113759382
1307 113759433 113759434 113759433
1308 113759483 113759483 113759483
1309 113759534 113759534 113759534
1310 113759581 113759581 113759581
1311 113759635 113759635 113759635
1312 113759684 113759684 113759684
1313 113759732 113759733 113759732
1314 113759773 113759773 113759773
1315 113759825 113759825 113759825
1316 113759888 113759888 113759888
1317 113759935 113759935 113759935
1318 113759986 113759986 113759986
1319 113800122 113800122 113800122
1320 113800122 113800122 113800122
1321 113800122 113800123 113800122
1322 113800182 113800182 113800182
1323 113800235 113800235 113800235
1324 113800283 113800283 113800283
1325 113800331 113800331 113800331
1326 113800385 113800385 113800385
1327 113800432 113800432 113800432
1328 113800483 113800483 113800483
1329 113800534 113800534 113800534
1330 113800576 113800577 113800576
1331 113800634 113800634 113800634
1332 113800676 113800676 113800676
1333 113800732 113800732 113800732
1334 113800783 113800783 113800783
1335 113800834 113800834 113800834
1336 113800882 113800883 113800882
1337 113800936 113800936 113800936
1338 113800985 113800986 113800985
1339 113801022 113801022 113801022
1340 113801090 113801090 113801090
1341 113801124 113801124 113801124
1342 113801183 113801183 113801183
1343 113801234 113801234 113801234
1344 113801285 113801285 113801285
1345 113801332 113801332 113801332
1346 113801386 113801386 113801386
1347 113801433 113801435 113801433
1348 113801480 113801480 113801480
1349 113801527 113801534 113801527
1350 113801581 113801582 113801581
1351 113801634 113801634 113801634
1352 113801685 113801685 113801685
1353 113801737 113801738 113801737
1354 113801773 113801773 113801773
1355 113801835 113801836 113801835
1356 113801891 113801892 113801891
1357 113801923 113801923 113801923
1358 113801983 113801984 113801983
1359 113802039 113802039 113802039
1360 113802073 113802073 113802073
1361 113802135 113802136 113802135
1362 113802182 113802182 113802182
1363 113802234 113802234 113802234
1364 113802283 113802283 113802283
1365 113802334 113802334 113802334
1366 113802383 113802383 113802383
1367 113802430 113802430 113802430
1368 113802487 113802487 113802487
1369 113802525 113802525 113802525
1370 113802583 113802583 113802583
1371 113802634 113802634 113802634
1372 113802685 113802690 113802685
1373 113802737 113802737 113802737
1374 113802776 113802777 113802776
1375 113802835 113802836 113802835
1376 113802883 113802883 113802883
1377 113802936 113802937 113802936
1378 113802981 113802982 113802981
1379 113803030 113803031 113803030
1380 113803088 113803088 113803088
1381 113803139 113803139 113803139
1382 113803189 113803190 113803189
1383 113803225 113803227 113803225
1384 113803285 113803285 113803285
1385 113803334 113803334 113803334
1386 113803377 113803380 113803377
1387 113803432 113803432 113803432
1388 113803476 113803476 113803476
1389 113803525 113803531 113803525
1390 113803580 113803580 113803580
1391 113803633 113803633 113803633
1392 113803683 113803683 113803683
1393 113803736 113803737 113803736
1394 113803784 113803785 113803784
1395 113803835 113803836 113803835
1396 113803887 113803887 113803887
1397 113803929 113803929 113803929
1398 113803983 113803983 113803983
