1 114238126 114238127 114238126
2 114238135 114238136 114238135
3 114238183 114238183 114238183
4 114238322 114238322 114238322
5 114238322 114238322 114238322
6 114238352 114238352 114238352
7 114238385 114238388 114238385
8 114238439 114238439 114238439
9 114238490 114238490 114238490
10 114238536 114238536 114238536
11 114238592 114238592 114238592
12 114238636 114238636 114238636
13 114238692 114238692 114238692
14 114238736 114238736 114238736
15 114238799 114238800 114238799
16 114238836 114238836 114238836
17 114238901 114238901 114238901
18 114238932 114238933 114238932
19 114238985 114238985 114238985
20 114239033 114239033 114239033
21 114239086 114239086 114239086
22 114239140 114239140 114239140
23 114239197 114239197 114239197
24 114239236 114239237 114239236
25 114239285 114239285 114239285
26 114239336 114239336 114239336
27 114239398 114239398 114239398
28 114239451 114239451 114239451
29 114239483 114239484 114239483
30 114239535 114239536 114239535
31 114239587 114239587 114239587
32 114239636 114239636 114239636
33 114239690 114239690 114239690
34 114239743 114239743 114239743
35 114239799 114239801 114239799
36 114239835 114239835 114239835
37 114239890 114239890 114239890
38 114239939 114239939 114239939
39 114239984 114239984 114239984
40 114240035 114240035 114240035
41 114240116 114240116 114240116
42 114240134 114240136 114240134
43 114240198 114240198 114240198
44 114240233 114240233 114240233
45 114240287 114240287 114240287
46 114240348 114240348 114240348
47 114240385 114240385 114240385
48 114240436 114240436 114240436
49 114240490 114240491 114240490
50 114240533 114240533 114240533
51 114240584 114240584 114240584
52 114240641 114240641 114240641
53 114240693 114240696 114240693
54 114240747 114240752 114240747
55 114240782 114240783 114240782
56 114240842 114240843 114240842
57 114240882 114240883 114240882
58 114240936 114240937 114240936
59 114240987 114240987 114240987
60 114241036 114241036 114241036
61 114241119 114241119 114241119
62 114241133 114241133 114241133
63 114241187 114241188 114241187
64 114241233 114241233 114241233
65 114241291 114241291 114241291
66 114241340 114241341 114241340
67 114241383 114241383 114241383
68 114241449 114241449 114241449
69 114241483 114241483 114241483
70 114241532 114241532 114241532
71 114241587 114241587 114241587
72 114241635 114241636 114241635
73 114241691 114241691 114241691
74 114241747 114241747 114241747
75 114241802 114241802 114241802
76 114241836 114241836 114241836
77 114241892 114241893 114241892
78 114241948 114241948 114241948
79 114241999 114241999 114241999
80 114242034 114242034 114242034
81 114242086 114242086 114242086
82 114242137 114242137 114242137
83 114242198 114242198 114242198
84 114242232 114242233 114242232
85 114242284 114242284 114242284
86 114242335 114242335 114242335
87 114242391 114242391 114242391
88 114242432 114242432 114242432
89 114242487 114242487 114242487
90 114242533 114242534 114242533
91 114242587 114242587 114242587
92 114242648 114242649 114242648
93 114242683 114242684 114242683
94 114242735 114242735 114242735
95 114242784 114242784 114242784
96 114242836 114242837 114242836
97 114242889 114242890 114242889
98 114242931 114242932 114242931
99 114242985 114242985 114242985
100 114243032 114243032 114243032
101 114243099 114243099 114243099
102 114243134 114243135 114243134
103 114243188 114243189 114243188
104 114243238 114243238 114243238
105 114243293 114243293 114243293
106 114243349 114243349 114243349
107 114243382 114243382 114243382
108 114243435 114243435 114243435
109 114243499 114243499 114243499
110 114243553 114243553 114243553
111 114243583 114243584 114243583
112 114243637 114243639 114243637
113 114243688 114243688 114243688
114 114243743 114243743 114243743
115 114243784 114243784 114243784
116 114243833 114243834 114243833
117 114243889 114243890 114243889
118 114243941 114243941 114243941
119 114243993 114243993 114243993
120 114244033 114244033 114244033
121 114244092 114244093 114244092
122 114244148 114244148 114244148
123 114244186 114244186 114244186
124 114244252 114244253 114244252
125 114244284 114244284 114244284
126 114244342 114244342 114244342
127 114244385 114244385 114244385
128 114244436 114244436 114244436
129 114244489 114244489 114244489
130 114244542 114244542 114244542
131 114244592 114244592 114244592
132 114244651 114244651 114244651
133 114244698 114244699 114244698
134 114244733 114244733 114244733
135 114244785 114244785 114244785
136 114244850 114244850 114244850
137 114244882 114244883 114244882
138 114244937 114244937 114244937
139 114245020 114245020 114245020
140 114245032 114245032 114245032
141 114245085 114245096 114245085
142 114245133 114245133 114245133
143 114245187 114245187 114245187
144 114245235 114245235 114245235
145 114245290 114245291 114245290
146 114245348 114245348 114245348
147 114245397 114245397 114245397
148 114245433 114245434 114245433
149 114245491 114245491 114245491
150 114245540 114245541 114245540
151 114245583 114245583 114245583
152 114245636 114245636 114245636
153 114245690 114245690 114245690
154 114245732 114245732 114245732
155 114245783 114245783 114245783
156 114245843 114245843 114245843
157 114245901 114245901 114245901
158 114245935 114245935 114245935
159 114245983 114245986 114245983
160 114246036 114246036 114246036
161 114246104 114246104 114246104
162 114246143 114246147 114246143
163 114246183 114246183 114246183
164 114246243 114246243 114246243
165 114246283 114246284 114246283
166 114246341 114246341 114246341
167 114246383 114246383 114246383
168 114246434 114246435 114246434
169 114246490 114246490 114246490
170 114246532 114246533 114246532
171 114246586 114246586 114246586
172 114246634 114246635 114246634
173 114246687 114246687 114246687
174 114246742 114246742 114246742
175 114246797 114246797 114246797
176 114246833 114246833 114246833
177 114246888 114246888 114246888
178 114246939 114246939 114246939
179 114246997 114246998 114246997
180 114247043 114247058 114247043
181 114247088 114247088 114247088
182 114247134 114247134 114247134
183 114247188 114247189 114247188
184 114247243 114247243 114247243
185 114247288 114247288 114247288
186 114247350 114247350 114247350
187 114247386 114247386 114247386
188 114247437 114247437 114247437
189 114247489 114247489 114247489
190 114247547 114247548 114247547
191 114247599 114247600 114247599
192 114247634 114247635 114247634
193 114247686 114247686 114247686
194 114247737 114247737 114247737
195 114247790 114247791 114247790
196 114247832 114247832 114247832
197 114247885 114247885 114247885
198 114247942 114247943 114247942
199 114247982 114247982 114247982
200 114248033 114248035 114248033
201 114248087 114248087 114248087
202 114248135 114248135 114248135
203 114248189 114248189 114248189
204 114248243 114248243 114248243
205 114248281 114248281 114248281
206 114248334 114248335 114248334
207 114248386 114248387 114248386
208 114248437 114248437 114248437
209 114248487 114248487 114248487
210 114248541 114248541 114248541
211 114248590 114248590 114248590
212 114248643 114248643 114248643
213 114248686 114248686 114248686
214 114248740 114248740 114248740
215 114248793 114248793 114248793
216 114248837 114248838 114248837
217 114248893 114248893 114248893
218 114248949 114248949 114248949
219 114248982 114248982 114248982
220 114249041 114249041 114249041
221 114249093 114249097 114249093
222 114249147 114249147 114249147
223 114249185 114249185 114249185
224 114249235 114249235 114249235
225 114249288 114249288 114249288
226 114249343 114249343 114249343
227 114249393 114249393 114249393
228 114249433 114249433 114249433
229 114249487 114249488 114249487
230 114249537 114249537 114249537
231 114249586 114249589 114249586
232 114249639 114249639 114249639
233 114249693 114249693 114249693
234 114249749 114249749 114249749
235 114249783 114249784 114249783
236 114249843 114249846 114249843
237 114249882 114249882 114249882
238 114249933 114249934 114249933
239 114249985 114249986 114249985
240 114250035 114250036 114250035
241 114250089 114250089 114250089
242 114250140 114250141 114250140
243 114250193 114250196 114250193
244 114250252 114250252 114250252
245 114250286 114250286 114250286
246 114250342 114250342 114250342
247 114250397 114250397 114250397
248 114250450 114250450 114250450
249 114250482 114250482 114250482
250 114250534 114250534 114250534
251 114250589 114250589 114250589
252 114250642 114250642 114250642
253 114250700 114250700 114250700
254 114250732 114250732 114250732
255 114250787 114250787 114250787
256 114250840 114250840 114250840
257 114250898 114250898 114250898
258 114250935 114250935 114250935
259 114250984 114250985 114250984
260 114251034 114251034 114251034
261 114251116 114251117 114251116
262 114251135 114251136 114251135
263 114251188 114251189 114251188
264 114251241 114251242 114251241
265 114251299 114251299 114251299
266 114251334 114251334 114251334
267 114251386 114251386 114251386
268 114251436 114251436 114251436
269 114251489 114251489 114251489
270 114251533 114251533 114251533
271 114251581 114251582 114251581
272 114251652 114251652 114251652
273 114251684 114251685 114251684
274 114251736 114251736 114251736
275 114251801 114251801 114251801
276 114251839 114251839 114251839
277 114251887 114251887 114251887
278 114251942 114251942 114251942
279 114251999 114251999 114251999
280 114252049 114252049 114252049
281 114252084 114252084 114252084
282 114252138 114252138 114252138
283 114252197 114252202 114252197
284 114252236 114252236 114252236
285 114252291 114252291 114252291
286 114252333 114252333 114252333
287 114252386 114252387 114252386
288 114252441 114252441 114252441
289 114252496 114252496 114252496
290 114252543 114252547 114252543
291 114252586 114252586 114252586
292 114252642 114252642 114252642
293 114252697 114252698 114252697
294 114252748 114252748 114252748
295 114252785 114252785 114252785
296 114252835 114252835 114252835
297 114252902 114252902 114252902
298 114252932 114252933 114252932
299 114252999 114252999 114252999
300 114253052 114253053 114253052
301 114253082 114253082 114253082
302 114253135 114253135 114253135
303 114253186 114253186 114253186
304 114253250 114253250 114253250
305 114253283 114253283 114253283
306 114253340 114253340 114253340
307 114253393 114253397 114253393
308 114253447 114253448 114253447
309 114253492 114253492 114253492
310 114253531 114253532 114253531
311 114253586 114253586 114253586
312 114253639 114253639 114253639
313 114253681 114253682 114253681
314 114253735 114253735 114253735
315 114253786 114253786 114253786
316 114253852 114253852 114253852
317 114253884 114253884 114253884
318 114253940 114253940 114253940
319 114253998 114253998 114253998
320 114254031 114254032 114254031
321 114254084 114254085 114254084
322 114254147 114254147 114254147
323 114254183 114254183 114254183
324 114254233 114254233 114254233
325 114254283 114254288 114254283
326 114254349 114254350 114254349
327 114254382 114254382 114254382
328 114254436 114254436 114254436
329 114254490 114254490 114254490
330 114254539 114254540 114254539
331 114254597 114254597 114254597
332 114254648 114254648 114254648
333 114254698 114254698 114254698
334 114254748 114254748 114254748
335 114254787 114254787 114254787
336 114254835 114254836 114254835
337 114254884 114254884 114254884
338 114254939 114254939 114254939
339 114254992 114254992 114254992
340 114255033 114255033 114255033
341 114255091 114255091 114255091
342 114255142 114255142 114255142
343 114255182 114255183 114255182
344 114255241 114255241 114255241
345 114255297 114255297 114255297
346 114255332 114255333 114255332
347 114255392 114255396 114255392
348 114255447 114255447 114255447
349 114255499 114255499 114255499
350 114255531 114255532 114255531
351 114255586 114255586 114255586
352 114255635 114255635 114255635
353 114255690 114255690 114255690
354 114255741 114255741 114255741
355 114255797 114255797 114255797
356 114255835 114255835 114255835
357 114255896 114255896 114255896
358 114255935 114255935 114255935
359 114255987 114255988 114255987
360 114256042 114256043 114256042
361 114256096 114256096 114256096
362 114256138 114256138 114256138
363 114256191 114256198 114256191
364 114256249 114256250 114256249
365 114256285 114256285 114256285
366 114256343 114256343 114256343
367 114256382 114256382 114256382
368 114256435 114256435 114256435
369 114256490 114256490 114256490
370 114256538 114256538 114256538
371 114256591 114256591 114256591
372 114256642 114256642 114256642
373 114256697 114256697 114256697
374 114256732 114256733 114256732
375 114256786 114256786 114256786
376 114256847 114256847 114256847
377 114256899 114256899 114256899
378 114256935 114256935 114256935
379 114256991 114256991 114256991
380 114257047 114257047 114257047
381 114257102 114257102 114257102
382 114257133 114257133 114257133
383 114257183 114257184 114257183
384 114257234 114257234 114257234
385 114257291 114257291 114257291
386 114257342 114257342 114257342
387 114257386 114257386 114257386
388 114257439 114257439 114257439
389 114257492 114257492 114257492
390 114257546 114257546 114257546
391 114257600 114257600 114257600
392 114257649 114257650 114257649
393 114257684 114257684 114257684
394 114257739 114257740 114257739
395 114257792 114257792 114257792
396 114257834 114257834 114257834
397 114257888 114257889 114257888
398 114257937 114257937 114257937
399 114257988 114257990 114257988
400 114258041 114258041 114258041
401 114258093 114258097 114258093
402 114258143 114258146 114258143
403 114258186 114258187 114258186
404 114258242 114258242 114258242
405 114258293 114258293 114258293
406 114258332 114258332 114258332
407 114258386 114258386 114258386
408 114258432 114258432 114258432
409 114258493 114258493 114258493
410 114258537 114258538 114258537
411 114258681 114258682 114258681
412 114258682 114258682 114258682
413 114258682 114258682 114258682
414 114258749 114258750 114258749
415 114258786 114258786 114258786
416 114258903 114258903 114258903
417 114258904 114258904 114258904
418 114258932 114258932 114258932
419 114258987 114258990 114258987
420 114259036 114259036 114259036
421 114259117 114259117 114259117
422 114259134 114259134 114259134
423 114259187 114259188 114259187
424 114259237 114259237 114259237
425 114259292 114259293 114259292
426 114259334 114259334 114259334
427 114259387 114259387 114259387
428 114259440 114259440 114259440
429 114259491 114259493 114259491
430 114259543 114259543 114259543
431 114259586 114259586 114259586
432 114259641 114259641 114259641
433 114259692 114259692 114259692
434 114259734 114259734 114259734
435 114259786 114259786 114259786
436 114259840 114259841 114259840
437 114259899 114259899 114259899
438 114259938 114259938 114259938
439 114259986 114259986 114259986
440 114300117 114300118 114300117
441 114300119 114300120 114300119
442 114300156 114300158 114300156
443 114300185 114300185 114300185
444 114300242 114300243 114300242
445 114300284 114300285 114300284
446 114300336 114300337 114300336
447 114300392 114300392 114300392
448 114300447 114300448 114300447
449 114300500 114300501 114300500
450 114300533 114300534 114300533
451 114300587 114300587 114300587
452 114300637 114300637 114300637
453 114300692 114300692 114300692
454 114300743 114300743 114300743
455 114300783 114300783 114300783
456 114300841 114300841 114300841
457 114300897 114300897 114300897
458 114300947 114300947 114300947
459 114300987 114300987 114300987
460 114301043 114301043 114301043
461 114301085 114301089 114301085
462 114301138 114301142 114301138
463 114301191 114301191 114301191
464 114301249 114301249 114301249
465 114301282 114301282 114301282
466 114301335 114301335 114301335
467 114301390 114301391 114301390
468 114301435 114301435 114301435
469 114301486 114301486 114301486
470 114301535 114301535 114301535
471 114301586 114301586 114301586
472 114301641 114301641 114301641
473 114301693 114301693 114301693
474 114301748 114301748 114301748
475 114301784 114301785 114301784
476 114301846 114301847 114301846
477 114301892 114301892 114301892
478 114301932 114301932 114301932
479 114301993 114301993 114301993
480 114302033 114302033 114302033
481 114302089 114302089 114302089
482 114302138 114302138 114302138
483 114302188 114302188 114302188
484 114302243 114302243 114302243
485 114302282 114302283 114302282
486 114302333 114302335 114302333
487 114302401 114302401 114302401
488 114302434 114302434 114302434
489 114302490 114302491 114302490
490 114302534 114302534 114302534
491 114302587 114302587 114302587
492 114302640 114302640 114302640
493 114302700 114302700 114302700
494 114302734 114302734 114302734
495 114302791 114302791 114302791
496 114302853 114302854 114302853
497 114302885 114302885 114302885
498 114302935 114302936 114302935
499 114302998 114302999 114302998
500 114303049 114303050 114303049
501 114303083 114303083 114303083
502 114303135 114303135 114303135
503 114303193 114303193 114303193
504 114303249 114303249 114303249
505 114303282 114303282 114303282
506 114303336 114303336 114303336
507 114303390 114303390 114303390
508 114303440 114303440 114303440
509 114303482 114303482 114303482
510 114303534 114303534 114303534
511 114303586 114303586 114303586
512 114303639 114303639 114303639
513 114303691 114303691 114303691
514 114303746 114303746 114303746
515 114303786 114303786 114303786
516 114303831 114303832 114303831
517 114303887 114303887 114303887
518 114303942 114303942 114303942
519 114303992 114303993 114303992
520 114304049 114304049 114304049
521 114304083 114304083 114304083
522 114304136 114304137 114304136
523 114304188 114304188 114304188
524 114304237 114304237 114304237
525 114304288 114304288 114304288
526 114304341 114304341 114304341
527 114304399 114304399 114304399
528 114304433 114304433 114304433
529 114304499 114304499 114304499
530 114304531 114304532 114304531
531 114304587 114304587 114304587
532 114304638 114304638 114304638
533 114304693 114304693 114304693
534 114304733 114304733 114304733
535 114304782 114304782 114304782
536 114304838 114304838 114304838
537 114304891 114304892 114304891
538 114304941 114304941 114304941
539 114304998 114304999 114304998
540 114305034 114305034 114305034
541 114305097 114305097 114305097
542 114305132 114305132 114305132
543 114305186 114305187 114305186
544 114305242 114305242 114305242
545 114305292 114305292 114305292
546 114305334 114305335 114305334
547 114305391 114305391 114305391
548 114305433 114305433 114305433
549 114305484 114305484 114305484
550 114305537 114305538 114305537
551 114305585 114305586 114305585
552 114305653 114305653 114305653
553 114305685 114305685 114305685
554 114305751 114305751 114305751
555 114305784 114305784 114305784
556 114305843 114305843 114305843
557 114305899 114305899 114305899
558 114305958 114305958 114305958
559 114305984 114305985 114305984
560 114306037 114306037 114306037
561 114306083 114306088 114306083
562 114306138 114306139 114306138
563 114306191 114306192 114306191
564 114306243 114306248 114306243
565 114306282 114306282 114306282
566 114306336 114306337 114306336
567 114306388 114306388 114306388
568 114306447 114306449 114306447
569 114306483 114306483 114306483
570 114306537 114306539 114306537
571 114306588 114306588 114306588
572 114306641 114306641 114306641
573 114306691 114306692 114306691
574 114306735 114306735 114306735
575 114306791 114306791 114306791
576 114306849 114306849 114306849
577 114306882 114306882 114306882
578 114306935 114306936 114306935
579 114306987 114306987 114306987
580 114307037 114307037 114307037
581 114307108 114307108 114307108
582 114307147 114307147 114307147
583 114307201 114307202 114307201
584 114307234 114307234 114307234
585 114307286 114307286 114307286
586 114307336 114307336 114307336
587 114307392 114307399 114307392
588 114307432 114307432 114307432
589 114307489 114307489 114307489
590 114307539 114307539 114307539
591 114307592 114307592 114307592
592 114307643 114307647 114307643
593 114307683 114307683 114307683
594 114307735 114307735 114307735
595 114307788 114307788 114307788
596 114307849 114307849 114307849
597 114307884 114307884 114307884
598 114307934 114307935 114307934
599 114307987 114307987 114307987
600 114308035 114308035 114308035
601 114308086 114308086 114308086
602 114308135 114308136 114308135
603 114308187 114308187 114308187
604 114308235 114308235 114308235
605 114308283 114308284 114308283
606 114308335 114308335 114308335
607 114308387 114308388 114308387
608 114308441 114308441 114308441
609 114308485 114308485 114308485
610 114308533 114308533 114308533
611 114308584 114308585 114308584
612 114308636 114308636 114308636
613 114308686 114308686 114308686
614 114308735 114308736 114308735
615 114308791 114308791 114308791
616 114308836 114308846 114308836
617 114308925 114308925 114308925
618 114308937 114308937 114308937
619 114308996 114308997 114308996
620 114309036 114309036 114309036
621 114309093 114309093 114309093
622 114309151 114309151 114309151
623 114309182 114309182 114309182
624 114309239 114309239 114309239
625 114309288 114309288 114309288
626 114309343 114309343 114309343
627 114309402 114309402 114309402
628 114309434 114309434 114309434
629 114309493 114309498 114309493
630 114309536 114309536 114309536
631 114309602 114309603 114309602
632 114309634 114309634 114309634
633 114309723 114309723 114309723
634 114309739 114309739 114309739
635 114309920 114309920 114309920
636 114309920 114309920 114309920
637 114309921 114309922 114309921
638 114309932 114309932 114309932
639 114310106 114310106 114310106
640 114310107 114310107 114310107
641 114310107 114310107 114310107
642 114310133 114310133 114310133
643 114310190 114310191 114310190
644 114310247 114310248 114310247
645 114310282 114310282 114310282
646 114310338 114310338 114310338
647 114310392 114310392 114310392
648 114310497 114310497 114310497
649 114310497 114310497 114310497
650 114310536 114310536 114310536
651 114310589 114310589 114310589
652 114310640 114310640 114310640
653 114310693 114310693 114310693
654 114310748 114310749 114310748
655 114310800 114310800 114310800
656 114310852 114310852 114310852
657 114310882 114310883 114310882
658 114310949 114310949 114310949
659 114310981 114310982 114310981
660 114311036 114311036 114311036
661 114311109 114311109 114311109
662 114311140 114311141 114311140
663 114311182 114311183 114311182
664 114311236 114311237 114311236
665 114311289 114311290 114311289
666 114311343 114311343 114311343
667 114311393 114311401 114311393
668 114311432 114311433 114311432
669 114311490 114311490 114311490
670 114311542 114311543 114311542
671 114311598 114311598 114311598
672 114311633 114311633 114311633
673 114311688 114311688 114311688
674 114311740 114311751 114311740
675 114311798 114311799 114311798
676 114311836 114311837 114311836
677 114311893 114311893 114311893
678 114311947 114311949 114311947
679 114311983 114311983 114311983
680 114312039 114312039 114312039
681 114312087 114312088 114312087
682 114312134 114312134 114312134
683 114312200 114312200 114312200
684 114312232 114312233 114312232
685 114312283 114312284 114312283
686 114312339 114312339 114312339
687 114312391 114312391 114312391
688 114312433 114312433 114312433
689 114312485 114312485 114312485
690 114312540 114312540 114312540
691 114312593 114312593 114312593
692 114312643 114312643 114312643
693 114312683 114312683 114312683
694 114312738 114312739 114312738
695 114312786 114312787 114312786
696 114312849 114312849 114312849
697 114312885 114312885 114312885
698 114312938 114312940 114312938
699 114312993 114312993 114312993
700 114313033 114313033 114313033
701 114313081 114313082 114313081
702 114313134 114313134 114313134
703 114313188 114313188 114313188
704 114313237 114313238 114313237
705 114313293 114313293 114313293
706 114313347 114313349 114313347
707 114313400 114313400 114313400
708 114313435 114313436 114313435
709 114313491 114313491 114313491
710 114313548 114313548 114313548
711 114313601 114313601 114313601
712 114313633 114313633 114313633
713 114313683 114313683 114313683
714 114313734 114313735 114313734
715 114313786 114313788 114313786
716 114313836 114313836 114313836
717 114313884 114313884 114313884
718 114313943 114313943 114313943
719 114313989 114313989 114313989
720 114314043 114314043 114314043
721 114314084 114314085 114314084
722 114314140 114314141 114314140
723 114314191 114314192 114314191
724 114314233 114314233 114314233
725 114314285 114314285 114314285
726 114314340 114314341 114314340
727 114314397 114314398 114314397
728 114314434 114314434 114314434
729 114314489 114314489 114314489
730 114314541 114314541 114314541
731 114314593 114314593 114314593
732 114314643 114314643 114314643
733 114314682 114314682 114314682
734 114314734 114314734 114314734
735 114314786 114314787 114314786
736 114314836 114314836 114314836
737 114314892 114314893 114314892
738 114314948 114314948 114314948
739 114314985 114314985 114314985
740 114315046 114315046 114315046
741 114315098 114315098 114315098
742 114315148 114315148 114315148
743 114315182 114315182 114315182
744 114315234 114315235 114315234
745 114315285 114315286 114315285
746 114315352 114315352 114315352
747 114315383 114315383 114315383
748 114315438 114315438 114315438
749 114315490 114315492 114315490
750 114315532 114315532 114315532
751 114315590 114315590 114315590
752 114315648 114315648 114315648
753 114315693 114315697 114315693
754 114315748 114315748 114315748
755 114315782 114315782 114315782
756 114315835 114315835 114315835
757 114315884 114315884 114315884
758 114315939 114315939 114315939
759 114315981 114315981 114315981
760 114316033 114316034 114316033
761 114316100 114316101 114316100
762 114316139 114316139 114316139
763 114316192 114316192 114316192
764 114316247 114316248 114316247
765 114316286 114316287 114316286
766 114316336 114316337 114316336
767 114316393 114316393 114316393
768 114316449 114316449 114316449
769 114316483 114316484 114316483
770 114316537 114316537 114316537
771 114316591 114316591 114316591
772 114316641 114316641 114316641
773 114316685 114316685 114316685
774 114316735 114316736 114316735
775 114316796 114316797 114316796
776 114316832 114316832 114316832
777 114316889 114316889 114316889
778 114316948 114316948 114316948
779 114317000 114317000 114317000
780 114317032 114317032 114317032
781 114317089 114317089 114317089
782 114317134 114317134 114317134
783 114317188 114317188 114317188
784 114317236 114317236 114317236
785 114317285 114317286 114317285
786 114317339 114317341 114317339
787 114317392 114317392 114317392
788 114317443 114317443 114317443
789 114317485 114317485 114317485
790 114317542 114317542 114317542
791 114317599 114317599 114317599
792 114317649 114317650 114317649
793 114317686 114317686 114317686
794 114317733 114317733 114317733
795 114317791 114317791 114317791
796 114317837 114317838 114317837
797 114317898 114317898 114317898
798 114317934 114317934 114317934
799 114318001 114318001 114318001
800 114318035 114318035 114318035
801 114318088 114318089 114318088
802 114318141 114318141 114318141
803 114318191 114318191 114318191
804 114318234 114318234 114318234
805 114318284 114318284 114318284
806 114318334 114318334 114318334
807 114318398 114318398 114318398
808 114318448 114318448 114318448
809 114318485 114318485 114318485
810 114318537 114318537 114318537
811 114318582 114318583 114318582
812 114318635 114318635 114318635
813 114318682 114318682 114318682
814 114318737 114318737 114318737
815 114318784 114318784 114318784
816 114318834 114318836 114318834
817 114318887 114318887 114318887
818 114318939 114318940 114318939
819 114318990 114318990 114318990
820 114319048 114319049 114319048
821 114319092 114319093 114319092
822 114319149 114319149 114319149
823 114319323 114319323 114319323
824 114319323 114319324 114319323
825 114319324 114319325 114319324
826 114319342 114319348 114319342
827 114319398 114319398 114319398
828 114319438 114319438 114319438
829 114319486 114319487 114319486
830 114319552 114319552 114319552
831 114319585 114319585 114319585
832 114319638 114319638 114319638
833 114319687 114319687 114319687
834 114319735 114319735 114319735
835 114319787 114319788 114319787
836 114319846 114319847 114319846
837 114319900 114319900 114319900
838 114319932 114319933 114319932
839 114319982 114319983 114319982
840 114320035 114320035 114320035
841 114320091 114320091 114320091
842 114320141 114320141 114320141
843 114320186 114320187 114320186
844 114320241 114320241 114320241
845 114320290 114320290 114320290
846 114320343 114320343 114320343
847 114320399 114320400 114320399
848 114320432 114320433 114320432
849 114320487 114320488 114320487
850 114320548 114320548 114320548
851 114320582 114320582 114320582
852 114320634 114320635 114320634
853 114320682 114320682 114320682
854 114320736 114320736 114320736
855 114320784 114320785 114320784
856 114320836 114320836 114320836
857 114320893 114320893 114320893
858 114320932 114320933 114320932
859 114320984 114320984 114320984
860 114321040 114321040 114321040
861 114321115 114321118 114321115
862 114321133 114321133 114321133
863 114321267 114321267 114321267
864 114321267 114321267 114321267
865 114321284 114321284 114321284
866 114321348 114321348 114321348
867 114321397 114321397 114321397
868 114321450 114321450 114321450
869 114321483 114321483 114321483
870 114321539 114321539 114321539
871 114321593 114321593 114321593
872 114321651 114321651 114321651
873 114321682 114321683 114321682
874 114321734 114321735 114321734
875 114321790 114321790 114321790
876 114321846 114321846 114321846
877 114321884 114321886 114321884
878 114321936 114321936 114321936
879 114321989 114321989 114321989
880 114322035 114322035 114322035
881 114322082 114322082 114322082
882 114322134 114322134 114322134
883 114322185 114322185 114322185
884 114322236 114322236 114322236
885 114322298 114322299 114322298
886 114322353 114322353 114322353
887 114322383 114322383 114322383
888 114322437 114322439 114322437
889 114322487 114322487 114322487
890 114322537 114322538 114322537
891 114322602 114322602 114322602
892 114322634 114322634 114322634
893 114322683 114322684 114322683
894 114322734 114322734 114322734
895 114322798 114322798 114322798
896 114322833 114322834 114322833
897 114322889 114322891 114322889
898 114322932 114322932 114322932
899 114322998 114322998 114322998
900 114323052 114323052 114323052
901 114323082 114323083 114323082
902 114323132 114323132 114323132
903 114323186 114323187 114323186
904 114323241 114323241 114323241
905 114323291 114323291 114323291
906 114323349 114323350 114323349
907 114323381 114323381 114323381
908 114323436 114323437 114323436
909 114323483 114323483 114323483
910 114323540 114323540 114323540
911 114323597 114323598 114323597
912 114323652 114323653 114323652
913 114323684 114323684 114323684
914 114323740 114323740 114323740
915 114323790 114323790 114323790
916 114323831 114323832 114323831
917 114323886 114323887 114323886
918 114323941 114323941 114323941
919 114323998 114323999 114323998
920 114324032 114324032 114324032
921 114324082 114324083 114324082
922 114324137 114324137 114324137
923 114324187 114324187 114324187
924 114324236 114324237 114324236
925 114324287 114324287 114324287
926 114324338 114324338 114324338
927 114324389 114324390 114324389
928 114324448 114324448 114324448
929 114324484 114324484 114324484
930 114324535 114324536 114324535
931 114324592 114324592 114324592
932 114324632 114324633 114324632
933 114324686 114324686 114324686
934 114324736 114324736 114324736
935 114324788 114324789 114324788
936 114324837 114324837 114324837
937 114324891 114324891 114324891
938 114324950 114324950 114324950
939 114324982 114324982 114324982
940 114325035 114325035 114325035
941 114325098 114325098 114325098
942 114325150 114325150 114325150
943 114325183 114325184 114325183
944 114325241 114325241 114325241
945 114325292 114325293 114325292
946 114325333 114325333 114325333
947 114325389 114325389 114325389
948 114325437 114325438 114325437
949 114325522 114325523 114325522
950 114325536 114325536 114325536
951 114325599 114325599 114325599
952 114325633 114325633 114325633
953 114325684 114325684 114325684
954 114325735 114325735 114325735
955 114325789 114325789 114325789
956 114325852 114325852 114325852
957 114325882 114325882 114325882
958 114325934 114325934 114325934
959 114325988 114325988 114325988
960 114326039 114326040 114326039
961 114326117 114326118 114326117
962 114326136 114326136 114326136
963 114326189 114326189 114326189
964 114326237 114326238 114326237
965 114326284 114326289 114326284
966 114326342 114326342 114326342
967 114326397 114326397 114326397
968 114326447 114326447 114326447
969 114326484 114326484 114326484
970 114326535 114326535 114326535
971 114326587 114326587 114326587
972 114326647 114326647 114326647
973 114326684 114326684 114326684
974 114326733 114326733 114326733
975 114326790 114326790 114326790
976 114326840 114326840 114326840
977 114326898 114326898 114326898
978 114326934 114326934 114326934
979 114326991 114326992 114326991
980 114327035 114327035 114327035
981 114327086 114327086 114327086
982 114327136 114327136 114327136
983 114327190 114327190 114327190
984 114327250 114327250 114327250
985 114327284 114327284 114327284
986 114327336 114327338 114327336
987 114327390 114327390 114327390
988 114327443 114327443 114327443
989 114327493 114327497 114327493
990 114327534 114327535 114327534
991 114327593 114327593 114327593
992 114327636 114327636 114327636
993 114327682 114327682 114327682
994 114327740 114327740 114327740
995 114327789 114327793 114327789
996 114327846 114327846 114327846
997 114327883 114327883 114327883
998 114327949 114327949 114327949
999 114327984 114327984 114327984
1000 114328040 114328041 114328040
1001 114328090 114328090 114328090
1002 114328146 114328146 114328146
1003 114328186 114328186 114328186
1004 114328236 114328236 114328236
1005 114328283 114328283 114328283
1006 114328339 114328339 114328339
1007 114328392 114328392 114328392
1008 114328441 114328441 114328441
1009 114328499 114328499 114328499
1010 114328533 114328533 114328533
1011 114328585 114328585 114328585
1012 114328634 114328634 114328634
1013 114328689 114328689 114328689
1014 114328742 114328743 114328742
1015 114328799 114328800 114328799
1016 114328835 114328835 114328835
1017 114328891 114328891 114328891
1018 114328951 114328951 114328951
1019 114328998 114328998 114328998
1020 114329033 114329035 114329033
1021 114329084 114329084 114329084
1022 114329142 114329142 114329142
1023 114329197 114329197 114329197
1024 114329248 114329248 114329248
1025 114329284 114329284 114329284
1026 114329335 114329335 114329335
1027 114329390 114329391 114329390
1028 114329433 114329433 114329433
1029 114329485 114329485 114329485
1030 114329536 114329536 114329536
1031 114329591 114329591 114329591
1032 114329649 114329649 114329649
1033 114329683 114329683 114329683
1034 114329736 114329736 114329736
1035 114329781 114329782 114329781
1036 114329835 114329835 114329835
1037 114329897 114329898 114329897
1038 114329949 114329950 114329949
1039 114329984 114329984 114329984
1040 114330043 114330043 114330043
1041 114330084 114330084 114330084
1042 114330132 114330132 114330132
1043 114330185 114330185 114330185
1044 114330236 114330236 114330236
1045 114330283 114330284 114330283
1046 114330338 114330338 114330338
1047 114330392 114330392 114330392
1048 114330442 114330442 114330442
1049 114330482 114330482 114330482
1050 114330532 114330532 114330532
1051 114330588 114330588 114330588
1052 114330632 114330632 114330632
1053 114330686 114330686 114330686
1054 114330734 114330734 114330734
1055 114330788 114330788 114330788
1056 114330841 114330841 114330841
1057 114330882 114330882 114330882
1058 114330936 114330936 114330936
1059 114330984 114330987 114330984
1060 114331042 114331042 114331042
1061 114331096 114331096 114331096
1062 114331140 114331141 114331140
1063 114331196 114331196 114331196
1064 114331251 114331251 114331251
1065 114331284 114331284 114331284
1066 114331341 114331342 114331341
1067 114331392 114331393 114331392
1068 114331433 114331433 114331433
1069 114331485 114331485 114331485
1070 114331534 114331534 114331534
1071 114331592 114331592 114331592
1072 114331648 114331648 114331648
1073 114331684 114331684 114331684
1074 114331739 114331739 114331739
1075 114331792 114331792 114331792
1076 114331842 114331843 114331842
1077 114331888 114331888 114331888
1078 114331940 114331940 114331940
1079 114331987 114331987 114331987
1080 114332048 114332049 114332048
1081 114332100 114332100 114332100
1082 114332132 114332133 114332132
1083 114332189 114332189 114332189
1084 114332239 114332241 114332239
1085 114332292 114332292 114332292
1086 114332348 114332349 114332348
1087 114332383 114332384 114332383
1088 114332448 114332448 114332448
1089 114332498 114332499 114332498
1090 114332536 114332536 114332536
1091 114332583 114332584 114332583
1092 114332632 114332632 114332632
1093 114332687 114332687 114332687
1094 114332740 114332741 114332740
1095 114332789 114332789 114332789
1096 114332831 114332832 114332831
1097 114332888 114332888 114332888
1098 114332939 114332939 114332939
1099 114332993 114332996 114332993
1100 114333037 114333038 114333037
1101 114333091 114333091 114333091
1102 114333143 114333143 114333143
1103 114333197 114333197 114333197
1104 114333249 114333250 114333249
1105 114333282 114333282 114333282
1106 114333334 114333334 114333334
1107 114333385 114333386 114333385
1108 114333439 114333439 114333439
1109 114333488 114333489 114333488
1110 114333542 114333542 114333542
1111 114333592 114333592 114333592
1112 114333634 114333634 114333634
1113 114333698 114333702 114333698
1114 114333735 114333735 114333735
1115 114333785 114333786 114333785
1116 114333840 114333840 114333840
1117 114333883 114333884 114333883
1118 114333942 114333942 114333942
1119 114333985 114333986 114333985
1120 114334041 114334041 114334041
1121 114334096 114334097 114334096
1122 114334150 114334150 114334150
1123 114334184 114334184 114334184
1124 114334240 114334240 114334240
1125 114334290 114334290 114334290
1126 114334332 114334333 114334332
1127 114334382 114334382 114334382
1128 114334433 114334433 114334433
1129 114334489 114334489 114334489
1130 114334537 114334537 114334537
1131 114334586 114334587 114334586
1132 114334639 114334639 114334639
1133 114334699 114334699 114334699
1134 114334751 114334751 114334751
1135 114334783 114334783 114334783
1136 114334835 114334837 114334835
1137 114334890 114334890 114334890
1138 114334932 114334932 114334932
1139 114334982 114334982 114334982
1140 114335032 114335032 114335032
1141 114335102 114335102 114335102
1142 114335136 114335137 114335136
1143 114335184 114335184 114335184
1144 114335235 114335235 114335235
1145 114335285 114335285 114335285
1146 114335342 114335342 114335342
1147 114335398 114335398 114335398
1148 114335432 114335433 114335432
1149 114335490 114335490 114335490
1150 114335543 114335543 114335543
1151 114335601 114335601 114335601
1152 114335631 114335631 114335631
1153 114335687 114335687 114335687
1154 114335738 114335738 114335738
1155 114335793 114335793 114335793
1156 114335833 114335833 114335833
1157 114335889 114335889 114335889
1158 114335942 114335942 114335942
1159 114335998 114335998 114335998
1160 114336053 114336053 114336053
1161 114336100 114336101 114336100
1162 114336132 114336132 114336132
1163 114336185 114336185 114336185
1164 114336232 114336232 114336232
1165 114336284 114336284 114336284
1166 114336335 114336335 114336335
1167 114336389 114336390 114336389
1168 114336439 114336440 114336439
1169 114336492 114336492 114336492
1170 114336554 114336554 114336554
1171 114336585 114336586 114336585
1172 114336637 114336637 114336637
1173 114336697 114336697 114336697
1174 114336732 114336734 114336732
1175 114336788 114336788 114336788
1176 114336843 114336843 114336843
1177 114336899 114336899 114336899
1178 114336932 114336932 114336932
1179 114336985 114336985 114336985
1180 114337041 114337041 114337041
1181 114337092 114337092 114337092
1182 114337133 114337134 114337133
1183 114337193 114337196 114337193
1184 114337234 114337234 114337234
1185 114337292 114337292 114337292
1186 114337336 114337336 114337336
1187 114337383 114337383 114337383
1188 114337435 114337435 114337435
1189 114337489 114337496 114337489
1190 114337549 114337549 114337549
1191 114337584 114337584 114337584
1192 114337643 114337643 114337643
1193 114337683 114337683 114337683
1194 114337736 114337736 114337736
1195 114337790 114337790 114337790
1196 114337848 114337849 114337848
1197 114337903 114337903 114337903
1198 114337935 114337935 114337935
1199 114337989 114337989 114337989
1200 114338037 114338037 114338037
1201 114338098 114338098 114338098
1202 114338133 114338134 114338133
1203 114338186 114338186 114338186
1204 114338232 114338232 114338232
1205 114338284 114338284 114338284
1206 114338336 114338337 114338336
1207 114338388 114338389 114338388
1208 114338447 114338447 114338447
1209 114338493 114338493 114338493
1210 114338534 114338534 114338534
1211 114338590 114338590 114338590
1212 114338641 114338641 114338641
1213 114338697 114338698 114338697
1214 114338736 114338736 114338736
1215 114338785 114338785 114338785
1216 114338851 114338851 114338851
1217 114338890 114338890 114338890
1218 114338932 114338934 114338932
1219 114338986 114338986 114338986
1220 114339040 114339042 114339040
1221 114339089 114339089 114339089
1222 114339138 114339138 114339138
1223 114339191 114339191 114339191
1224 114339248 114339249 114339248
1225 114339297 114339297 114339297
1226 114339333 114339333 114339333
1227 114339386 114339386 114339386
1228 114339440 114339440 114339440
1229 114339485 114339485 114339485
1230 114339541 114339541 114339541
1231 114339674 114339675 114339674
1232 114339709 114339715 114339709
1233 114339715 114339716 114339715
1234 114339736 114339736 114339736
1235 114339801 114339801 114339801
1236 114339903 114339903 114339903
1237 114339904 114339904 114339904
1238 114339933 114339933 114339933
1239 114339984 114339985 114339984
1240 114340039 114340039 114340039
1241 114340093 114340093 114340093
1242 114340143 114340143 114340143
1243 114340182 114340182 114340182
1244 114340237 114340237 114340237
1245 114340286 114340286 114340286
1246 114340341 114340342 114340341
1247 114340398 114340398 114340398
1248 114340448 114340448 114340448
1249 114340489 114340490 114340489
1250 114340543 114340546 114340543
1251 114340599 114340600 114340599
1252 114340633 114340633 114340633
1253 114340688 114340688 114340688
1254 114340739 114340739 114340739
1255 114340799 114340799 114340799
1256 114340836 114340836 114340836
1257 114340887 114340887 114340887
1258 114340943 114340943 114340943
1259 114340984 114340984 114340984
1260 114341035 114341036 114341035
1261 114341101 114341102 114341101
1262 114341140 114341140 114341140
1263 114341193 114341193 114341193
1264 114341232 114341232 114341232
1265 114341291 114341291 114341291
1266 114341342 114341346 114341342
1267 114341397 114341397 114341397
1268 114341434 114341435 114341434
1269 114341485 114341485 114341485
1270 114341538 114341538 114341538
1271 114341593 114341596 114341593
1272 114341643 114341643 114341643
1273 114341683 114341683 114341683
1274 114341749 114341749 114341749
1275 114341785 114341785 114341785
1276 114341834 114341834 114341834
1277 114341892 114341892 114341892
1278 114341947 114341947 114341947
1279 114341982 114341982 114341982
1280 114342037 114342038 114342037
1281 114342097 114342098 114342097
1282 114342150 114342151 114342150
1283 114342200 114342201 114342200
1284 114342234 114342234 114342234
1285 114342286 114342286 114342286
1286 114342340 114342340 114342340
1287 114342398 114342398 114342398
1288 114342432 114342432 114342432
1289 114342485 114342485 114342485
1290 114342543 114342543 114342543
1291 114342601 114342601 114342601
1292 114342636 114342636 114342636
1293 114342693 114342693 114342693
1294 114342749 114342749 114342749
1295 114342783 114342783 114342783
1296 114342863 114342864 114342863
1297 114342898 114342899 114342898
1298 114342943 114342943 114342943
1299 114342984 114342985 114342984
1300 114343041 114343041 114343041
1301 114343090 114343090 114343090
1302 114343132 114343132 114343132
1303 114343199 114343199 114343199
1304 114343233 114343233 114343233
1305 114343288 114343288 114343288
1306 114343338 114343339 114343338
1307 114343391 114343392 114343391
1308 114343449 114343449 114343449
1309 114343483 114343483 114343483
1310 114343534 114343534 114343534
1311 114343583 114343583 114343583
1312 114343637 114343637 114343637
1313 114343687 114343688 114343687
1314 114343742 114343742 114343742
1315 114343784 114343785 114343784
1316 114343840 114343840 114343840
1317 114343888 114343888 114343888
1318 114343935 114343935 114343935
1319 114343990 114343990 114343990
1320 114344043 114344043 114344043
1321 114344097 114344098 114344097
1322 114344133 114344133 114344133
1323 114344184 114344193 114344184
1324 114344250 114344250 114344250
1325 114344283 114344283 114344283
1326 114344332 114344333 114344332
1327 114344385 114344385 114344385
1328 114344439 114344439 114344439
1329 114344489 114344489 114344489
1330 114344547 114344547 114344547
1331 114344593 114344593 114344593
1332 114344633 114344633 114344633
1333 114344688 114344689 114344688
1334 114344747 114344747 114344747
1335 114344782 114344784 114344782
1336 114344842 114344842 114344842
1337 114344883 114344883 114344883
1338 114344936 114344936 114344936
1339 114344987 114344987 114344987
1340 114345042 114345042 114345042
1341 114345084 114345084 114345084
1342 114345146 114345146 114345146
1343 114345182 114345182 114345182
1344 114345232 114345233 114345232
1345 114345298 114345298 114345298
1346 114345336 114345337 114345336
1347 114345387 114345387 114345387
1348 114345438 114345438 114345438
1349 114345493 114345493 114345493
1350 114345549 114345549 114345549
1351 114345582 114345582 114345582
1352 114345636 114345637 114345636
1353 114345692 114345698 114345692
1354 114345751 114345752 114345751
1355 114345785 114345785 114345785
1356 114345846 114345847 114345846
1357 114345884 114345884 114345884
1358 114345941 114345942 114345941
1359 114346000 114346000 114346000
1360 114346041 114346041 114346041
1361 114346119 114346119 114346119
1362 114346135 114346135 114346135
1363 114346193 114346193 114346193
1364 114346249 114346249 114346249
1365 114346282 114346282 114346282
1366 114346336 114346336 114346336
1367 114346386 114346386 114346386
1368 114346448 114346448 114346448
1369 114346484 114346484 114346484
1370 114346547 114346547 114346547
1371 114346584 114346585 114346584
1372 114346633 114346633 114346633
1373 114346685 114346685 114346685
1374 114346737 114346737 114346737
1375 114346797 114346798 114346797
1376 114346849 114346850 114346849
1377 114346897 114346898 114346897
1378 114346939 114346939 114346939
1379 114346997 114346997 114346997
1380 114347050 114347050 114347050
1381 114347083 114347083 114347083
1382 114347136 114347137 114347136
1383 114347187 114347187 114347187
1384 114347241 114347242 114347241
1385 114347291 114347291 114347291
1386 114347331 114347331 114347331
1387 114347387 114347387 114347387
1388 114347438 114347438 114347438
1389 114347489 114347490 114347489
1390 114347541 114347542 114347541
1391 114347583 114347584 114347583
1392 114347637 114347637 114347637
1393 114347684 114347685 114347684
1394 114347742 114347742 114347742
1395 114347782 114347782 114347782
1396 114347836 114347836 114347836
1397 114347888 114347888 114347888
1398 114347943 114347943 114347943
1399 114347984 114347984 114347984
