1 121546924 121546925 121546924
2 121546926 121546931 121546926
3 121546951 121546952 121546951
4 121546996 121546997 121546996
5 121547055 121547055 121547055
6 121547099 121547099 121547099
7 121547154 121547158 121547154
8 121547203 121547203 121547203
9 121547243 121547247 121547243
10 121547292 121547293 121547292
11 121547352 121547352 121547352
12 121547392 121547392 121547392
13 121547453 121547453 121547453
14 121547498 121547498 121547498
15 121547557 121547557 121547557
16 121547613 121547613 121547613
17 121547643 121547643 121547643
18 121547693 121547693 121547693
19 121547748 121547748 121547748
20 121547801 121547801 121547801
21 121547849 121547850 121547849
22 121547901 121547901 121547901
23 121547954 121547954 121547954
24 121548006 121548006 121548006
25 121548056 121548057 121548056
26 121548093 121548093 121548093
27 121548149 121548150 121548149
28 121548198 121548198 121548198
29 121548251 121548251 121548251
30 121548300 121548300 121548300
31 121548347 121548347 121548347
32 121548399 121548400 121548399
33 121548447 121548448 121548447
34 121548499 121548500 121548499
35 121548551 121548551 121548551
36 121548601 121548601 121548601
37 121548649 121548649 121548649
38 121548704 121548705 121548704
39 121548754 121548755 121548754
40 121548802 121548802 121548802
41 121548887 121548887 121548887
42 121548899 121548899 121548899
43 121548953 121548953 121548953
44 121549015 121549015 121549015
45 121549054 121549054 121549054
46 121549098 121549098 121549098
47 121549146 121549146 121549146
48 121549201 121549202 121549201
49 121549247 121549248 121549247
50 121549301 121549301 121549301
51 121549354 121549354 121549354
52 121549405 121549405 121549405
53 121549454 121549454 121549454
54 121549492 121549493 121549492
55 121549556 121549556 121549556
56 121549609 121549609 121549609
57 121549648 121549648 121549648
58 121549702 121549702 121549702
59 121549754 121549754 121549754
60 121549804 121549805 121549804
61 121549843 121549843 121549843
62 121549901 121549901 121549901
63 121549963 121549964 121549963
64 121549993 121549993 121549993
65 121550051 121550051 121550051
66 121550105 121550106 121550105
67 121550155 121550155 121550155
68 121550192 121550192 121550192
69 121550253 121550253 121550253
70 121550299 121550299 121550299
71 121550351 121550351 121550351
72 121550400 121550400 121550400
73 121550455 121550455 121550455
74 121550505 121550505 121550505
75 121550566 121550567 121550566
76 121550599 121550599 121550599
77 121550648 121550648 121550648
78 121550699 121550701 121550699
79 121550753 121550753 121550753
80 121550792 121550792 121550792
81 121550852 121550852 121550852
82 121550905 121550906 121550905
83 121550956 121550956 121550956
84 121551007 121551008 121551007
85 121551060 121551060 121551060
86 121551104 121551105 121551104
87 121551149 121551150 121551149
88 121551200 121551201 121551200
89 121551247 121551247 121551247
90 121551299 121551300 121551299
91 121551353 121551355 121551353
92 121551407 121551407 121551407
93 121551442 121551442 121551442
94 121551499 121551500 121551499
95 121551553 121551553 121551553
96 121551601 121551601 121551601
97 121551654 121551655 121551654
98 121551702 121551702 121551702
99 121551753 121551753 121551753
100 121551802 121551803 121551802
101 121551843 121551843 121551843
102 121551901 121551901 121551901
103 121551949 121551949 121551949
104 121552004 121552004 121552004
105 121552055 121552057 121552055
106 121552104 121552105 121552104
107 121552159 121552159 121552159
108 121552192 121552192 121552192
109 121552243 121552243 121552243
110 121552299 121552299 121552299
111 121552365 121552366 121552365
112 121552405 121552405 121552405
113 121552441 121552441 121552441
114 121552546 121552547 121552546
115 121552547 121552547 121552547
116 121552602 121552602 121552602
117 121552647 121552647 121552647
118 121552693 121552700 121552693
119 121552752 121552752 121552752
120 121552803 121552803 121552803
121 121552854 121552855 121552854
122 121552907 121552907 121552907
123 121552966 121552967 121552966
124 121552993 121552993 121552993
125 121553052 121553052 121553052
126 121553101 121553102 121553101
127 121553153 121553153 121553153
128 121553200 121553201 121553200
129 121553249 121553250 121553249
130 121553300 121553300 121553300
131 121553349 121553349 121553349
132 121553400 121553400 121553400
133 121553450 121553450 121553450
134 121553502 121553503 121553502
135 121553553 121553553 121553553
136 121553593 121553593 121553593
137 121553642 121553648 121553642
138 121553699 121553700 121553699
139 121553765 121553766 121553765
140 121553798 121553798 121553798
141 121553878 121553887 121553878
142 121553899 121553899 121553899
143 121553955 121553955 121553955
144 121554007 121554007 121554007
145 121554051 121554051 121554051
146 121554103 121554103 121554103
147 121554157 121554157 121554157
148 121554207 121554207 121554207
149 121554262 121554263 121554262
150 121554293 121554293 121554293
151 121554350 121554350 121554350
152 121554398 121554398 121554398
153 121554452 121554452 121554452
154 121554498 121554498 121554498
155 121554552 121554554 121554552
156 121554598 121554599 121554598
157 121554648 121554648 121554648
158 121554701 121554701 121554701
159 121554748 121554748 121554748
160 121554809 121554809 121554809
161 121554848 121554848 121554848
162 121554903 121554903 121554903
163 121554953 121554953 121554953
164 121555006 121555006 121555006
165 121555055 121555056 121555055
166 121555097 121555097 121555097
167 121555150 121555150 121555150
168 121555198 121555199 121555198
169 121555249 121555250 121555249
170 121555301 121555301 121555301
171 121555349 121555349 121555349
172 121555401 121555401 121555401
173 121555449 121555450 121555449
174 121555501 121555501 121555501
175 121555551 121555553 121555551
176 121555605 121555606 121555605
177 121555657 121555657 121555657
178 121555693 121555693 121555693
179 121555749 121555749 121555749
180 121555799 121555799 121555799
181 121555847 121555847 121555847
182 121555898 121555898 121555898
183 121555946 121555947 121555946
184 121556005 121556005 121556005
185 121556043 121556043 121556043
186 121556119 121556119 121556119
187 121556152 121556152 121556152
188 121556208 121556208 121556208
189 121556248 121556248 121556248
190 121556300 121556302 121556300
191 121556366 121556367 121556366
192 121556402 121556403 121556402
193 121556456 121556456 121556456
194 121556492 121556492 121556492
195 121556550 121556551 121556550
196 121556600 121556600 121556600
197 121556651 121556652 121556651
198 121556703 121556703 121556703
199 121556752 121556753 121556752
200 121556803 121556803 121556803
201 121556852 121556852 121556852
202 121556903 121556903 121556903
203 121556952 121556952 121556952
204 121557003 121557003 121557003
205 121557054 121557055 121557054
206 121557106 121557106 121557106
207 121557158 121557158 121557158
208 121557196 121557196 121557196
209 121557246 121557247 121557246
210 121557298 121557298 121557298
211 121557349 121557350 121557349
212 121557399 121557399 121557399
213 121557449 121557449 121557449
214 121557502 121557503 121557502
215 121557550 121557550 121557550
216 121557604 121557605 121557604
217 121557660 121557660 121557660
218 121557693 121557693 121557693
219 121557749 121557749 121557749
220 121557799 121557800 121557799
221 121557852 121557852 121557852
222 121557897 121557897 121557897
223 121557951 121557951 121557951
224 121557999 121557999 121557999
225 121558050 121558050 121558050
226 121558100 121558101 121558100
227 121558149 121558150 121558149
228 121558201 121558201 121558201
229 121558251 121558251 121558251
230 121558301 121558302 121558301
231 121558351 121558351 121558351
232 121558393 121558393 121558393
233 121558449 121558449 121558449
234 121558497 121558497 121558497
235 121558550 121558551 121558550
236 121558609 121558610 121558609
237 121558642 121558642 121558642
238 121558697 121558697 121558697
239 121558753 121558753 121558753
240 121558802 121558802 121558802
241 121558852 121558852 121558852
242 121558903 121558904 121558903
243 121558954 121558954 121558954
244 121559005 121559006 121559005
245 121559060 121559060 121559060
246 121559093 121559097 121559093
247 121559151 121559151 121559151
248 121559199 121559199 121559199
249 121559250 121559251 121559250
250 121559297 121559297 121559297
251 121559348 121559348 121559348
252 121559398 121559399 121559398
253 121559449 121559449 121559449
254 121559500 121559500 121559500
255 121559554 121559554 121559554
256 121559607 121559607 121559607
257 121559664 121559664 121559664
258 121559692 121559692 121559692
259 121559751 121559751 121559751
260 121559803 121559803 121559803
261 121559853 121559853 121559853
262 121559898 121559899 121559898
263 121559943 121559947 121559943
264 121600000 121600000 121600000
265 121600130 121600131 121600130
266 121600131 121600131 121600131
267 121600153 121600153 121600153
268 121600200 121600200 121600200
269 121600248 121600249 121600248
270 121600301 121600301 121600301
271 121600349 121600349 121600349
272 121600393 121600393 121600393
273 121600452 121600452 121600452
274 121600505 121600506 121600505
275 121600557 121600557 121600557
276 121600597 121600597 121600597
277 121600650 121600651 121600650
278 121600699 121600700 121600699
279 121600747 121600747 121600747
280 121600799 121600799 121600799
281 121600848 121600849 121600848
282 121600900 121600900 121600900
283 121600950 121600950 121600950
284 121601000 121601000 121601000
285 121601051 121601051 121601051
286 121601102 121601103 121601102
287 121601151 121601151 121601151
288 121601196 121601197 121601196
289 121601251 121601251 121601251
290 121601300 121601300 121601300
291 121601352 121601352 121601352
292 121601400 121601400 121601400
293 121601452 121601452 121601452
294 121601500 121601501 121601500
295 121601553 121601553 121601553
296 121601604 121601605 121601604
297 121601658 121601658 121601658
298 121601697 121601699 121601697
299 121601750 121601750 121601750
300 121601803 121601803 121601803
301 121601853 121601853 121601853
302 121601898 121601898 121601898
303 121601949 121601949 121601949
304 121601999 121601999 121601999
305 121602050 121602050 121602050
306 121602099 121602099 121602099
307 121602148 121602149 121602148
308 121602200 121602200 121602200
309 121602246 121602246 121602246
310 121602299 121602299 121602299
311 121602348 121602348 121602348
312 121602400 121602400 121602400
313 121602448 121602448 121602448
314 121602502 121602502 121602502
315 121602550 121602550 121602550
316 121602605 121602605 121602605
317 121602641 121602642 121602641
318 121602697 121602697 121602697
319 121602750 121602751 121602750
320 121602804 121602804 121602804
321 121602842 121602842 121602842
322 121602898 121602898 121602898
323 121602950 121602951 121602950
324 121603002 121603002 121603002
325 121603055 121603055 121603055
326 121603114 121603117 121603114
327 121603151 121603151 121603151
328 121603202 121603202 121603202
329 121603264 121603264 121603264
330 121603293 121603293 121603293
331 121603349 121603350 121603349
332 121603402 121603402 121603402
333 121603451 121603451 121603451
334 121603501 121603501 121603501
335 121603555 121603555 121603555
336 121603592 121603592 121603592
337 121603646 121603647 121603646
338 121603700 121603700 121603700
339 121603751 121603751 121603751
340 121603803 121603803 121603803
341 121603851 121603851 121603851
342 121603904 121603905 121603904
343 121603953 121603953 121603953
344 121604005 121604005 121604005
345 121604042 121604042 121604042
346 121604092 121604093 121604092
347 121604153 121604153 121604153
348 121604204 121604204 121604204
349 121604256 121604256 121604256
350 121604307 121604308 121604307
351 121604347 121604348 121604347
352 121604400 121604401 121604400
353 121604451 121604451 121604451
354 121604503 121604503 121604503
355 121604552 121604552 121604552
356 121604604 121604604 121604604
357 121604656 121604656 121604656
358 121604702 121604703 121604702
359 121604753 121604753 121604753
360 121604804 121604806 121604804
361 121604857 121604857 121604857
362 121604897 121604897 121604897
363 121604949 121604949 121604949
364 121604999 121604999 121604999
365 121605051 121605051 121605051
366 121605102 121605102 121605102
367 121605149 121605150 121605149
368 121605200 121605201 121605200
369 121605249 121605249 121605249
370 121605304 121605305 121605304
371 121605357 121605357 121605357
372 121605392 121605393 121605392
373 121605443 121605448 121605443
374 121605500 121605500 121605500
375 121605551 121605551 121605551
376 121605601 121605601 121605601
377 121605648 121605648 121605648
378 121605702 121605702 121605702
379 121605749 121605749 121605749
380 121605800 121605800 121605800
381 121605864 121605865 121605864
382 121605901 121605902 121605901
383 121605953 121605953 121605953
384 121606006 121606017 121606006
385 121606047 121606048 121606047
386 121606099 121606099 121606099
387 121606142 121606142 121606142
388 121606199 121606199 121606199
389 121606250 121606251 121606250
390 121606297 121606297 121606297
391 121606353 121606354 121606353
392 121606403 121606403 121606403
393 121606442 121606443 121606442
394 121606500 121606500 121606500
395 121606548 121606548 121606548
396 121606602 121606602 121606602
397 121606649 121606650 121606649
398 121606693 121606693 121606693
399 121606748 121606748 121606748
400 121606799 121606799 121606799
401 121606851 121606851 121606851
402 121606898 121606898 121606898
403 121606948 121606950 121606948
404 121607000 121607000 121607000
405 121607049 121607050 121607049
406 121607104 121607105 121607104
407 121607143 121607143 121607143
408 121607201 121607201 121607201
409 121607252 121607252 121607252
410 121607300 121607301 121607300
411 121607352 121607352 121607352
412 121607403 121607404 121607403
413 121607450 121607450 121607450
414 121607497 121607497 121607497
415 121607549 121607549 121607549
416 121607604 121607608 121607604
417 121607665 121607666 121607665
418 121607692 121607696 121607692
419 121607748 121607748 121607748
420 121607800 121607801 121607800
421 121607852 121607852 121607852
422 121607902 121607902 121607902
423 121607949 121607949 121607949
424 121608001 121608001 121608001
425 121608051 121608052 121608051
426 121608102 121608102 121608102
427 121608155 121608155 121608155
428 121608193 121608193 121608193
429 121608251 121608251 121608251
430 121608299 121608299 121608299
431 121608351 121608351 121608351
432 121608398 121608398 121608398
433 121608448 121608448 121608448
434 121608500 121608501 121608500
435 121608547 121608548 121608547
436 121608602 121608602 121608602
437 121608648 121608649 121608648
438 121608701 121608702 121608701
439 121608753 121608753 121608753
440 121608805 121608805 121608805
441 121608842 121608843 121608842
442 121608897 121608897 121608897
443 121608954 121608954 121608954
444 121609000 121609001 121609000
445 121609057 121609058 121609057
446 121609098 121609099 121609098
447 121609153 121609153 121609153
448 121609203 121609203 121609203
449 121609241 121609241 121609241
450 121609300 121609301 121609300
451 121609349 121609349 121609349
452 121609402 121609403 121609402
453 121609449 121609449 121609449
454 121609498 121609498 121609498
455 121609553 121609553 121609553
456 121609608 121609608 121609608
457 121609641 121609642 121609641
458 121609698 121609698 121609698
459 121609748 121609749 121609748
460 121609799 121609800 121609799
461 121609850 121609851 121609850
462 121609899 121609900 121609899
463 121609949 121609949 121609949
464 121610002 121610003 121610002
465 121610052 121610052 121610052
466 121610105 121610105 121610105
467 121610159 121610159 121610159
468 121610193 121610193 121610193
469 121610252 121610252 121610252
470 121610298 121610299 121610298
471 121610352 121610352 121610352
472 121610399 121610399 121610399
473 121610447 121610448 121610447
474 121610500 121610500 121610500
475 121610548 121610548 121610548
476 121610600 121610601 121610600
477 121610649 121610649 121610649
478 121610700 121610701 121610700
479 121610749 121610749 121610749
480 121610802 121610802 121610802
481 121610850 121610851 121610850
482 121610898 121610898 121610898
483 121610953 121610953 121610953
484 121611002 121611002 121611002
485 121611052 121611052 121611052
486 121611097 121611097 121611097
487 121611151 121611151 121611151
488 121611213 121611214 121611213
489 121611251 121611253 121611251
490 121611301 121611301 121611301
491 121611356 121611356 121611356
492 121611392 121611392 121611392
493 121611448 121611448 121611448
494 121611498 121611499 121611498
495 121611553 121611553 121611553
496 121611605 121611605 121611605
497 121611655 121611655 121611655
498 121611710 121611720 121611710
499 121611743 121611743 121611743
500 121611799 121611800 121611799
501 121611858 121611858 121611858
502 121611906 121611906 121611906
503 121611942 121611943 121611942
504 121611999 121611999 121611999
505 121612057 121612057 121612057
506 121612097 121612100 121612097
507 121612150 121612150 121612150
508 121612205 121612205 121612205
509 121612256 121612256 121612256
510 121612292 121612292 121612292
511 121612352 121612352 121612352
512 121612400 121612401 121612400
513 121612447 121612448 121612447
514 121612498 121612499 121612498
515 121612548 121612548 121612548
516 121612603 121612603 121612603
517 121612653 121612653 121612653
518 121612693 121612698 121612693
519 121612752 121612753 121612752
520 121612802 121612802 121612802
521 121612951 121612951 121612951
522 121612951 121612952 121612951
523 121612952 121612952 121612952
524 121613005 121613005 121613005
525 121613051 121613051 121613051
526 121613185 121613186 121613185
527 121613186 121613186 121613186
528 121613214 121613214 121613214
529 121613247 121613247 121613247
530 121613301 121613303 121613301
531 121613348 121613350 121613348
532 121613404 121613405 121613404
533 121613442 121613442 121613442
534 121613498 121613500 121613498
535 121613550 121613550 121613550
536 121613604 121613604 121613604
537 121613650 121613650 121613650
538 121613698 121613698 121613698
539 121613750 121613750 121613750
540 121613802 121613802 121613802
541 121613853 121613853 121613853
542 121613901 121613902 121613901
543 121613957 121613957 121613957
544 121613993 121613998 121613993
545 121614049 121614049 121614049
546 121614103 121614103 121614103
547 121614143 121614143 121614143
548 121614198 121614198 121614198
549 121614266 121614267 121614266
550 121614296 121614296 121614296
551 121614352 121614352 121614352
552 121614402 121614402 121614402
553 121614454 121614454 121614454
554 121614504 121614504 121614504
555 121614553 121614553 121614553
556 121614613 121614613 121614613
557 121614648 121614648 121614648
558 121614700 121614701 121614700
559 121614748 121614748 121614748
560 121614799 121614800 121614799
561 121614851 121614851 121614851
562 121614900 121614900 121614900
563 121614949 121614950 121614949
564 121614998 121614999 121614998
565 121615050 121615050 121615050
566 121615104 121615104 121615104
567 121615153 121615153 121615153
568 121615201 121615201 121615201
569 121615254 121615254 121615254
570 121615304 121615304 121615304
571 121615343 121615346 121615343
572 121615401 121615402 121615401
573 121615448 121615449 121615448
574 121615493 121615493 121615493
575 121615548 121615549 121615548
576 121615601 121615601 121615601
577 121615649 121615649 121615649
578 121615698 121615698 121615698
579 121615749 121615749 121615749
580 121615798 121615799 121615798
581 121615853 121615853 121615853
582 121615901 121615901 121615901
583 121615952 121615952 121615952
584 121615998 121615999 121615998
585 121616054 121616054 121616054
586 121616099 121616099 121616099
587 121616146 121616146 121616146
588 121616201 121616202 121616201
589 121616248 121616249 121616248
590 121616302 121616302 121616302
591 121616351 121616351 121616351
592 121616397 121616397 121616397
593 121616450 121616451 121616450
594 121616499 121616499 121616499
595 121616553 121616553 121616553
596 121616603 121616603 121616603
597 121616648 121616648 121616648
598 121616698 121616698 121616698
599 121616750 121616750 121616750
600 121616798 121616798 121616798
601 121616852 121616853 121616852
602 121616903 121616903 121616903
603 121616951 121616951 121616951
604 121617005 121617005 121617005
605 121617054 121617054 121617054
606 121617092 121617093 121617092
607 121617150 121617150 121617150
608 121617198 121617198 121617198
609 121617250 121617251 121617250
610 121617293 121617293 121617293
611 121617352 121617352 121617352
612 121617403 121617403 121617403
613 121617442 121617442 121617442
614 121617500 121617500 121617500
615 121617549 121617549 121617549
616 121617605 121617605 121617605
617 121617652 121617653 121617652
618 121617702 121617703 121617702
619 121617752 121617752 121617752
620 121617799 121617799 121617799
621 121617854 121617854 121617854
622 121617901 121617901 121617901
623 121617954 121617954 121617954
624 121618003 121618004 121618003
625 121618054 121618054 121618054
626 121618104 121618104 121618104
627 121618151 121618155 121618151
628 121618201 121618201 121618201
629 121618259 121618259 121618259
630 121618296 121618296 121618296
631 121618350 121618350 121618350
632 121618403 121618404 121618403
633 121618453 121618453 121618453
634 121618505 121618506 121618505
635 121618556 121618556 121618556
636 121618597 121618597 121618597
637 121618651 121618651 121618651
638 121618700 121618700 121618700
639 121618753 121618753 121618753
640 121618799 121618799 121618799
641 121618849 121618849 121618849
642 121618901 121618901 121618901
643 121618949 121618950 121618949
644 121618997 121618997 121618997
645 121619048 121619048 121619048
646 121619105 121619106 121619105
647 121619160 121619160 121619160
648 121619197 121619197 121619197
649 121619252 121619252 121619252
650 121619302 121619302 121619302
651 121619356 121619356 121619356
652 121619408 121619409 121619408
653 121619442 121619442 121619442
654 121619499 121619499 121619499
655 121619555 121619555 121619555
656 121619607 121619607 121619607
657 121619641 121619642 121619641
658 121619697 121619697 121619697
659 121619748 121619748 121619748
660 121619823 121619824 121619823
661 121619852 121619853 121619852
662 121619893 121619893 121619893
663 121619947 121619947 121619947
664 121619998 121619998 121619998
665 121620049 121620049 121620049
666 121620100 121620100 121620100
667 121620148 121620148 121620148
668 121620199 121620199 121620199
669 121620255 121620255 121620255
670 121620303 121620303 121620303
671 121620343 121620343 121620343
672 121620402 121620402 121620402
673 121620450 121620450 121620450
674 121620499 121620499 121620499
675 121620552 121620553 121620552
676 121620598 121620599 121620598
677 121620652 121620652 121620652
678 121620700 121620700 121620700
679 121620753 121620753 121620753
680 121620797 121620798 121620797
681 121620857 121620857 121620857
682 121620914 121620914 121620914
683 121620947 121620947 121620947
684 121621000 121621000 121621000
685 121621049 121621049 121621049
686 121621093 121621100 121621093
687 121621148 121621148 121621148
688 121621198 121621198 121621198
689 121621250 121621250 121621250
690 121621299 121621299 121621299
691 121621355 121621355 121621355
692 121621393 121621393 121621393
693 121621451 121621451 121621451
694 121621502 121621502 121621502
695 121621553 121621553 121621553
696 121621604 121621605 121621604
697 121621656 121621656 121621656
698 121621703 121621703 121621703
699 121621752 121621752 121621752
700 121621804 121621804 121621804
701 121621856 121621856 121621856
702 121621892 121621892 121621892
703 121621943 121621950 121621943
704 121621998 121621998 121621998
705 121622050 121622050 121622050
706 121622100 121622100 121622100
707 121622152 121622152 121622152
708 121622201 121622202 121622201
709 121622248 121622249 121622248
710 121622314 121622314 121622314
711 121622345 121622346 121622345
712 121622400 121622400 121622400
713 121622449 121622449 121622449
714 121622493 121622493 121622493
715 121622548 121622548 121622548
716 121622598 121622599 121622598
717 121622650 121622650 121622650
718 121622697 121622698 121622697
719 121622751 121622751 121622751
720 121622799 121622799 121622799
721 121622851 121622851 121622851
722 121622900 121622902 121622900
723 121622953 121622953 121622953
724 121623001 121623002 121623001
725 121623048 121623048 121623048
726 121623099 121623100 121623099
727 121623148 121623148 121623148
728 121623196 121623197 121623196
729 121623249 121623249 121623249
730 121623299 121623299 121623299
731 121623355 121623355 121623355
732 121623392 121623392 121623392
733 121623451 121623451 121623451
734 121623500 121623500 121623500
735 121623553 121623553 121623553
736 121623602 121623603 121623602
737 121623655 121623656 121623655
738 121623692 121623692 121623692
739 121623747 121623747 121623747
740 121623801 121623801 121623801
741 121623850 121623850 121623850
742 121623905 121623905 121623905
743 121623959 121623959 121623959
744 121623998 121623998 121623998
745 121624050 121624051 121624050
746 121624097 121624097 121624097
747 121624151 121624151 121624151
748 121624198 121624198 121624198
749 121624251 121624251 121624251
750 121624302 121624302 121624302
751 121624355 121624355 121624355
752 121624404 121624404 121624404
753 121624459 121624459 121624459
754 121624493 121624493 121624493
755 121624549 121624549 121624549
756 121624605 121624605 121624605
757 121624653 121624653 121624653
758 121624703 121624703 121624703
759 121624752 121624753 121624752
760 121624801 121624801 121624801
761 121624851 121624852 121624851
762 121624899 121624900 121624899
763 121624952 121624952 121624952
764 121625001 121625001 121625001
765 121625043 121625043 121625043
766 121625103 121625104 121625103
767 121625149 121625149 121625149
768 121625197 121625199 121625197
769 121625249 121625249 121625249
770 121625302 121625302 121625302
771 121625353 121625354 121625353
772 121625392 121625392 121625392
773 121625450 121625450 121625450
774 121625499 121625499 121625499
775 121625551 121625551 121625551
776 121625598 121625598 121625598
777 121625649 121625651 121625649
778 121625701 121625702 121625701
779 121625748 121625748 121625748
780 121625801 121625801 121625801
781 121625850 121625850 121625850
782 121625901 121625901 121625901
783 121625948 121625948 121625948
784 121625998 121625999 121625998
785 121626049 121626049 121626049
786 121626096 121626096 121626096
787 121626142 121626142 121626142
788 121626198 121626199 121626198
789 121626251 121626251 121626251
790 121626303 121626303 121626303
791 121626359 121626359 121626359
792 121626407 121626407 121626407
793 121626443 121626443 121626443
794 121626503 121626503 121626503
795 121626549 121626549 121626549
796 121626601 121626601 121626601
797 121626653 121626653 121626653
798 121626703 121626704 121626703
799 121626754 121626754 121626754
800 121626791 121626791 121626791
801 121626850 121626850 121626850
802 121626900 121626900 121626900
803 121626951 121626952 121626951
804 121626998 121626998 121626998
805 121627052 121627052 121627052
806 121627101 121627101 121627101
807 121627147 121627147 121627147
808 121627202 121627203 121627202
809 121627258 121627259 121627258
810 121627304 121627304 121627304
811 121627359 121627359 121627359
812 121627396 121627397 121627396
813 121627455 121627455 121627455
814 121627491 121627492 121627491
815 121627543 121627543 121627543
816 121627597 121627597 121627597
817 121627652 121627652 121627652
818 121627698 121627699 121627698
819 121627752 121627753 121627752
820 121627803 121627803 121627803
821 121627853 121627853 121627853
822 121627903 121627903 121627903
823 121627947 121627947 121627947
824 121627993 121627993 121627993
825 121628049 121628049 121628049
826 121628099 121628100 121628099
827 121628149 121628149 121628149
828 121628199 121628199 121628199
829 121628252 121628252 121628252
830 121628298 121628299 121628298
831 121628351 121628351 121628351
832 121628403 121628403 121628403
833 121628443 121628447 121628443
834 121628501 121628501 121628501
835 121628548 121628548 121628548
836 121628600 121628600 121628600
837 121628650 121628650 121628650
838 121628701 121628701 121628701
839 121628750 121628750 121628750
840 121628798 121628798 121628798
841 121628850 121628850 121628850
842 121628898 121628898 121628898
843 121628950 121628950 121628950
844 121628999 121628999 121628999
845 121629051 121629052 121629051
846 121629101 121629101 121629101
847 121629142 121629143 121629142
848 121629202 121629202 121629202
849 121629243 121629247 121629243
850 121629293 121629293 121629293
851 121629351 121629351 121629351
852 121629406 121629406 121629406
853 121629446 121629446 121629446
854 121629497 121629498 121629497
855 121629549 121629549 121629549
856 121629598 121629598 121629598
857 121629653 121629653 121629653
858 121629699 121629699 121629699
859 121629748 121629748 121629748
860 121629799 121629799 121629799
861 121629854 121629854 121629854
862 121629906 121629906 121629906
863 121629942 121629942 121629942
864 121629999 121629999 121629999
865 121630049 121630049 121630049
866 121630101 121630101 121630101
867 121630150 121630151 121630150
868 121630200 121630200 121630200
869 121630250 121630250 121630250
870 121630300 121630300 121630300
871 121630350 121630350 121630350
872 121630400 121630400 121630400
873 121630456 121630456 121630456
874 121630509 121630509 121630509
875 121630557 121630557 121630557
876 121630598 121630601 121630598
877 121630656 121630656 121630656
878 121630705 121630705 121630705
879 121630758 121630758 121630758
880 121630808 121630808 121630808
881 121630847 121630847 121630847
882 121630898 121630898 121630898
883 121630949 121630950 121630949
884 121630999 121630999 121630999
885 121631053 121631053 121631053
886 121631098 121631099 121631098
887 121631149 121631149 121631149
888 121631199 121631199 121631199
889 121631255 121631255 121631255
890 121631304 121631304 121631304
891 121631342 121631342 121631342
892 121631402 121631403 121631402
893 121631450 121631450 121631450
894 121631498 121631499 121631498
895 121631551 121631551 121631551
896 121631597 121631598 121631597
897 121631650 121631650 121631650
898 121631699 121631700 121631699
899 121631750 121631751 121631750
900 121631800 121631800 121631800
901 121631855 121631855 121631855
902 121631904 121631904 121631904
903 121631955 121631955 121631955
904 121632005 121632005 121632005
905 121632058 121632058 121632058
906 121632109 121632109 121632109
907 121632148 121632148 121632148
908 121632202 121632202 121632202
909 121632249 121632249 121632249
910 121632299 121632299 121632299
911 121632354 121632354 121632354
912 121632393 121632393 121632393
913 121632456 121632457 121632456
914 121632493 121632496 121632493
915 121632548 121632548 121632548
916 121632599 121632600 121632599
917 121632642 121632643 121632642
918 121632701 121632701 121632701
919 121632750 121632750 121632750
920 121632801 121632801 121632801
921 121632849 121632849 121632849
922 121632904 121632904 121632904
923 121632953 121632953 121632953
924 121633000 121633001 121633000
925 121633053 121633053 121633053
926 121633093 121633093 121633093
927 121633150 121633150 121633150
928 121633199 121633199 121633199
929 121633252 121633252 121633252
930 121633300 121633300 121633300
931 121633368 121633368 121633368
932 121633414 121633414 121633414
933 121633442 121633443 121633442
934 121633547 121633547 121633547
935 121633548 121633548 121633548
936 121633601 121633601 121633601
937 121633649 121633649 121633649
938 121633693 121633693 121633693
939 121633750 121633751 121633750
940 121633797 121633797 121633797
941 121633853 121633853 121633853
942 121633898 121633898 121633898
943 121633948 121633948 121633948
944 121633999 121634000 121633999
945 121634054 121634054 121634054
946 121634102 121634102 121634102
947 121634153 121634153 121634153
948 121634205 121634205 121634205
949 121634246 121634246 121634246
950 121634298 121634298 121634298
951 121634352 121634352 121634352
952 121634401 121634401 121634401
953 121634453 121634453 121634453
954 121634493 121634493 121634493
955 121634551 121634551 121634551
956 121634598 121634598 121634598
957 121634653 121634653 121634653
958 121634700 121634700 121634700
959 121634749 121634749 121634749
960 121634803 121634803 121634803
961 121634856 121634857 121634856
962 121634906 121634906 121634906
963 121634959 121634959 121634959
964 121635009 121635009 121635009
965 121635042 121635042 121635042
966 121635097 121635097 121635097
967 121635150 121635150 121635150
968 121635197 121635197 121635197
969 121635251 121635252 121635251
970 121635298 121635298 121635298
971 121635348 121635348 121635348
972 121635400 121635400 121635400
973 121635456 121635456 121635456
974 121635505 121635505 121635505
975 121635558 121635558 121635558
976 121635592 121635592 121635592
977 121635651 121635651 121635651
978 121635707 121635707 121635707
979 121635758 121635759 121635758
980 121635793 121635793 121635793
981 121635851 121635851 121635851
982 121635907 121635908 121635907
983 121635943 121635943 121635943
984 121635998 121635998 121635998
985 121636050 121636051 121636050
986 121636106 121636107 121636106
987 121636143 121636143 121636143
988 121636202 121636202 121636202
989 121636248 121636250 121636248
990 121636297 121636298 121636297
991 121636350 121636350 121636350
992 121636397 121636398 121636397
993 121636450 121636450 121636450
994 121636500 121636500 121636500
995 121636550 121636551 121636550
996 121636598 121636599 121636598
997 121636652 121636652 121636652
998 121636701 121636702 121636701
999 121636749 121636749 121636749
1000 121636799 121636799 121636799
1001 121636852 121636852 121636852
1002 121636905 121636905 121636905
1003 121636958 121636958 121636958
1004 121636991 121636992 121636991
1005 121637048 121637049 121637048
1006 121637097 121637097 121637097
1007 121637149 121637149 121637149
1008 121637200 121637201 121637200
1009 121637252 121637252 121637252
1010 121637298 121637298 121637298
1011 121637352 121637353 121637352
1012 121637400 121637400 121637400
1013 121637450 121637451 121637450
1014 121637506 121637507 121637506
1015 121637559 121637559 121637559
1016 121637592 121637592 121637592
1017 121637656 121637656 121637656
1018 121637705 121637706 121637705
1019 121637751 121637752 121637751
1020 121637805 121637806 121637805
1021 121637857 121637858 121637857
1022 121637893 121637897 121637893
1023 121637951 121637951 121637951
1024 121637999 121637999 121637999
1025 121638048 121638048 121638048
1026 121638106 121638107 121638106
1027 121638147 121638148 121638147
1028 121638206 121638207 121638206
1029 121638243 121638246 121638243
1030 121638303 121638303 121638303
1031 121638353 121638354 121638353
1032 121638408 121638408 121638408
1033 121638442 121638442 121638442
1034 121638503 121638503 121638503
1035 121638554 121638555 121638554
1036 121638597 121638597 121638597
1037 121638651 121638652 121638651
1038 121638698 121638699 121638698
1039 121638748 121638751 121638748
1040 121638799 121638800 121638799
1041 121638850 121638850 121638850
1042 121638900 121638901 121638900
1043 121638958 121638958 121638958
1044 121639008 121639008 121639008
1045 121639048 121639048 121639048
1046 121639102 121639102 121639102
1047 121639165 121639165 121639165
1048 121639197 121639197 121639197
1049 121639249 121639249 121639249
1050 121639298 121639299 121639298
1051 121639352 121639352 121639352
1052 121639401 121639401 121639401
1053 121639453 121639453 121639453
1054 121639506 121639507 121639506
1055 121639542 121639543 121639542
1056 121639600 121639600 121639600
1057 121639658 121639658 121639658
1058 121639692 121639692 121639692
1059 121639752 121639752 121639752
1060 121639805 121639805 121639805
1061 121639852 121639853 121639852
1062 121639906 121639907 121639906
1063 121639954 121639955 121639954
1064 121639992 121639992 121639992
1065 121640050 121640050 121640050
1066 121640097 121640098 121640097
1067 121640149 121640151 121640149
1068 121640200 121640201 121640200
1069 121640248 121640249 121640248
1070 121640300 121640300 121640300
1071 121640353 121640353 121640353
1072 121640405 121640405 121640405
1073 121640463 121640463 121640463
1074 121640496 121640496 121640496
1075 121640549 121640549 121640549
1076 121640599 121640599 121640599
1077 121640651 121640652 121640651
1078 121640699 121640699 121640699
1079 121640750 121640751 121640750
1080 121640797 121640797 121640797
1081 121640848 121640848 121640848
1082 121640902 121640903 121640902
1083 121640951 121640951 121640951
1084 121641001 121641001 121641001
1085 121641048 121641048 121641048
1086 121641092 121641092 121641092
1087 121641157 121641158 121641157
1088 121641210 121641210 121641210
1089 121641242 121641242 121641242
1090 121641298 121641298 121641298
1091 121641351 121641351 121641351
1092 121641401 121641401 121641401
1093 121641452 121641452 121641452
1094 121641505 121641505 121641505
1095 121641546 121641547 121641546
1096 121641601 121641601 121641601
1097 121641654 121641655 121641654
1098 121641704 121641704 121641704
1099 121641758 121641758 121641758
1100 121641808 121641808 121641808
1101 121641846 121641846 121641846
1102 121641898 121641898 121641898
1103 121641951 121641951 121641951
1104 121641999 121641999 121641999
1105 121642050 121642050 121642050
1106 121642098 121642098 121642098
1107 121642151 121642151 121642151
1108 121642198 121642198 121642198
1109 121642248 121642248 121642248
1110 121642302 121642302 121642302
1111 121642348 121642348 121642348
1112 121642401 121642401 121642401
1113 121642448 121642448 121642448
1114 121642505 121642505 121642505
1115 121642559 121642560 121642559
1116 121642593 121642597 121642593
1117 121642655 121642655 121642655
1118 121642707 121642707 121642707
1119 121642755 121642755 121642755
1120 121642793 121642793 121642793
1121 121642867 121642867 121642867
1122 121642898 121642898 121642898
1123 121642955 121642956 121642955
1124 121643004 121643004 121643004
1125 121643055 121643056 121643055
1126 121643105 121643105 121643105
1127 121643159 121643159 121643159
1128 121643192 121643192 121643192
1129 121643248 121643248 121643248
1130 121643298 121643299 121643298
1131 121643348 121643348 121643348
1132 121643405 121643405 121643405
1133 121643455 121643455 121643455
1134 121643497 121643497 121643497
1135 121643553 121643553 121643553
1136 121643603 121643604 121643603
1137 121643646 121643646 121643646
1138 121643702 121643702 121643702
1139 121643749 121643749 121643749
1140 121643801 121643801 121643801
1141 121643848 121643849 121643848
1142 121643906 121643906 121643906
1143 121643960 121643960 121643960
1144 121643997 121643997 121643997
1145 121644054 121644055 121644054
1146 121644107 121644107 121644107
1147 121644149 121644150 121644149
1148 121644202 121644202 121644202
1149 121644254 121644254 121644254
1150 121644303 121644303 121644303
1151 121644343 121644343 121644343
1152 121644402 121644402 121644402
1153 121644449 121644449 121644449
1154 121644505 121644505 121644505
1155 121644558 121644559 121644558
1156 121644609 121644609 121644609
1157 121644649 121644649 121644649
1158 121644700 121644701 121644700
1159 121644750 121644752 121644750
1160 121644799 121644799 121644799
1161 121644851 121644851 121644851
1162 121644899 121644899 121644899
1163 121644954 121644954 121644954
1164 121645004 121645005 121645004
1165 121645042 121645042 121645042
1166 121645102 121645102 121645102
1167 121645148 121645148 121645148
1168 121645193 121645193 121645193
1169 121645251 121645251 121645251
1170 121645301 121645301 121645301
1171 121645350 121645351 121645350
1172 121645398 121645398 121645398
1173 121645450 121645451 121645450
1174 121645498 121645498 121645498
1175 121645553 121645553 121645553
1176 121645608 121645608 121645608
1177 121645642 121645642 121645642
1178 121645700 121645700 121645700
1179 121645753 121645753 121645753
1180 121645801 121645801 121645801
1181 121645850 121645850 121645850
1182 121645901 121645901 121645901
1183 121645947 121645947 121645947
1184 121645999 121645999 121645999
1185 121646049 121646050 121646049
1186 121646099 121646099 121646099
1187 121646149 121646149 121646149
1188 121646198 121646199 121646198
1189 121646243 121646243 121646243
1190 121646298 121646298 121646298
1191 121646351 121646351 121646351
1192 121646399 121646400 121646399
1193 121646449 121646450 121646449
1194 121646502 121646502 121646502
1195 121646553 121646555 121646553
1196 121646602 121646603 121646602
1197 121646655 121646655 121646655
1198 121646693 121646693 121646693
1199 121646749 121646749 121646749
1200 121646799 121646799 121646799
1201 121646852 121646852 121646852
1202 121646906 121646906 121646906
1203 121646953 121646953 121646953
1204 121647007 121647007 121647007
1205 121647041 121647042 121647041
1206 121647100 121647100 121647100
1207 121647149 121647149 121647149
1208 121647201 121647201 121647201
1209 121647249 121647249 121647249
1210 121647293 121647293 121647293
1211 121647348 121647351 121647348
1212 121647398 121647398 121647398
1213 121647450 121647450 121647450
1214 121647499 121647499 121647499
1215 121647550 121647550 121647550
1216 121647605 121647605 121647605
1217 121647656 121647656 121647656
1218 121647697 121647697 121647697
1219 121647749 121647749 121647749
1220 121647800 121647800 121647800
1221 121647847 121647848 121647847
1222 121647902 121647902 121647902
1223 121647947 121647947 121647947
1224 121648000 121648000 121648000
1225 121648051 121648051 121648051
1226 121648104 121648104 121648104
1227 121648151 121648151 121648151
1228 121648198 121648198 121648198
1229 121648250 121648251 121648250
1230 121648298 121648298 121648298
1231 121648347 121648350 121648347
1232 121648399 121648399 121648399
1233 121648450 121648451 121648450
1234 121648500 121648501 121648500
1235 121648554 121648554 121648554
1236 121648604 121648604 121648604
1237 121648658 121648658 121648658
1238 121648693 121648693 121648693
1239 121648750 121648750 121648750
1240 121648796 121648796 121648796
1241 121648849 121648849 121648849
1242 121648899 121648899 121648899
1243 121648949 121648949 121648949
1244 121649000 121649000 121649000
1245 121649051 121649052 121649051
1246 121649098 121649099 121649098
1247 121649153 121649153 121649153
1248 121649201 121649202 121649201
1249 121649254 121649254 121649254
1250 121649305 121649305 121649305
1251 121649357 121649358 121649357
1252 121649407 121649407 121649407
1253 121649447 121649447 121649447
1254 121649503 121649503 121649503
1255 121649550 121649550 121649550
1256 121649609 121649609 121649609
1257 121649665 121649666 121649665
1258 121649699 121649699 121649699
1259 121649751 121649752 121649751
1260 121649797 121649797 121649797
1261 121649848 121649848 121649848
1262 121649900 121649900 121649900
1263 121649949 121649954 121649949
1264 121650006 121650006 121650006
1265 121650059 121650060 121650059
1266 121650092 121650093 121650092
1267 121650152 121650152 121650152
1268 121650198 121650198 121650198
1269 121650250 121650250 121650250
1270 121650298 121650299 121650298
1271 121650349 121650349 121650349
1272 121650409 121650410 121650409
1273 121650443 121650443 121650443
1274 121650499 121650499 121650499
1275 121650550 121650552 121650550
1276 121650601 121650601 121650601
1277 121650652 121650652 121650652
1278 121650708 121650709 121650708
1279 121650743 121650743 121650743
1280 121650801 121650802 121650801
1281 121650851 121650851 121650851
1282 121650905 121650905 121650905
1283 121650963 121650963 121650963
1284 121650992 121650992 121650992
1285 121651050 121651050 121651050
1286 121651096 121651096 121651096
1287 121651143 121651146 121651143
1288 121651199 121651199 121651199
1289 121651249 121651249 121651249
1290 121651300 121651301 121651300
1291 121651355 121651355 121651355
1292 121651402 121651402 121651402
1293 121651454 121651454 121651454
1294 121651507 121651508 121651507
1295 121651549 121651549 121651549
1296 121651605 121651606 121651605
1297 121651664 121651664 121651664
1298 121651693 121651696 121651693
1299 121651750 121651750 121651750
1300 121651801 121651801 121651801
1301 121651854 121651854 121651854
1302 121651905 121651905 121651905
1303 121651946 121651946 121651946
1304 121652000 121652000 121652000
1305 121652049 121652049 121652049
1306 121652103 121652103 121652103
1307 121652147 121652148 121652147
1308 121652199 121652199 121652199
1309 121652251 121652251 121652251
1310 121652301 121652301 121652301
1311 121652352 121652352 121652352
1312 121652398 121652398 121652398
1313 121652451 121652451 121652451
1314 121652498 121652498 121652498
1315 121652551 121652551 121652551
1316 121652600 121652601 121652600
1317 121652653 121652655 121652653
1318 121652705 121652705 121652705
1319 121652742 121652742 121652742
1320 121652799 121652801 121652799
1321 121652851 121652851 121652851
1322 121652907 121652907 121652907
1323 121652964 121652964 121652964
1324 121652991 121652992 121652991
1325 121653053 121653054 121653053
1326 121653098 121653099 121653098
1327 121653147 121653149 121653147
1328 121653201 121653201 121653201
1329 121653248 121653248 121653248
1330 121653299 121653300 121653299
1331 121653350 121653350 121653350
1332 121653400 121653401 121653400
1333 121653448 121653449 121653448
1334 121653502 121653503 121653502
1335 121653550 121653550 121653550
1336 121653603 121653603 121653603
1337 121653652 121653652 121653652
1338 121653704 121653705 121653704
1339 121653756 121653756 121653756
1340 121653801 121653802 121653801
1341 121653908 121653908 121653908
1342 121653908 121653909 121653908
1343 121653972 121653972 121653972
1344 121654014 121654015 121654014
1345 121654057 121654057 121654057
1346 121654107 121654107 121654107
1347 121654147 121654147 121654147
1348 121654201 121654201 121654201
1349 121654250 121654250 121654250
1350 121654303 121654304 121654303
1351 121654353 121654354 121654353
1352 121654406 121654407 121654406
1353 121654456 121654456 121654456
1354 121654508 121654509 121654508
1355 121654559 121654559 121654559
1356 121654598 121654598 121654598
1357 121654659 121654659 121654659
1358 121654699 121654699 121654699
1359 121654748 121654748 121654748
1360 121654804 121654804 121654804
1361 121654846 121654846 121654846
1362 121654902 121654902 121654902
1363 121654948 121654948 121654948
1364 121655001 121655002 121655001
1365 121655052 121655052 121655052
1366 121655098 121655099 121655098
1367 121655150 121655150 121655150
1368 121655201 121655202 121655201
1369 121655252 121655252 121655252
1370 121655298 121655299 121655298
1371 121655349 121655351 121655349
1372 121655401 121655401 121655401
1373 121655448 121655448 121655448
1374 121655500 121655501 121655500
1375 121655548 121655548 121655548
1376 121655601 121655601 121655601
1377 121655652 121655653 121655652
1378 121655692 121655692 121655692
1379 121655750 121655751 121655750
1380 121655799 121655799 121655799
1381 121655850 121655851 121655850
1382 121655903 121655903 121655903
1383 121655954 121655954 121655954
1384 121656001 121656002 121656001
1385 121656052 121656053 121656052
1386 121656093 121656100 121656093
1387 121656146 121656146 121656146
1388 121656192 121656193 121656192
1389 121656248 121656248 121656248
1390 121656300 121656300 121656300
1391 121656350 121656350 121656350
1392 121656397 121656398 121656397
1393 121656450 121656450 121656450
1394 121656497 121656498 121656497
1395 121656551 121656551 121656551
1396 121656599 121656599 121656599
1397 121656654 121656658 121656654
1398 121656699 121656700 121656699
1399 121656749 121656749 121656749
