1 0.06344634294509888 0.3794809579849243 10.035296440124512      
2 -0.02513911761343479 0.3770867586135864 10.053253173828125      
3 0.04189852997660637 0.365115761756897 10.02811336517334      
4 0.09816227108240128 0.3579331636428833 10.038887977600098      
5 -0.013168109580874443 0.36152446269989014 10.032901763916016      
6 -0.0035913025494664907 0.365115761756897 10.067618370056152      
7 -0.033518824726343155 0.363918662071228 10.052056312561035      
8 0.02274491637945175 0.35673606395721436 10.030508041381836      
9 0.07900865375995636 0.35075053572654724 10.035296440124512      
10 -0.03950432687997818 0.3531447649002075 10.017339706420898      
11 0.05985504388809204 0.365115761756897 10.042478561401367      
12 -0.014365210197865963 0.3603273630142212 10.042478561401367      
13 0.06823474913835526 0.3663128614425659 10.0580415725708      
14 -0.08379705995321274 0.3603273630142212 10.043676376342773      
15 -0.11851298063993454 0.3687070608139038 10.032901763916016      
16 0.11372458189725876 0.3627215623855591 10.054450035095215      
17 -0.08619125932455063 0.35673606395721436 10.031704902648926      
18 0.033518824726343155 0.3627215623855591 10.02691650390625      
19 0.02513911761343479 0.3447650372982025 10.005369186401367      
20 -0.03711012750864029 0.34356793761253357 9.99100399017334      
21 -0.011971008032560349 0.34835633635520935 10.005369186401367      
22 -0.05027823522686958 0.35673606395721436 10.016142845153809      
23 0.1149216815829277 0.3663128614425659 10.05923843383789      
24 -0.1041477769613266 0.3663128614425659 10.041281700134277      
25 0.13407529890537262 0.3758896589279175 10.043676376342773      
26 -0.0586579404771328 0.3770867586135864 10.0580415725708      
27 -0.13766659796237946 0.3758896589279175 10.049661636352539      
28 0.1149216815829277 0.365115761756897 10.040084838867188      
29 -0.10295066982507706 0.3423708379268646 10.000580787658691      
30 0.03711012750864029 0.3471592366695404 10.020931243896484      
31 0.0933738648891449 0.3603273630142212 10.066421508789062      
32 -0.038307227194309235 0.37469255924224854 10.035296440124512      
33 0.09576806426048279 0.3770867586135864 10.066421508789062      
34 -0.152031809091568 0.3603273630142212 10.017339706420898      
35 0.03950432687997818 0.35075053572654724 10.02452278137207      
36 -0.1149216815829277 0.3495534360408783 10.02452278137207      
37 0.11252748221158981 0.35075053572654724 10.002974510192871      
38 -0.05626374110579491 0.35673606395721436 10.02452278137207      
39 -0.06224924325942993 0.35075053572654724 10.040084838867188      
40 0.181959331035614 0.3663128614425659 10.053253173828125      
41 -0.010773907415568829 0.34596213698387146 10.022128105163574      
42 0.015562310814857483 0.36152446269989014 10.02452278137207      
43 0.013168109580874443 0.3687070608139038 10.061633110046387      
44 -0.014365210197865963 0.3794809579849243 10.054450035095215      
45 0.08619125932455063 0.3758896589279175 10.079588890075684      
46 -0.02513911761343479 0.36750996112823486 10.022128105163574      
47 -0.16519992053508759 0.35673606395721436 10.017339706420898      
48 0.090979665517807 0.3495534360408783 10.005369186401367      
49 -0.12928688526153564 0.3495534360408783 10.006566047668457      
50 -0.14006079733371735 0.3519476354122162 10.031704902648926      
51 -0.09576806426048279 0.365115761756897 10.044873237609863      
52 0.02513911761343479 0.3603273630142212 10.055646896362305      
53 0.0802057534456253 0.3926490843296051 10.095151901245117      
54 0.08259996026754379 0.3866635859012604 10.095151901245117      
55 0.004788403399288654 0.3818751573562622 10.067618370056152      
56 0.04668693244457245 0.3794809579849243 10.064026832580566      
57 -0.17238251864910126 0.363918662071228 10.005369186401367      
58 0.0011971008498221636 0.35075053572654724 10.022128105163574      
59 -0.152031809091568 0.34835633635520935 10.019734382629395      
60 0.020350715145468712 0.35434186458587646 10.008959770202637      
61 -0.08140286058187485 0.3555389642715454 10.041281700134277      
62 0.12928688526153564 0.35913026332855225 10.035296440124512      
63 -0.015562310814857483 0.3734954595565796 10.04846477508545      
64 0.0454898327589035 0.363918662071228 10.046070098876953      
65 0.07900865375995636 0.37229835987091064 10.042478561401367      
66 0.035913024097681046 0.3663128614425659 10.04846477508545      
67 -0.021547814831137657 0.3794809579849243 10.061633110046387      
68 0.07422025501728058 0.38307225704193115 10.073603630065918      
69 -0.11971008777618408 0.3627215623855591 10.031704902648926      
70 0.1041477769613266 0.365115761756897 10.036493301391602      
71 -0.061052143573760986 0.35913026332855225 10.034099578857422      
72 0.05267243832349777 0.365115761756897 10.029311180114746      
73 -0.12090718746185303 0.3495534360408783 10.018536567687988      
74 0.11611878126859665 0.3411737382411957 9.985017776489258      
75 0.23582886159420013 0.3495534360408783 10.029311180114746      
76 0.023942016065120697 0.3471592366695404 10.011354446411133      
77 0.021547814831137657 0.3734954595565796 10.038887977600098      
78 0.02992752194404602 0.3734954595565796 10.042478561401367      
79 -0.061052143573760986 0.3687070608139038 10.036493301391602      
80 0.010773907415568829 0.35913026332855225 10.040084838867188      
81 -0.13407529890537262 0.3555389642715454 10.013748168945312      
82 0.05506663769483566 0.3627215623855591 10.037690162658691      
83 -0.14844051003456116 0.35434186458587646 10.040084838867188      
84 0.07302315533161163 0.3531447649002075 10.017339706420898      
85 -0.08140286058187485 0.35913026332855225 10.049661636352539      
86 0.16519992053508759 0.3603273630142212 10.034099578857422      
87 0.16400282084941864 0.35913026332855225 10.046070098876953      
88 -0.014365210197865963 0.35913026332855225 10.02691650390625      
89 0.02274491637945175 0.37229835987091064 10.0580415725708      
90 0.0802057534456253 0.3758896589279175 10.062829971313477      
91 -0.04189852997660637 0.3902548849582672 10.073603630065918      
92 0.04429273307323456 0.39384618401527405 10.08078670501709      
93 -0.09457096457481384 0.37828385829925537 10.038887977600098      
94 0.11252748221158981 0.35913026332855225 10.02452278137207      
95 -0.11133038252592087 0.35075053572654724 10.02571964263916      
96 0.04429273307323456 0.34356793761253357 9.989806175231934      
97 -0.1388636976480484 0.3423708379268646 10.011354446411133      
98 -0.14245499670505524 0.3387795388698578 10.002974510192871      
99 0.13287819921970367 0.3519476354122162 10.036493301391602      
100 0.0347159244120121 0.3519476354122162 10.040084838867188      
101 0.07900865375995636 0.3770867586135864 10.073603630065918      
102 0.11372458189725876 0.3842693865299225 10.073603630065918      
103 0.07541735470294952 0.38067805767059326 10.062829971313477      
104 -0.16519992053508759 0.3734954595565796 10.041281700134277      
105 -0.16519992053508759 0.3734954595565796 10.041281700134277      
106 -0.12210428714752197 0.3471592366695404 10.020931243896484      
107 0.05147533491253853 0.34835633635520935 9.988609313964844      
108 0.05147533491253853 0.34835633635520935 9.988609313964844      
109 -0.05506663769483566 0.3555389642715454 10.031704902648926      
110 0.11971008777618408 0.36750996112823486 10.02691650390625      
111 -0.014365210197865963 0.365115761756897 10.052056312561035      
112 0.061052143573760986 0.37229835987091064 10.053253173828125      
113 0.12090718746185303 0.363918662071228 10.047266960144043      
114 -0.09457096457481384 0.35913026332855225 10.011354446411133      
115 0.017956512048840523 0.36750996112823486 10.04846477508545      
116 -0.14484919607639313 0.37229835987091064 10.029311180114746      
117 0.07062894850969315 0.3687070608139038 10.02811336517334      
118 -0.1951274424791336 0.3531447649002075 10.019734382629395      
119 -0.02753331884741783 0.34596213698387146 9.979032516479492      
120 -0.08978256583213806 0.3579331636428833 10.032901763916016      
121 0.13168109953403473 0.35434186458587646 10.02691650390625      
122 0.1364694982767105 0.3531447649002075 10.046070098876953      
123 -0.02513911761343479 0.3531447649002075 10.02452278137207      
124 0.07900865375995636 0.3866635859012604 10.090363502502441      
125 0.06584054976701736 0.3770867586135864 10.074800491333008      
126 -0.038307227194309235 0.3794809579849243 10.064026832580566      
127 0.06344634294509888 0.37828385829925537 10.073603630065918      
128 -0.12928688526153564 0.36750996112823486 10.011354446411133      
129 0.07422025501728058 0.35673606395721436 10.000580787658691      
130 -0.12210428714752197 0.34596213698387146 10.010157585144043      
131 0.12449848651885986 0.34356793761253357 10.001777648925781      
132 -0.011971008032560349 0.35075053572654724 10.013748168945312      
133 0.15682020783424377 0.35075053572654724 10.004171371459961      
134 0.2406172752380371 0.3603273630142212 10.038887977600098      
135 0.0586579404771328 0.36990416049957275 10.055646896362305      
136 0.023942016065120697 0.38307225704193115 10.066421508789062      
137 0.010773907415568829 0.3711012601852417 10.06043529510498      
138 -0.02992752194404602 0.36152446269989014 10.02571964263916      
139 0.07900865375995636 0.3663128614425659 10.0580415725708      
140 -0.10893617570400238 0.3579331636428833 10.02691650390625      
141 0.16879121959209442 0.36750996112823486 10.073603630065918      
142 -0.0802057534456253 0.365115761756897 10.062829971313477      
143 0.11611878126859665 0.37469255924224854 10.02811336517334      
144 -0.11013327538967133 0.36990416049957275 10.054450035095215      
145 0.1173158809542656 0.3687070608139038 10.029311180114746      
146 0.22744916379451752 0.3603273630142212 10.055646896362305      
147 0.023942016065120697 0.3555389642715454 10.02452278137207      
148 0.07900865375995636 0.3758896589279175 10.067618370056152      
149 0.10055647045373917 0.3866635859012604 10.086771965026855      
150 0.011971008032560349 0.38307225704193115 10.064026832580566      
151 0.10773907601833344 0.36750996112823486 10.049661636352539      
152 -0.12330138683319092 0.3603273630142212 10.029311180114746      
153 0.05985504388809204 0.3794809579849243 10.054450035095215      
154 -0.1173158809542656 0.3663128614425659 10.044873237609863      
155 0.07422025501728058 0.3531447649002075 10.014945983886719      
156 -0.13407529890537262 0.3531447649002075 10.020931243896484      
157 -0.0694318488240242 0.34596213698387146 10.019734382629395      
158 0.1999158412218094 0.363918662071228 10.062829971313477      
159 0.026336219161748886 0.3603273630142212 10.043676376342773      
160 0.08499415963888168 0.37469255924224854 10.067618370056152      
161 0.09816227108240128 0.38067805767059326 10.085575103759766      
162 0.06584054976701736 0.3770867586135864 10.073603630065918      
163 0.06584054976701736 0.3770867586135864 10.073603630065918      
164 -0.1364694982767105 0.365115761756897 10.042478561401367      
165 -0.1843535304069519 0.35673606395721436 10.02811336517334      
166 0.05147533491253853 0.3447650372982025 10.002974510192871      
167 -0.035913024097681046 0.3423708379268646 10.022128105163574      
168 0.09576806426048279 0.3519476354122162 10.010157585144043      
169 0.12928688526153564 0.365115761756897 10.054450035095215      
170 0.015562310814857483 0.3663128614425659 10.054450035095215      
171 0.08738835901021957 0.38307225704193115 10.067618370056152      
172 0.08738835901021957 0.38067805767059326 10.070012092590332      
173 -0.08140286058187485 0.37469255924224854 10.02571964263916      
174 0.0694318488240242 0.3818751573562622 10.068815231323242      
175 -0.09935937076807022 0.3687070608139038 10.02571964263916      
176 0.19153612852096558 0.363918662071228 10.052056312561035      
177 -0.07661445438861847 0.363918662071228 10.055646896362305      
178 0.19153612852096558 0.365115761756897 10.066421508789062      
179 0.20470423996448517 0.3627215623855591 10.049661636352539      
180 -0.07302315533161163 0.3555389642715454 10.032901763916016      
181 0.13766659796237946 0.3579331636428833 10.054450035095215      
182 -0.02274491637945175 0.35075053572654724 10.023324966430664      
183 0.04189852997660637 0.365115761756897 10.044873237609863      
184 0.07062894850969315 0.365115761756897 10.053253173828125      
185 -0.021547814831137657 0.3663128614425659 10.017339706420898      
186 0.0933738648891449 0.36750996112823486 10.043676376342773      
187 -0.14245499670505524 0.363918662071228 10.019734382629395      
188 0.05506663769483566 0.3663128614425659 10.020931243896484      
189 -0.18076223134994507 0.3531447649002075 10.004171371459961      
190 0.0933738648891449 0.3471592366695404 10.010157585144043      
191 -0.08140286058187485 0.3531447649002075 10.023324966430664      
192 0.0586579404771328 0.36152446269989014 10.010157585144043      
193 0.19632454216480255 0.363918662071228 10.043676376342773      
194 0.031124621629714966 0.3555389642715454 10.000580787658691      
195 -0.03711012750864029 0.3758896589279175 10.044873237609863      
196 0.023942016065120697 0.3627215623855591 10.02452278137207      
197 -0.06823474913835526 0.35913026332855225 10.016142845153809      
198 0.15322890877723694 0.3603273630142212 10.064026832580566      
199 -0.1951274424791336 0.36750996112823486 10.022128105163574      
200 0.06344634294509888 0.37229835987091064 10.037690162658691      
201 -0.14006079733371735 0.35913026332855225 10.035296440124512      
202 0.05267243832349777 0.3495534360408783 10.014945983886719      
203 0.17836803197860718 0.3579331636428833 10.006566047668457      
204 0.1496376097202301 0.363918662071228 10.016142845153809      
205 0.20949265360832214 0.36750996112823486 10.05923843383789      
206 0.017956512048840523 0.3627215623855591 10.02691650390625      
207 0.02992752194404602 0.37229835987091064 10.050858497619629      
208 0.03950432687997818 0.3663128614425659 10.055646896362305      
209 -0.023942016065120697 0.36990416049957275 10.046070098876953      
210 0.1388636976480484 0.3687070608139038 10.071209907531738      
211 -0.10893617570400238 0.3663128614425659 10.02811336517334      
212 0.15562310814857483 0.37229835987091064 10.041281700134277      
213 -0.12928688526153564 0.35913026332855225 10.030508041381836      
214 0.07541735470294952 0.3579331636428833 10.031704902648926      
215 0.004788403399288654 0.3627215623855591 10.042478561401367      
216 0.005985504016280174 0.3471592366695404 10.029311180114746      
217 0.13287819921970367 0.363918662071228 10.062829971313477      
218 0.07302315533161163 0.37229835987091064 10.053253173828125      
219 0.038307227194309235 0.3711012601852417 10.043676376342773      
220 0.10534487664699554 0.3770867586135864 10.068815231323242      
221 -0.07182604819536209 0.3758896589279175 10.043676376342773      
222 0.11013327538967133 0.38067805767059326 10.068815231323242      
223 -0.15921440720558167 0.365115761756897 10.022128105163574      
224 0.010773907415568829 0.36152446269989014 10.013748168945312      
225 -0.16639702022075653 0.34356793761253357 10.013748168945312      
226 0.11372458189725876 0.34356793761253357 10.001777648925781      
227 -0.07541735470294952 0.3447650372982025 10.019734382629395      
228 -0.04429273307323456 0.33039984107017517 9.99459457397461      
229 0.18794482946395874 0.35673606395721436 10.052056312561035      
230 0.11971008777618408 0.363918662071228 10.041281700134277      
231 0.016759412363171577 0.3794809579849243 10.064026832580566      
232 0.0802057534456253 0.38546648621559143 10.073603630065918      
233 -0.11611878126859665 0.3878606855869293 10.062829971313477      
234 0.017956512048840523 0.3818751573562622 10.0580415725708      
235 -0.22625206410884857 0.3579331636428833 9.995792388916016      
236 0.04908113554120064 0.3471592366695404 9.974244117736816      
237 -0.10654197633266449 0.34356793761253357 10.011354446411133      
238 -0.0011971008498221636 0.35913026332855225 10.011354446411133      
239 0.11971008777618408 0.35673606395721436 10.029311180114746      
240 -0.019153613597154617 0.3531447649002075 10.014945983886719      
241 0.1867477297782898 0.3818751573562622 10.075998306274414      
242 0.06823474913835526 0.3663128614425659 10.049661636352539      
243 0.02513911761343479 0.3627215623855591 10.02811336517334      
244 0.05147533491253853 0.36990416049957275 10.066421508789062      
245 0.10773907601833344 0.35913026332855225 10.043676376342773      
246 0.10773907601833344 0.35913026332855225 10.043676376342773      
247 -0.24181437492370605 0.34835633635520935 10.007762908935547      
248 -0.023942016065120697 0.3495534360408783 9.986215591430664      
249 0.05386953800916672 0.3423708379268646 10.006566047668457      
250 0.16639702022075653 0.3471592366695404 10.023324966430664      
251 -0.019153613597154617 0.3471592366695404 10.035296440124512      
252 0.0694318488240242 0.3579331636428833 10.035296440124512      
253 0.10773907601833344 0.35434186458587646 10.02691650390625      
254 -0.02992752194404602 0.3842693865299225 10.064026832580566      
255 0.04908113554120064 0.395043283700943 10.067618370056152      
256 -0.06464344263076782 0.3866635859012604 10.052056312561035      
257 0.0454898327589035 0.37229835987091064 10.05923843383789      
258 -0.1711854189634323 0.34356793761253357 9.99220085144043      
259 0.0347159244120121 0.3531447649002075 9.99459457397461      
260 -0.10175357013940811 0.35913026332855225 10.030508041381836      
261 0.13168109953403473 0.35913026332855225 10.017339706420898      
262 0.2537853717803955 0.35913026332855225 10.046070098876953      
263 -0.014365210197865963 0.3531447649002075 10.018536567687988      
264 0.08738835901021957 0.37229835987091064 10.062829971313477      
265 0.04189852997660637 0.3663128614425659 10.049661636352539      
266 -0.023942016065120697 0.3878606855869293 10.071209907531738      
267 0.07182604819536209 0.3878606855869293 10.098742485046387      
268 -0.1149216815829277 0.3878606855869293 10.036493301391602      
269 -0.008379706181585789 0.37828385829925537 10.049661636352539      
270 -0.20111294090747833 0.3555389642715454 10.020931243896484      
271 0.021547814831137657 0.35075053572654724 9.996989250183105      
272 -0.05985504388809204 0.34835633635520935 10.02811336517334      
273 -0.11013327538967133 0.35075053572654724 10.022128105163574      
274 0.1759738177061081 0.36152446269989014 10.047266960144043      
275 -0.014365210197865963 0.3519476354122162 10.035296440124512      
276 0.10055647045373917 0.3663128614425659 10.056844711303711      
277 0.0802057534456253 0.363918662071228 10.067618370056152      
278 -0.014365210197865963 0.3794809579849243 10.055646896362305      
279 0.08738835901021957 0.39145198464393616 10.072406768798828      
280 -0.1604115068912506 0.38307225704193115 10.049661636352539      
281 0.08858546614646912 0.37229835987091064 10.047266960144043      
282 -0.0933738648891449 0.365115761756897 10.030508041381836      
283 0.03711012750864029 0.35913026332855225 9.998186111450195      
284 -0.14365209639072418 0.3447650372982025 9.989806175231934      
285 0.07422025501728058 0.3495534360408783 9.988609313964844      
286 -0.009576806798577309 0.3447650372982025 10.012551307678223      
287 0.02753331884741783 0.35075053572654724 10.023324966430664      
288 0.02992752194404602 0.3687070608139038 10.047266960144043      
289 0.11252748221158981 0.3687070608139038 10.064026832580566      
290 -0.02274491637945175 0.38307225704193115 10.053253173828125      
291 -0.06224924325942993 0.39384618401527405 10.065223693847656      
292 -0.08379705995321274 0.363918662071228 10.02571964263916      
293 0.181959331035614 0.363918662071228 10.062829971313477      
294 -0.11013327538967133 0.3663128614425659 10.04846477508545      
295 0.061052143573760986 0.3663128614425659 10.020931243896484      
296 -0.06224924325942993 0.3531447649002075 10.029311180114746      
297 -0.0802057534456253 0.33997663855552673 10.014945983886719      
298 0.08379705995321274 0.35434186458587646 10.036493301391602      
299 0.08978256583213806 0.3603273630142212 10.04846477508545      
300 0.11013327538967133 0.3794809579849243 10.08198356628418      
301 0.09457096457481384 0.36750996112823486 10.055646896362305      
302 0.023942016065120697 0.3794809579849243 10.070012092590332      
303 0.10175357013940811 0.3902548849582672 10.087968826293945      
304 -0.08858546614646912 0.3663128614425659 10.022128105163574      
305 0.05267243832349777 0.3663128614425659 10.038887977600098      
306 -0.16160862147808075 0.3519476354122162 10.02571964263916      
307 -0.0454898327589035 0.35434186458587646 9.996989250183105      
308 -0.05506663769483566 0.3423708379268646 10.022128105163574      
309 0.07302315533161163 0.3495534360408783 9.999382972717285      
310 0.15322890877723694 0.3555389642715454 10.037690162658691      
311 0.07781155407428741 0.34596213698387146 10.052056312561035      
312 0.07062894850969315 0.3770867586135864 10.06043529510498      
313 0.1843535304069519 0.3603273630142212 10.016142845153809      
314 -0.06464344263076782 0.3842693865299225 10.044873237609863      
315 0.0454898327589035 0.3902548849582672 10.056844711303711      
316 -0.1496376097202301 0.36990416049957275 10.023324966430664      
317 0.06584054976701736 0.36990416049957275 10.034099578857422      
318 -0.09935937076807022 0.3663128614425659 10.042478561401367      
319 0.0071826050989329815 0.3555389642715454 9.989806175231934      
320 -0.07062894850969315 0.33758243918418884 10.004171371459961      
321 0.10773907601833344 0.3579331636428833 10.034099578857422      
322 0.035913024097681046 0.3579331636428833 10.044873237609863      
323 0.06703764945268631 0.3842693865299225 10.08198356628418      
324 0.11851298063993454 0.3758896589279175 10.043676376342773      
325 -0.05985504388809204 0.38067805767059326 10.02811336517334      
326 0.10654197633266449 0.3734954595565796 10.062829971313477      
327 -0.11252748221158981 0.3770867586135864 10.053253173828125      
328 0.05027823522686958 0.37828385829925537 10.056844711303711      
329 -0.1496376097202301 0.35913026332855225 10.031704902648926      
330 0.06344634294509888 0.3579331636428833 10.018536567687988      
331 -0.06823474913835526 0.3519476354122162 10.036493301391602      
332 -0.1256955862045288 0.3519476354122162 10.013748168945312      
333 0.10534487664699554 0.35913026332855225 10.035296440124512      
334 -0.05267243832349777 0.35434186458587646 10.018536567687988      
335 -0.009576806798577309 0.3687070608139038 10.047266960144043      
336 0.11133038252592087 0.36152446269989014 10.0580415725708      
337 -0.07661445438861847 0.36152446269989014 10.020931243896484      
338 0.0347159244120121 0.3663128614425659 10.036493301391602      
339 -0.22266076505184174 0.363918662071228 10.004171371459961      
340 -0.043095629662275314 0.3627215623855591 10.002974510192871      
341 -0.090979665517807 0.3411737382411957 10.012551307678223      
342 0.043095629662275314 0.3555389642715454 10.002974510192871      
343 -0.08858546614646912 0.34596213698387146 10.014945983886719      
344 0.10295066982507706 0.3411737382411957 10.010157585144043      
345 0.1496376097202301 0.3495534360408783 10.036493301391602      
346 0.028730420395731926 0.35673606395721436 10.02452278137207      
347 -0.0011971008498221636 0.37828385829925537 10.041281700134277      
348 0.07900865375995636 0.37828385829925537 10.05923843383789      
349 -0.08499415963888168 0.3842693865299225 10.04846477508545      
350 0.0586579404771328 0.3878606855869293 10.070012092590332      
351 -0.07062894850969315 0.36750996112823486 10.047266960144043      
352 0.043095629662275314 0.35913026332855225 10.02571964263916      
353 -0.15562310814857483 0.3387795388698578 10.007762908935547      
354 0.014365210197865963 0.3447650372982025 9.981427192687988      
355 -0.08619125932455063 0.3423708379268646 10.005369186401367      
356 -0.10773907601833344 0.3411737382411957 9.995792388916016      
357 0.07302315533161163 0.35434186458587646 10.02571964263916      
358 0.033518824726343155 0.35434186458587646 10.029311180114746      
359 0.004788403399288654 0.3663128614425659 10.041281700134277      
360 0.07062894850969315 0.3687070608139038 10.054450035095215      
361 -0.04189852997660637 0.38307225704193115 10.052056312561035      
362 0.07900865375995636 0.3842693865299225 10.071209907531738      
363 -0.1173158809542656 0.3687070608139038 10.043676376342773      
364 -0.02753331884741783 0.35673606395721436 10.022128105163574      
365 -0.10055647045373917 0.33758243918418884 10.014945983886719      
366 0.09816227108240128 0.34356793761253357 10.019734382629395      
367 0.017956512048840523 0.3471592366695404 10.050858497619629      
368 0.25019407272338867 0.36750996112823486 10.02691650390625      
369 0.09935937076807022 0.3770867586135864 10.072406768798828      
370 0.04668693244457245 0.36990416049957275 10.064026832580566      
371 0.06464344263076782 0.38307225704193115 10.068815231323242      
372 0.0933738648891449 0.37828385829925537 10.064026832580566      
373 -0.11611878126859665 0.38067805767059326 10.037690162658691      
374 0.031124621629714966 0.3770867586135864 10.061633110046387      
375 -0.13287819921970367 0.3627215623855591 10.034099578857422      
376 0.008379706181585789 0.3603273630142212 10.011354446411133      
377 -0.16879121959209442 0.3471592366695404 10.012551307678223      
378 -0.028730420395731926 0.35075053572654724 10.004171371459961      
379 -0.02274491637945175 0.33758243918418884 10.022128105163574      
380 -0.08259996026754379 0.33039984107017517 10.004171371459961      
381 0.07302315533161163 0.3519476354122162 10.02811336517334      
382 0.04908113554120064 0.35913026332855225 10.043676376342773      
383 0.021547814831137657 0.37828385829925537 10.056844711303711      
384 0.18914192914962769 0.37828385829925537 10.08078670501709      
385 -0.1041477769613266 0.3794809579849243 10.036493301391602      
386 0.11611878126859665 0.38307225704193115 10.066421508789062      
387 -0.07182604819536209 0.36750996112823486 10.046070098876953      
388 0.0347159244120121 0.36990416049957275 10.037690162658691      
389 0.05267243832349777 0.35075053572654724 9.99339771270752      
390 -0.08858546614646912 0.34596213698387146 10.008959770202637      
391 0.20470423996448517 0.35673606395721436 10.006566047668457      
392 0.06464344263076782 0.3579331636428833 10.036493301391602      
393 0.047884032130241394 0.3579331636428833 10.040084838867188      
394 0.033518824726343155 0.3758896589279175 10.053253173828125      
395 0.1628057211637497 0.37469255924224854 10.074800491333008      
396 -0.019153613597154617 0.3734954595565796 10.056844711303711      
397 0.10534487664699554 0.38546648621559143 10.074800491333008      
398 -0.09816227108240128 0.37828385829925537 10.047266960144043      
399 -0.04668693244457245 0.37828385829925537 10.029311180114746      
400 -0.13287819921970367 0.34356793761253357 10.016142845153809      
401 -0.010773907415568829 0.33039984107017517 9.967061996459961      
402 0.13407529890537262 0.33039984107017517 10.000580787658691      
403 -0.07661445438861847 0.3423708379268646 10.016142845153809      
404 0.05027823522686958 0.3627215623855591 10.04846477508545      
405 -0.021547814831137657 0.36152446269989014 10.029311180114746      
406 0.011971008032560349 0.365115761756897 10.035296440124512      
407 0.09816227108240128 0.3627215623855591 10.04846477508545      
408 -0.08858546614646912 0.36750996112823486 10.02452278137207      
409 0.15322890877723694 0.37469255924224854 10.077195167541504      
410 -0.12090718746185303 0.3711012601852417 10.055646896362305      
411 0.015562310814857483 0.36990416049957275 10.036493301391602      
412 -0.06823474913835526 0.3531447649002075 10.035296440124512      
413 0.040701430290937424 0.35434186458587646 10.005369186401367      
414 0.1628057211637497 0.34596213698387146 10.013748168945312      
415 0.0347159244120121 0.3411737382411957 10.032901763916016      
416 0.1256955862045288 0.3687070608139038 10.065223693847656      
417 0.08499415963888168 0.3627215623855591 10.053253173828125      
418 0.017956512048840523 0.3758896589279175 10.04846477508545      
419 0.1256955862045288 0.3770867586135864 10.078392028808594      
420 -0.07062894850969315 0.3818751573562622 10.06043529510498      
421 0.06823474913835526 0.38067805767059326 10.061633110046387      
422 -0.14484919607639313 0.36152446269989014 10.02452278137207      
423 0.005985504016280174 0.3495534360408783 10.010157585144043      
424 -0.09217676520347595 0.3363853394985199 10.006566047668457      
425 0.026336219161748886 0.3471592366695404 9.987412452697754      
426 0.035913024097681046 0.34356793761253357 10.02811336517334      
427 0.02513911761343479 0.3555389642715454 10.014945983886719      
428 0.02513911761343479 0.3603273630142212 10.036493301391602      
429 0.07062894850969315 0.35913026332855225 10.044873237609863      
430 0.02274491637945175 0.38067805767059326 10.05923843383789      
431 0.1759738177061081 0.3818751573562622 10.08318042755127      
432 -0.12090718746185303 0.39384618401527405 10.052056312561035      
433 0.038307227194309235 0.3842693865299225 10.054450035095215      
434 -0.12689268589019775 0.35913026332855225 10.032901763916016      
435 0.061052143573760986 0.3531447649002075 10.019734382629395      
436 -0.08738835901021957 0.34596213698387146 10.032901763916016      
437 -0.005985504016280174 0.3495534360408783 9.998186111450195      
438 0.15921440720558167 0.34596213698387146 10.031704902648926      
439 -0.02274491637945175 0.34356793761253357 10.02811336517334      
440 0.14245499670505524 0.36750996112823486 10.06043529510498      
441 0.2106897532939911 0.36750996112823486 10.070012092590332      
442 0.0347159244120121 0.3974374830722809 10.08437728881836      
443 0.24779987335205078 0.39863458275794983 10.11430549621582      
444 -0.05147533491253853 0.3842693865299225 10.06043529510498      
445 -0.05147533491253853 0.3818751573562622 10.066421508789062      
446 -0.152031809091568 0.35913026332855225 10.023324966430664      
447 0.005985504016280174 0.35913026332855225 10.002974510192871      
448 -0.023942016065120697 0.3579331636428833 10.038887977600098      
449 0.08140286058187485 0.3531447649002075 10.006566047668457      
450 0.0035913025494664907 0.3471592366695404 10.013748168945312      
451 0.07781155407428741 0.37469255924224854 10.068815231323242      
452 0.11851298063993454 0.363918662071228 10.06043529510498      
453 -0.013168109580874443 0.3842693865299225 10.06043529510498      
454 0.1388636976480484 0.3902548849582672 10.096348762512207      
455 -0.05027823522686958 0.38307225704193115 10.046070098876953      
456 0.06344634294509888 0.37828385829925537 10.052056312561035      
457 -0.061052143573760986 0.3627215623855591 10.046070098876953      
458 0.016759412363171577 0.36152446269989014 10.023324966430664      
459 -0.038307227194309235 0.3495534360408783 10.031704902648926      
460 0.061052143573760986 0.34835633635520935 10.011354446411133      
461 -0.013168109580874443 0.3531447649002075 10.032901763916016      
462 -0.020350715145468712 0.3447650372982025 10.02571964263916      
463 0.12090718746185303 0.3603273630142212 10.046070098876953      
464 0.1280897855758667 0.3555389642715454 10.061633110046387      
465 -0.008379706181585789 0.3794809579849243 10.071209907531738      
466 0.22625206410884857 0.3866635859012604 10.104728698730469      
467 -0.020350715145468712 0.3866635859012604 10.049661636352539      
468 0.05147533491253853 0.3866635859012604 10.065223693847656      
469 -0.13766659796237946 0.36750996112823486 10.036493301391602      
470 0.07661445438861847 0.3687070608139038 10.034099578857422      
471 -0.08619125932455063 0.35434186458587646 10.036493301391602      
472 0.021547814831137657 0.35075053572654724 10.017339706420898      
473 0.1496376097202301 0.34835633635520935 10.029311180114746      
474 -0.04189852997660637 0.33997663855552673 10.005369186401367      
475 0.06464344263076782 0.363918662071228 10.046070098876953      
476 0.1412578970193863 0.3758896589279175 10.08198356628418      
477 -0.061052143573760986 0.3926490843296051 10.073603630065918      
478 0.17477671802043915 0.39145198464393616 10.086771965026855      
479 -0.04189852997660637 0.3758896589279175 10.047266960144043      
480 0.10055647045373917 0.3734954595565796 10.041281700134277      
481 -0.07541735470294952 0.363918662071228 10.049661636352539      
482 0.02274491637945175 0.35913026332855225 10.031704902648926      
483 -0.026336219161748886 0.34356793761253357 10.02811336517334      
484 -0.0011971008498221636 0.3555389642715454 10.007762908935547      
485 -0.014365210197865963 0.3627215623855591 10.047266960144043      
486 0.02274491637945175 0.3663128614425659 10.052056312561035      
487 0.08978256583213806 0.3758896589279175 10.065223693847656      
488 0.13048399984836578 0.36990416049957275 10.079588890075684      
489 -0.010773907415568829 0.3818751573562622 10.067618370056152      
490 0.17717093229293823 0.3734954595565796 10.068815231323242      
491 -0.14245499670505524 0.3711012601852417 10.042478561401367      
492 0.008379706181585789 0.3770867586135864 10.037690162658691      
493 -0.06464344263076782 0.3519476354122162 10.061633110046387      
494 0.0035913025494664907 0.3471592366695404 10.008959770202637      
495 0.02274491637945175 0.32680854201316833 10.017339706420898      
496 0.019153613597154617 0.3447650372982025 10.012551307678223      
497 -0.031124621629714966 0.35673606395721436 10.032901763916016      
498 -0.0071826050989329815 0.365115761756897 10.064026832580566      
499 0.033518824726343155 0.38067805767059326 10.068815231323242      
500 0.11252748221158981 0.37469255924224854 10.089165687561035      
501 -0.05985504388809204 0.3758896589279175 10.049661636352539      
502 0.05147533491253853 0.3770867586135864 10.06043529510498      
503 -0.1867477297782898 0.3758896589279175 10.035296440124512      
504 0.033518824726343155 0.36990416049957275 10.031704902648926      
505 -0.0933738648891449 0.3531447649002075 10.037690162658691      
506 -0.014365210197865963 0.34835633635520935 9.980229377746582      
507 -0.08379705995321274 0.333991140127182 9.99459457397461      
508 -0.017956512048840523 0.3447650372982025 10.016142845153809      
509 0.11971008777618408 0.3579331636428833 10.030508041381836      
510 0.026336219161748886 0.3711012601852417 10.053253173828125      
511 0.0933738648891449 0.36990416049957275 10.06043529510498      
512 -0.09217676520347595 0.37828385829925537 10.036493301391602      
513 0.021547814831137657 0.3818751573562622 10.062829971313477      
514 -0.08858546614646912 0.36990416049957275 10.053253173828125      
515 0.08858546614646912 0.36750996112823486 10.044873237609863      
516 -0.07900865375995636 0.3555389642715454 10.035296440124512      
517 0.028730420395731926 0.3579331636428833 10.012551307678223      
518 -0.02513911761343479 0.35075053572654724 10.034099578857422      
519 -0.12330138683319092 0.3471592366695404 10.02571964263916      
520 0.1364694982767105 0.35913026332855225 10.040084838867188      
521 0.05267243832349777 0.35673606395721436 10.052056312561035      
522 0.10055647045373917 0.37469255924224854 10.075998306274414      
523 0.15682020783424377 0.3818751573562622 10.099940299987793      
524 -0.08619125932455063 0.3902548849582672 10.049661636352539      
525 0.11133038252592087 0.38546648621559143 10.050858497619629      
526 -0.06464344263076782 0.3758896589279175 10.050858497619629      
527 0.08499415963888168 0.36750996112823486 10.031704902648926      
528 -0.07900865375995636 0.3579331636428833 10.054450035095215      
529 -0.004788403399288654 0.36152446269989014 10.018536567687988      
530 -0.0933738648891449 0.34596213698387146 10.029311180114746      
531 -0.017956512048840523 0.34835633635520935 10.002974510192871      
532 0.10534487664699554 0.35075053572654724 10.036493301391602      
533 -0.005985504016280174 0.34596213698387146 10.035296440124512      
534 0.0071826050989329815 0.3687070608139038 10.056844711303711      
535 0.10893617570400238 0.36990416049957275 10.066421508789062      
536 -0.1364694982767105 0.3734954595565796 10.020931243896484      
537 0.12689268589019775 0.3734954595565796 10.061633110046387      
538 -0.07661445438861847 0.3687070608139038 10.052056312561035      
539 0.010773907415568829 0.363918662071228 10.023324966430664      
540 -0.090979665517807 0.34356793761253357 10.041281700134277      
541 0.03232172131538391 0.3531447649002075 10.010157585144043      
542 -0.013168109580874443 0.3531447649002075 10.02811336517334      
543 0.04668693244457245 0.36750996112823486 10.034099578857422      
544 0.08738835901021957 0.3663128614425659 10.052056312561035      
545 0.06344634294509888 0.36990416049957275 10.070012092590332      
546 0.0454898327589035 0.3878606855869293 10.068815231323242      
547 0.14006079733371735 0.38546648621559143 10.090363502502441      
548 -0.04429273307323456 0.3818751573562622 10.064026832580566      
549 0.13407529890537262 0.3603273630142212 10.047266960144043      
550 -0.08259996026754379 0.3531447649002075 10.029311180114746      
551 -0.017956512048840523 0.365115761756897 10.035296440124512      
552 -0.17717093229293823 0.3531447649002075 10.02452278137207      
553 0.008379706181585789 0.35075053572654724 9.985017776489258      
554 -0.05386953800916672 0.33997663855552673 10.014945983886719      
555 -0.11611878126859665 0.33758243918418884 9.988609313964844      
556 0.047884032130241394 0.3555389642715454 10.040084838867188      
557 0.061052143573760986 0.3794809579849243 10.067618370056152      
558 0.061052143573760986 0.3794809579849243 10.067618370056152      
559 -0.05985504388809204 0.3842693865299225 10.046070098876953      
560 0.10534487664699554 0.38307225704193115 10.047266960144043      
561 -0.1604115068912506 0.36152446269989014 10.019734382629395      
562 0.02992752194404602 0.35434186458587646 10.014945983886719      
563 -0.11611878126859665 0.3423708379268646 10.020931243896484      
564 -0.009576806798577309 0.35075053572654724 9.995792388916016      
565 0.0071826050989329815 0.3423708379268646 10.020931243896484      
566 0.07661445438861847 0.35913026332855225 10.02452278137207      
567 -0.010773907415568829 0.3663128614425659 10.056844711303711      
568 0.07661445438861847 0.3687070608139038 10.06043529510498      
569 -0.009576806798577309 0.3734954595565796 10.050858497619629      
570 0.10055647045373917 0.37469255924224854 10.061633110046387      
571 -0.05386953800916672 0.3878606855869293 10.04846477508545      
572 0.06344634294509888 0.3770867586135864 10.074800491333008      
573 -0.16160862147808075 0.3627215623855591 10.035296440124512      
574 0.0347159244120121 0.3579331636428833 10.035296440124512      
575 -0.07302315533161163 0.3447650372982025 10.038887977600098      
576 -0.031124621629714966 0.35434186458587646 9.977835655212402      
577 -0.05027823522686958 0.3363853394985199 10.006566047668457      
578 0.02274491637945175 0.35075053572654724 10.002974510192871      
579 0.08738835901021957 0.3555389642715454 10.040084838867188      
580 0.07781155407428741 0.35913026332855225 10.067618370056152      
581 -0.031124621629714966 0.3770867586135864 10.062829971313477      
582 0.12330138683319092 0.3818751573562622 10.097545623779297      
583 -0.09457096457481384 0.36990416049957275 10.036493301391602      
584 0.06584054976701736 0.3687070608139038 10.041281700134277      
585 -0.07900865375995636 0.35673606395721436 10.031704902648926      
586 0.08259996026754379 0.35913026332855225 10.018536567687988      
587 -0.017956512048840523 0.35673606395721436 10.052056312561035      
588 -0.04189852997660637 0.37229835987091064 10.013748168945312      
589 0.0454898327589035 0.35075053572654724 10.016142845153809      
590 0.0071826050989329815 0.3519476354122162 10.042478561401367      
591 0.12090718746185303 0.3687070608139038 10.046070098876953      
592 0.14245499670505524 0.3866635859012604 10.086771965026855      
593 0.023942016065120697 0.3998316824436188 10.093954086303711      
594 0.15682020783424377 0.3926490843296051 10.107122421264648      
595 -0.0454898327589035 0.37469255924224854 10.042478561401367      
596 0.0802057534456253 0.363918662071228 10.038887977600098      
597 -0.1280897855758667 0.3531447649002075 10.030508041381836      
598 0.0454898327589035 0.365115761756897 10.031704902648926      
599 -0.07302315533161163 0.3603273630142212 10.034099578857422      
600 0.019153613597154617 0.3555389642715454 10.017339706420898      
601 0.02274491637945175 0.3471592366695404 10.032901763916016      
602 -0.12090718746185303 0.34596213698387146 10.019734382629395      
603 0.010773907415568829 0.34596213698387146 10.017339706420898      
604 0.04668693244457245 0.3519476354122162 10.054450035095215      
605 -0.06464344263076782 0.3770867586135864 10.06043529510498      
606 0.08140286058187485 0.38546648621559143 10.089165687561035      
607 -0.08858546614646912 0.3818751573562622 10.032901763916016      
608 -0.11013327538967133 0.33758243918418884 10.005369186401367      
609 -0.11013327538967133 0.33758243918418884 10.005369186401367      
610 -0.05147533491253853 0.3411737382411957 10.031704902648926      
611 0.011971008032560349 0.3423708379268646 9.99459457397461      
612 -0.010773907415568829 0.34835633635520935 10.011354446411133      
613 -0.03950432687997818 0.3603273630142212 10.030508041381836      
614 0.05985504388809204 0.3770867586135864 10.070012092590332      
615 0.1149216815829277 0.363918662071228 10.050858497619629      
616 0.021547814831137657 0.3794809579849243 10.06043529510498      
617 0.1867477297782898 0.3842693865299225 10.090363502502441      
618 -0.11252748221158981 0.38905778527259827 10.055646896362305      
619 0.05626374110579491 0.3926490843296051 10.079588890075684      
620 -0.09576806426048279 0.36750996112823486 10.052056312561035      
621 -0.09576806426048279 0.35434186458587646 10.02811336517334      
622 -0.033518824726343155 0.3387795388698578 10.042478561401367      
623 0.05027823522686958 0.3387795388698578 10.008959770202637      
624 0.14365209639072418 0.3423708379268646 10.038887977600098      
625 0.10055647045373917 0.3579331636428833 10.056844711303711      
626 0.10534487664699554 0.36152446269989014 10.054450035095215      
627 0.10175357013940811 0.3734954595565796 10.090363502502441      
628 -0.07302315533161163 0.3818751573562622 10.054450035095215      
629 0.0933738648891449 0.3711012601852417 10.067618370056152      
630 -0.08379705995321274 0.365115761756897 10.040084838867188      
631 0.06823474913835526 0.36990416049957275 10.041281700134277      
632 -0.04429273307323456 0.35673606395721436 10.040084838867188      
633 0.05386953800916672 0.3579331636428833 10.018536567687988      
634 -0.019153613597154617 0.3555389642715454 10.068815231323242      
635 0.08738835901021957 0.363918662071228 10.035296440124512      
636 0.06703764945268631 0.3627215623855591 10.043676376342773      
637 0.1711854189634323 0.365115761756897 10.066421508789062      
638 0.08259996026754379 0.3758896589279175 10.052056312561035      
639 0.03711012750864029 0.3734954595565796 10.068815231323242      
640 -0.05626374110579491 0.3794809579849243 10.049661636352539      
641 0.05626374110579491 0.3758896589279175 10.055646896362305      
642 -0.10893617570400238 0.3663128614425659 10.031704902648926      
643 0.0586579404771328 0.36750996112823486 10.04846477508545      
644 -0.06464344263076782 0.3603273630142212 10.035296440124512      
645 0.04189852997660637 0.3531447649002075 10.011354446411133      
646 0.011971008032560349 0.34356793761253357 10.030508041381836      
647 0.0933738648891449 0.34835633635520935 10.005369186401367      
648 0.038307227194309235 0.3519476354122162 10.018536567687988      
649 -0.017956512048840523 0.3579331636428833 10.032901763916016      
650 0.028730420395731926 0.37469255924224854 10.054450035095215      
651 0.11611878126859665 0.3794809579849243 10.067618370056152      
652 -0.0586579404771328 0.4010287821292877 10.065223693847656      
653 0.05027823522686958 0.3842693865299225 10.054450035095215      
654 -0.12449848651885986 0.3758896589279175 10.022128105163574      
655 -0.020350715145468712 0.3687070608139038 10.02691650390625      
656 -0.08738835901021957 0.3531447649002075 10.018536567687988      
657 0.033518824726343155 0.3519476354122162 9.99339771270752      
658 -0.02753331884741783 0.35434186458587646 10.037690162658691      
659 0.0347159244120121 0.3579331636428833 10.022128105163574      
660 0.10175357013940811 0.35075053572654724 10.020931243896484      
661 -0.08379705995321274 0.3411737382411957 9.99459457397461      
662 0.0035913025494664907 0.35673606395721436 10.029311180114746      
663 0.14844051003456116 0.365115761756897 10.08198356628418      
664 -0.07541735470294952 0.38546648621559143 10.047266960144043      
665 -0.07781155407428741 0.3878606855869293 10.061633110046387      
666 -0.07781155407428741 0.3878606855869293 10.061633110046387      
667 -0.026336219161748886 0.35434186458587646 10.032901763916016      
668 0.08140286058187485 0.3711012601852417 10.034099578857422      
669 0.0071826050989329815 0.3663128614425659 10.064026832580566      
670 0.05506663769483566 0.36152446269989014 10.020931243896484      
671 0.028730420395731926 0.34596213698387146 10.013748168945312      
672 0.13287819921970367 0.35673606395721436 10.032901763916016      
673 0.04908113554120064 0.36152446269989014 10.035296440124512      
674 0.06584054976701736 0.3663128614425659 10.052056312561035      
675 -0.1412578970193863 0.38307225704193115 10.034099578857422      
676 0.08140286058187485 0.3770867586135864 10.042478561401367      
677 -0.090979665517807 0.3711012601852417 10.036493301391602      
678 0.07302315533161163 0.363918662071228 10.037690162658691      
679 -0.04189852997660637 0.3555389642715454 10.032901763916016      
680 0.07541735470294952 0.3555389642715454 10.019734382629395      
681 -0.05985504388809204 0.34596213698387146 10.038887977600098      
682 0.004788403399288654 0.3519476354122162 9.998186111450195      
683 0.1041477769613266 0.34356793761253357 10.000580787658691      
684 -0.11971008777618408 0.3471592366695404 10.005369186401367      
685 -0.05147533491253853 0.3531447649002075 10.019734382629395      
686 0.03232172131538391 0.35434186458587646 10.031704902648926      
687 -0.10534487664699554 0.365115761756897 10.017339706420898      
688 0.11372458189725876 0.3770867586135864 10.050858497619629      
689 -0.10055647045373917 0.38546648621559143 10.052056312561035      
690 0.05267243832349777 0.38067805767059326 10.038887977600098      
691 -0.07781155407428741 0.35913026332855225 10.036493301391602      
692 0.0035913025494664907 0.3663128614425659 10.020931243896484      
693 0.043095629662275314 0.35913026332855225 10.070012092590332      
694 0.009576806798577309 0.36152446269989014 10.013748168945312      
695 0.05027823522686958 0.3531447649002075 10.023324966430664      
696 0.11133038252592087 0.36750996112823486 10.037690162658691      
697 0.08259996026754379 0.3866635859012604 10.08078670501709      
698 0.11372458189725876 0.38307225704193115 10.089165687561035      
699 -0.05506663769483566 0.38307225704193115 10.049661636352539      
700 0.10295066982507706 0.3663128614425659 10.044873237609863      
701 -0.090979665517807 0.3519476354122162 10.006566047668457      
702 0.0694318488240242 0.3603273630142212 10.016142845153809      
703 -0.1041477769613266 0.3579331636428833 10.02452278137207      
704 0.010773907415568829 0.3687070608139038 10.010157585144043      
705 0.010773907415568829 0.3531447649002075 10.02811336517334      
706 0.08499415963888168 0.35673606395721436 10.018536567687988      
707 0.035913024097681046 0.3531447649002075 10.019734382629395      
708 0.04668693244457245 0.3627215623855591 10.066421508789062      
709 0.1388636976480484 0.3770867586135864 10.068815231323242      
710 0.13766659796237946 0.37469255924224854 10.078392028808594      
711 -0.033518824726343155 0.395043283700943 10.08078670501709      
712 0.06703764945268631 0.38546648621559143 10.08437728881836      
713 -0.0802057534456253 0.3734954595565796 10.035296440124512      
714 0.08140286058187485 0.36990416049957275 10.032901763916016      
715 -0.05985504388809204 0.36152446269989014 10.052056312561035      
716 0.02513911761343479 0.35434186458587646 10.006566047668457      
717 0.047884032130241394 0.3387795388698578 10.010157585144043      
718 -0.004788403399288654 0.3495534360408783 10.020931243896484      
719 -0.004788403399288654 0.3495534360408783 10.020931243896484      
720 -0.02274491637945175 0.36750996112823486 10.04846477508545      
721 0.10534487664699554 0.3603273630142212 10.053253173828125      
722 -0.152031809091568 0.37828385829925537 10.030508041381836      
723 0.15322890877723694 0.37828385829925537 10.079588890075684      
724 -0.07661445438861847 0.3711012601852417 10.035296440124512      
725 -0.016759412363171577 0.36990416049957275 10.02811336517334      
726 -0.13168109953403473 0.34596213698387146 10.02452278137207      
727 0.06703764945268631 0.3411737382411957 10.012551307678223      
728 -0.02992752194404602 0.3411737382411957 10.047266960144043      
729 -0.1604115068912506 0.3579331636428833 10.037690162658691      
730 0.0802057534456253 0.363918662071228 10.031704902648926      
731 0.04429273307323456 0.35434186458587646 10.038887977600098      
732 0.04189852997660637 0.3663128614425659 10.050858497619629      
733 0.16639702022075653 0.3663128614425659 10.070012092590332      
734 -0.07422025501728058 0.365115761756897 10.02811336517334      
735 0.10175357013940811 0.37828385829925537 10.071209907531738      
736 -0.15442600846290588 0.36750996112823486 10.023324966430664      
737 -0.047884032130241394 0.3663128614425659 10.031704902648926      
738 -0.10773907601833344 0.35075053572654724 10.035296440124512      
739 0.04429273307323456 0.3579331636428833 10.005369186401367      
740 0.038307227194309235 0.3471592366695404 10.031704902648926      
741 0.13287819921970367 0.35673606395721436 10.02691650390625      
742 0.13287819921970367 0.35673606395721436 10.040084838867188      
743 0.019153613597154617 0.3579331636428833 10.042478561401367      
744 -0.002394201699644327 0.37229835987091064 10.0580415725708      
745 0.08499415963888168 0.37469255924224854 10.072406768798828      
746 -0.0694318488240242 0.3818751573562622 10.06043529510498      
747 0.05626374110579491 0.3794809579849243 10.068815231323242      
748 -0.10893617570400238 0.3711012601852417 10.032901763916016      
749 0.10175357013940811 0.37469255924224854 10.052056312561035      
750 -0.1256955862045288 0.3687070608139038 10.049661636352539      
751 0.0071826050989329815 0.3627215623855591 10.023324966430664      
752 0.0071826050989329815 0.3531447649002075 10.042478561401367      
753 0.09696517139673233 0.365115761756897 10.032901763916016      
754 0.08619125932455063 0.3627215623855591 10.032901763916016      
755 0.010773907415568829 0.3663128614425659 10.038887977600098      
756 0.013168109580874443 0.38307225704193115 10.087968826293945      
757 0.08858546614646912 0.38546648621559143 10.079588890075684      
758 -0.03711012750864029 0.38067805767059326 10.046070098876953      
759 0.090979665517807 0.38067805767059326 10.079588890075684      
760 -0.1867477297782898 0.36152446269989014 10.02452278137207      
761 -0.05267243832349777 0.3519476354122162 9.996989250183105      
762 -0.11611878126859665 0.33758243918418884 10.001777648925781      
763 0.033518824726343155 0.3471592366695404 9.986215591430664      
764 -0.05626374110579491 0.33758243918418884 9.995792388916016      
765 -0.017956512048840523 0.3519476354122162 10.006566047668457      
766 0.05147533491253853 0.35434186458587646 10.020931243896484      
767 0.028730420395731926 0.3579331636428833 10.037690162658691      
768 -0.015562310814857483 0.38307225704193115 10.075998306274414      
769 0.10534487664699554 0.38067805767059326 10.078392028808594      
770 -0.10175357013940811 0.38905778527259827 10.049661636352539      
771 0.07541735470294952 0.3758896589279175 10.052056312561035      
772 -0.1604115068912506 0.36990416049957275 10.018536567687988      
773 -0.014365210197865963 0.3627215623855591 10.004171371459961      
774 -0.026336219161748886 0.35075053572654724 10.043676376342773      
775 -0.010773907415568829 0.34835633635520935 10.02571964263916      
776 0.009576806798577309 0.3603273630142212 10.008959770202637      
777 0.0933738648891449 0.3627215623855591 10.042478561401367      
778 0.16400282084941864 0.36990416049957275 10.090363502502441      
779 0.010773907415568829 0.3818751573562622 10.062829971313477      
780 0.1388636976480484 0.37828385829925537 10.08318042755127      
781 -0.043095629662275314 0.37828385829925537 10.054450035095215      
782 0.16519992053508759 0.3770867586135864 10.064026832580566      
783 -0.09816227108240128 0.38067805767059326 10.056844711303711      
784 0.06224924325942993 0.38546648621559143 10.047266960144043      
785 0.021547814831137657 0.35434186458587646 10.05923843383789      
786 0.043095629662275314 0.3531447649002075 10.02571964263916      
787 -0.023942016065120697 0.34835633635520935 10.020931243896484      
788 -0.11611878126859665 0.34356793761253357 10.014945983886719      
789 0.0586579404771328 0.35075053572654724 10.02571964263916      
790 0.011971008032560349 0.35075053572654724 10.02811336517334      
791 0.002394201699644327 0.3663128614425659 10.044873237609863      
792 0.10654197633266449 0.3758896589279175 10.08078670501709      
793 -0.031124621629714966 0.37469255924224854 10.046070098876953      
794 0.14604631066322327 0.3794809579849243 10.077195167541504      
795 -0.13287819921970367 0.37828385829925537 10.053253173828125      
796 0.05386953800916672 0.37229835987091064 10.047266960144043      
797 -0.004788403399288654 0.3555389642715454 10.055646896362305      
798 -0.002394201699644327 0.3423708379268646 10.001777648925781      
799 -0.1951274424791336 0.3423708379268646 10.011354446411133      
800 -0.08738835901021957 0.34596213698387146 10.020931243896484      
801 0.07661445438861847 0.363918662071228 10.050858497619629      
802 0.08619125932455063 0.3663128614425659 10.065223693847656      
803 -0.06224924325942993 0.3794809579849243 10.0580415725708      
804 0.02274491637945175 0.37229835987091064 10.043676376342773      
805 -0.13407529890537262 0.3818751573562622 9.999382972717285      
806 0.09935937076807022 0.3687070608139038 10.018536567687988      
807 -0.1364694982767105 0.365115761756897 10.016142845153809      
808 0.013168109580874443 0.3711012601852417 10.02452278137207      
809 -0.13766659796237946 0.3603273630142212 10.030508041381836      
810 -0.011971008032560349 0.36152446269989014 10.004171371459961      
811 -0.1867477297782898 0.34596213698387146 10.020931243896484      
812 -0.13287819921970367 0.3423708379268646 10.011354446411133      
813 0.0586579404771328 0.34835633635520935 10.022128105163574      
814 0.02753331884741783 0.3471592366695404 10.022128105163574      
815 -0.023942016065120697 0.37229835987091064 10.044873237609863      
816 0.23702596127986908 0.363918662071228 10.067618370056152      
817 -0.06344634294509888 0.38307225704193115 10.055646896362305      
818 0.12210428714752197 0.38905778527259827 10.074800491333008      
819 -0.11372458189725876 0.3663128614425659 10.044873237609863      
820 0.014365210197865963 0.35434186458587646 10.007762908935547      
821 -0.04908113554120064 0.34356793761253357 10.046070098876953      
822 0.06703764945268631 0.3555389642715454 10.041281700134277      
823 0.06703764945268631 0.3555389642715454 10.041281700134277      
824 0.16998831927776337 0.36750996112823486 10.068815231323242      
825 0.10773907601833344 0.3711012601852417 10.08318042755127      
826 -0.0035913025494664907 0.38067805767059326 10.067618370056152      
827 0.18794482946395874 0.37229835987091064 10.075998306274414      
828 -0.05506663769483566 0.37229835987091064 10.029311180114746      
829 0.05386953800916672 0.3866635859012604 10.067618370056152      
830 -0.12090718746185303 0.3758896589279175 10.053253173828125      
831 0.020350715145468712 0.36750996112823486 10.02452278137207      
832 -0.06823474913835526 0.3447650372982025 10.02452278137207      
833 0.040701430290937424 0.3531447649002075 10.006566047668457      
834 0.0347159244120121 0.34835633635520935 10.018536567687988      
835 -0.03232172131538391 0.34835633635520935 10.018536567687988      
836 0.019153613597154617 0.3687070608139038 10.053253173828125      
837 0.06823474913835526 0.3603273630142212 10.054450035095215      
838 -0.023942016065120697 0.36990416049957275 10.043676376342773      
839 0.11013327538967133 0.37469255924224854 10.070012092590332      
840 -0.10534487664699554 0.38067805767059326 10.049661636352539      
841 0.11252748221158981 0.38067805767059326 10.065223693847656      
842 -0.10893617570400238 0.37229835987091064 10.055646896362305      
843 0.002394201699644327 0.3711012601852417 10.022128105163574      
844 -0.06584054976701736 0.35075053572654724 10.041281700134277      
845 -0.008379706181585789 0.3495534360408783 10.007762908935547      
846 0.22385786473751068 0.3471592366695404 10.000580787658691      
847 -0.009576806798577309 0.3519476354122162 10.037690162658691      
848 0.013168109580874443 0.3687070608139038 10.041281700134277      
849 0.09217676520347595 0.36750996112823486 10.036493301391602      
850 -0.13527239859104156 0.365115761756897 10.006566047668457      
851 0.06703764945268631 0.3770867586135864 10.049661636352539      
852 -0.13168109953403473 0.37229835987091064 10.020931243896484      
853 0.09935937076807022 0.36990416049957275 10.035296440124512      
854 -0.0454898327589035 0.36990416049957275 10.05923843383789      
855 -0.010773907415568829 0.3711012601852417 10.019734382629395      
856 -0.043095629662275314 0.35673606395721436 10.04846477508545      
857 0.035913024097681046 0.3627215623855591 10.030508041381836      
858 0.17477671802043915 0.36152446269989014 10.02571964263916      
859 0.026336219161748886 0.3687070608139038 10.065223693847656      
860 0.009576806798577309 0.3687070608139038 10.042478561401367      
861 0.152031809091568 0.35673606395721436 10.0580415725708      
862 -0.10534487664699554 0.38546648621559143 10.046070098876953      
863 0.061052143573760986 0.3842693865299225 10.067618370056152      
864 -0.07661445438861847 0.37229835987091064 10.035296440124512      
865 0.0802057534456253 0.3603273630142212 10.02691650390625      
866 -0.0586579404771328 0.35075053572654724 10.029311180114746      
867 0.06464344263076782 0.35434186458587646 10.022128105163574      
868 -0.05746084079146385 0.35434186458587646 10.038887977600098      
869 -0.005985504016280174 0.35913026332855225 10.022128105163574      
870 0.028730420395731926 0.3495534360408783 10.036493301391602      
871 -0.03711012750864029 0.34596213698387146 10.016142845153809      
872 -0.009576806798577309 0.3711012601852417 10.047266960144043      
873 0.16639702022075653 0.36990416049957275 10.061633110046387      
874 -0.05746084079146385 0.38307225704193115 10.041281700134277      
875 0.1280897855758667 0.3842693865299225 10.073603630065918      
876 -0.08499415963888168 0.3794809579849243 10.040084838867188      
877 0.08499415963888168 0.3734954595565796 10.041281700134277      
878 -0.09816227108240128 0.3603273630142212 10.036493301391602      
879 -0.09457096457481384 0.35075053572654724 9.989806175231934      
880 -0.02753331884741783 0.3411737382411957 10.032901763916016      
881 -0.02992752194404602 0.35673606395721436 10.014945983886719      
882 -0.20949265360832214 0.3555389642715454 10.014945983886719      
883 0.038307227194309235 0.35913026332855225 10.019734382629395      
884 -0.021547814831137657 0.365115761756897 10.047266960144043      
885 -0.05027823522686958 0.3842693865299225 10.046070098876953      
886 0.18914192914962769 0.3770867586135864 10.073603630065918      
887 -0.0694318488240242 0.37229835987091064 10.053253173828125      
888 0.020350715145468712 0.38546648621559143 10.029311180114746      
889 -0.11971008777618408 0.35913026332855225 10.02571964263916      
890 0.0011971008498221636 0.3603273630142212 10.013748168945312      
891 -0.08619125932455063 0.3495534360408783 10.032901763916016      
892 -0.026336219161748886 0.3603273630142212 10.020931243896484      
893 -0.0035913025494664907 0.34596213698387146 10.029311180114746      
894 -0.014365210197865963 0.3423708379268646 10.02571964263916      
895 0.0347159244120121 0.3579331636428833 10.047266960144043      
896 0.14484919607639313 0.36990416049957275 10.066421508789062      
897 -0.008379706181585789 0.395043283700943 10.075998306274414      
898 0.1951274424791336 0.3866635859012604 10.092757225036621      
899 -0.13168109953403473 0.3734954595565796 10.029311180114746      
900 -0.03232172131538391 0.3663128614425659 10.020931243896484      
901 -0.11971008777618408 0.34596213698387146 10.017339706420898      
902 -0.0011971008498221636 0.3603273630142212 10.011354446411133      
903 -0.02274491637945175 0.3495534360408783 10.018536567687988      
904 0.061052143573760986 0.35913026332855225 10.011354446411133      
905 0.02992752194404602 0.3555389642715454 10.036493301391602      
906 -0.015562310814857483 0.35673606395721436 10.029311180114746      
907 0.013168109580874443 0.3687070608139038 10.049661636352539      
908 0.16879121959209442 0.36750996112823486 10.05923843383789      
909 -0.061052143573760986 0.37229835987091064 10.034099578857422      
910 0.13527239859104156 0.3818751573562622 10.071209907531738      
911 -0.14006079733371735 0.38067805767059326 10.032901763916016      
912 -0.02513911761343479 0.3711012601852417 10.02691650390625      
913 -0.1173158809542656 0.33997663855552673 10.012551307678223      
914 -0.05386953800916672 0.33758243918418884 9.973047256469727      
915 -0.05147533491253853 0.3387795388698578 10.031704902648926      
916 0.06823474913835526 0.3663128614425659 10.031704902648926      
917 0.10773907601833344 0.37229835987091064 10.072406768798828      
918 0.03232172131538391 0.36990416049957275 10.05923843383789      
919 0.06224924325942993 0.3770867586135864 10.062829971313477      
920 0.1388636976480484 0.36990416049957275 10.079588890075684      
921 -0.1604115068912506 0.3734954595565796 10.022128105163574      
922 0.03711012750864029 0.37229835987091064 10.029311180114746      
923 -0.16639702022075653 0.36750996112823486 10.030508041381836      
924 0.017956512048840523 0.35434186458587646 10.005369186401367      
925 -0.043095629662275314 0.34596213698387146 10.043676376342773      
926 0.017956512048840523 0.363918662071228 10.016142845153809      
927 0.017956512048840523 0.35434186458587646 10.032901763916016      
928 -0.11133038252592087 0.3471592366695404 10.001777648925781      
929 0.07182604819536209 0.3579331636428833 10.030508041381836      
930 0.1041477769613266 0.365115761756897 10.050858497619629      
931 0.12210428714752197 0.38546648621559143 10.08437728881836      
932 0.14604631066322327 0.37828385829925537 10.095151901245117      
933 -0.07781155407428741 0.3770867586135864 10.032901763916016      
934 0.12928688526153564 0.3770867586135864 10.064026832580566      
935 -0.07900865375995636 0.3770867586135864 10.042478561401367      
936 0.07302315533161163 0.365115761756897 10.02452278137207      
937 -0.11133038252592087 0.35673606395721436 10.029311180114746      
938 0.013168109580874443 0.3627215623855591 10.019734382629395      
939 0.035913024097681046 0.35673606395721436 10.053253173828125      
940 -0.03950432687997818 0.3627215623855591 10.032901763916016      
941 0.09576806426048279 0.365115761756897 10.040084838867188      
942 0.0071826050989329815 0.35075053572654724 10.02811336517334      
943 0.04908113554120064 0.3711012601852417 10.053253173828125      
944 0.20709845423698425 0.365115761756897 10.071209907531738      
945 0.07541735470294952 0.38067805767059326 10.067618370056152      
946 -0.04908113554120064 0.3734954595565796 10.034099578857422      
947 0.11611878126859665 0.38067805767059326 10.066421508789062      
948 -0.06464344263076782 0.37469255924224854 10.056844711303711      
949 0.047884032130241394 0.3711012601852417 10.034099578857422      
950 -0.026336219161748886 0.3627215623855591 10.035296440124512      
951 0.0347159244120121 0.36990416049957275 10.034099578857422      
952 0.10175357013940811 0.365115761756897 10.029311180114746      
953 -0.090979665517807 0.365115761756897 10.030508041381836      
954 0.040701430290937424 0.36750996112823486 10.0580415725708      
955 0.047884032130241394 0.35075053572654724 10.018536567687988      
956 -0.008379706181585789 0.3555389642715454 10.017339706420898      
957 0.06224924325942993 0.3555389642715454 10.029311180114746      
958 -0.06823474913835526 0.36152446269989014 10.029311180114746      
959 0.05027823522686958 0.3734954595565796 10.055646896362305      
960 -0.002394201699644327 0.36750996112823486 10.0580415725708      
961 0.07182604819536209 0.37229835987091064 10.05923843383789      
962 -0.0035913025494664907 0.36990416049957275 10.035296440124512      
963 0.07422025501728058 0.3770867586135864 10.047266960144043      
964 0.12330138683319092 0.37828385829925537 10.075998306274414      
965 0.07062894850969315 0.37469255924224854 10.061633110046387      
966 0.05506663769483566 0.37229835987091064 10.056844711303711      
967 0.06464344263076782 0.36152446269989014 10.038887977600098      
968 0.02992752194404602 0.3603273630142212 10.023324966430664      
969 0.061052143573760986 0.3734954595565796 10.0580415725708      
970 0.031124621629714966 0.3627215623855591 10.061633110046387      
971 0.011971008032560349 0.36990416049957275 10.035296440124512      
972 -0.02274491637945175 0.35913026332855225 10.043676376342773      
973 -0.026336219161748886 0.35673606395721436 10.035296440124512      
974 -0.0011971008498221636 0.35075053572654724 10.023324966430664      
975 -0.017956512048840523 0.35434186458587646 10.031704902648926      
976 -0.05147533491253853 0.365115761756897 10.044873237609863      
977 -0.005985504016280174 0.3627215623855591 10.035296440124512      
978 0.0071826050989329815 0.3555389642715454 10.032901763916016      
979 0.023942016065120697 0.365115761756897 10.041281700134277      
980 -0.0011971008498221636 0.3603273630142212 10.030508041381836      
981 0.038307227194309235 0.3627215623855591 10.02811336517334      
982 -0.013168109580874443 0.36750996112823486 10.043676376342773      
983 0.026336219161748886 0.3627215623855591 10.038887977600098      
984 0.011971008032560349 0.3663128614425659 10.043676376342773      
985 0.04908113554120064 0.3627215623855591 10.043676376342773      
986 0.05626374110579491 0.35913026332855225 10.053253173828125      
987 0.06703764945268631 0.35673606395721436 10.047266960144043      
988 0.06224924325942993 0.3603273630142212 10.050858497619629      
989 0.016759412363171577 0.37229835987091064 10.068815231323242      
990 0.023942016065120697 0.36990416049957275 10.0580415725708      
991 0.0347159244120121 0.3603273630142212 10.040084838867188      
992 0.008379706181585789 0.3627215623855591 10.038887977600098      
993 0.02274491637945175 0.365115761756897 10.043676376342773      
994 0.017956512048840523 0.365115761756897 10.047266960144043      
995 0.005985504016280174 0.3687070608139038 10.050858497619629      
996 0.0071826050989329815 0.37229835987091064 10.043676376342773      
997 0.0071826050989329815 0.365115761756897 10.054450035095215      
998 0.010773907415568829 0.35673606395721436 10.035296440124512      
999 0.019153613597154617 0.35434186458587646 10.042478561401367      
1000 0.031124621629714966 0.35673606395721436 10.040084838867188      
1001 -0.0011971008498221636 0.3711012601852417 10.04846477508545      
1002 -0.015562310814857483 0.36750996112823486 10.046070098876953      
1003 0.005985504016280174 0.3627215623855591 10.034099578857422      
1004 -0.005985504016280174 0.36152446269989014 10.02811336517334      
1005 0.011971008032560349 0.3579331636428833 10.032901763916016      
1006 0.021547814831137657 0.35913026332855225 10.036493301391602      
1007 0.013168109580874443 0.36152446269989014 10.043676376342773      
1008 0.033518824726343155 0.35913026332855225 10.047266960144043      
1009 0.011971008032560349 0.3627215623855591 10.038887977600098      
1010 0.017956512048840523 0.3627215623855591 10.038887977600098      
1011 0.013168109580874443 0.3627215623855591 10.041281700134277      
1012 0.0035913025494664907 0.363918662071228 10.042478561401367      
1013 0.011971008032560349 0.3627215623855591 10.036493301391602      
1014 0.011971008032560349 0.3687070608139038 10.038887977600098      
1015 0.015562310814857483 0.365115761756897 10.040084838867188      
1016 0.013168109580874443 0.36152446269989014 10.035296440124512      
1017 0.010773907415568829 0.35913026332855225 10.041281700134277      
1018 0.021547814831137657 0.35913026332855225 10.040084838867188      
1019 0.019153613597154617 0.3627215623855591 10.043676376342773      
1020 0.021547814831137657 0.36152446269989014 10.044873237609863      
1021 0.020350715145468712 0.36152446269989014 10.042478561401367      
1022 0.020350715145468712 0.3627215623855591 10.036493301391602      
1023 0.023942016065120697 0.36152446269989014 10.042478561401367      
1024 0.023942016065120697 0.363918662071228 10.041281700134277      
1025 0.023942016065120697 0.36750996112823486 10.038887977600098      
1026 0.021547814831137657 0.3663128614425659 10.043676376342773      
1027 0.02992752194404602 0.365115761756897 10.037690162658691      
1028 0.028730420395731926 0.3663128614425659 10.035296440124512      
1029 0.02753331884741783 0.363918662071228 10.043676376342773      
1030 0.02992752194404602 0.36750996112823486 10.042478561401367      
1031 0.028730420395731926 0.36990416049957275 10.044873237609863      
1032 0.02753331884741783 0.365115761756897 10.042478561401367      
1033 0.023942016065120697 0.36152446269989014 10.046070098876953      
1034 0.02274491637945175 0.3603273630142212 10.044873237609863      
1035 0.02274491637945175 0.3603273630142212 10.038887977600098      
1036 0.021547814831137657 0.3627215623855591 10.040084838867188      
1037 0.02274491637945175 0.3627215623855591 10.041281700134277      
1038 0.02513911761343479 0.3663128614425659 10.041281700134277      
1039 0.026336219161748886 0.365115761756897 10.040084838867188      
1040 0.020350715145468712 0.36152446269989014 10.038887977600098      
1041 0.021547814831137657 0.365115761756897 10.037690162658691      
1042 0.028730420395731926 0.36152446269989014 10.038887977600098      
1043 0.02753331884741783 0.3603273630142212 10.036493301391602      
1044 0.026336219161748886 0.35913026332855225 10.031704902648926      
1045 0.02513911761343479 0.3627215623855591 10.034099578857422      
1046 0.02753331884741783 0.363918662071228 10.043676376342773      
1047 0.026336219161748886 0.3627215623855591 10.040084838867188      
1048 0.02992752194404602 0.363918662071228 10.036493301391602      
1049 0.023942016065120697 0.36152446269989014 10.038887977600098      
1050 0.023942016065120697 0.363918662071228 10.044873237609863      
1051 0.02513911761343479 0.3627215623855591 10.038887977600098      
1052 0.021547814831137657 0.36152446269989014 10.040084838867188      
1053 0.02274491637945175 0.35913026332855225 10.046070098876953      
1054 0.02513911761343479 0.36152446269989014 10.042478561401367      
1055 0.023942016065120697 0.365115761756897 10.038887977600098      
1056 0.02513911761343479 0.363918662071228 10.044873237609863      
1057 0.02274491637945175 0.3663128614425659 10.041281700134277      
1058 0.023942016065120697 0.3663128614425659 10.041281700134277      
1059 0.02513911761343479 0.3627215623855591 10.036493301391602      
1060 0.026336219161748886 0.3603273630142212 10.040084838867188      
1061 0.028730420395731926 0.36152446269989014 10.037690162658691      
1062 0.026336219161748886 0.363918662071228 10.038887977600098      
1063 0.02753331884741783 0.363918662071228 10.038887977600098      
1064 0.02753331884741783 0.363918662071228 10.034099578857422      
1065 0.02513911761343479 0.365115761756897 10.040084838867188      
1066 0.02513911761343479 0.365115761756897 10.046070098876953      
1067 0.02513911761343479 0.363918662071228 10.043676376342773      
1068 0.023942016065120697 0.3687070608139038 10.042478561401367      
1069 0.02513911761343479 0.3687070608139038 10.042478561401367      
1070 0.02513911761343479 0.363918662071228 10.042478561401367      
1071 0.02274491637945175 0.3663128614425659 10.041281700134277      
1072 0.021547814831137657 0.365115761756897 10.037690162658691      
1073 0.023942016065120697 0.36152446269989014 10.043676376342773      
1074 0.021547814831137657 0.363918662071228 10.046070098876953      
1075 0.020350715145468712 0.36152446269989014 10.044873237609863      
1076 0.020350715145468712 0.363918662071228 10.040084838867188      
1077 0.02274491637945175 0.365115761756897 10.042478561401367      
1078 0.02274491637945175 0.3663128614425659 10.043676376342773      
1079 0.02753331884741783 0.3663128614425659 10.042478561401367      
1080 0.026336219161748886 0.3663128614425659 10.043676376342773      
1081 0.02513911761343479 0.3663128614425659 10.044873237609863      
1082 0.021547814831137657 0.3627215623855591 10.043676376342773      
1083 0.020350715145468712 0.36152446269989014 10.043676376342773      
1084 0.021547814831137657 0.36750996112823486 10.043676376342773      
1085 0.023942016065120697 0.3687070608139038 10.037690162658691      
1086 0.026336219161748886 0.363918662071228 10.038887977600098      
1087 0.02513911761343479 0.365115761756897 10.046070098876953      
1088 0.02274491637945175 0.365115761756897 10.043676376342773      
1089 0.02274491637945175 0.3627215623855591 10.042478561401367      
1090 0.02274491637945175 0.36152446269989014 10.042478561401367      
1091 0.021547814831137657 0.363918662071228 10.041281700134277      
1092 0.021547814831137657 0.365115761756897 10.038887977600098      
1093 0.023942016065120697 0.3663128614425659 10.041281700134277      
1094 0.023942016065120697 0.365115761756897 10.041281700134277      
1095 0.02274491637945175 0.3687070608139038 10.046070098876953      
1096 0.020350715145468712 0.3627215623855591 10.043676376342773      
1097 0.021547814831137657 0.363918662071228 10.040084838867188      
1098 0.02274491637945175 0.365115761756897 10.038887977600098      
1099 0.021547814831137657 0.363918662071228 10.040084838867188      
1100 0.02513911761343479 0.365115761756897 10.047266960144043      
1101 0.020350715145468712 0.36750996112823486 10.046070098876953      
1102 0.021547814831137657 0.363918662071228 10.041281700134277      
1103 0.021547814831137657 0.36152446269989014 10.042478561401367      
1104 0.023942016065120697 0.3627215623855591 10.043676376342773      
1105 0.023942016065120697 0.363918662071228 10.041281700134277      
1106 0.02274491637945175 0.35913026332855225 10.035296440124512      
1107 0.023942016065120697 0.36152446269989014 10.034099578857422      
1108 0.02274491637945175 0.3663128614425659 10.038887977600098      
1109 0.019153613597154617 0.36750996112823486 10.040084838867188      
1110 0.020350715145468712 0.3627215623855591 10.040084838867188      
1111 0.02274491637945175 0.363918662071228 10.041281700134277      
1112 0.020350715145468712 0.363918662071228 10.038887977600098      
1113 0.023942016065120697 0.36152446269989014 10.038887977600098      
1114 0.02274491637945175 0.36152446269989014 10.041281700134277      
1115 0.021547814831137657 0.365115761756897 10.046070098876953      
1116 0.020350715145468712 0.36750996112823486 10.042478561401367      
1117 0.021547814831137657 0.363918662071228 10.040084838867188      
1118 0.02274491637945175 0.363918662071228 10.040084838867188      
1119 0.023942016065120697 0.3663128614425659 10.040084838867188      
1120 0.02513911761343479 0.3663128614425659 10.042478561401367      
1121 0.02513911761343479 0.365115761756897 10.041281700134277      
1122 0.020350715145468712 0.3663128614425659 10.043676376342773      
1123 0.023942016065120697 0.363918662071228 10.046070098876953      
1124 0.026336219161748886 0.3627215623855591 10.042478561401367      
1125 0.028730420395731926 0.36152446269989014 10.035296440124512      
1126 0.02753331884741783 0.3663128614425659 10.037690162658691      
1127 0.023942016065120697 0.365115761756897 10.037690162658691      
1128 0.02513911761343479 0.365115761756897 10.038887977600098      
1129 0.02274491637945175 0.363918662071228 10.038887977600098      
1130 0.02513911761343479 0.363918662071228 10.036493301391602      
1131 0.02274491637945175 0.363918662071228 10.035296440124512      
1132 0.026336219161748886 0.3603273630142212 10.037690162658691      
1133 0.021547814831137657 0.3603273630142212 10.036493301391602      
1134 0.021547814831137657 0.3603273630142212 10.040084838867188      
1135 0.020350715145468712 0.35913026332855225 10.038887977600098      
1136 0.020350715145468712 0.3627215623855591 10.038887977600098      
1137 0.019153613597154617 0.3627215623855591 10.041281700134277      
1138 0.016759412363171577 0.3603273630142212 10.042478561401367      
1139 0.021547814831137657 0.3627215623855591 10.041281700134277      
1140 0.021547814831137657 0.36152446269989014 10.040084838867188      
1141 0.023942016065120697 0.36152446269989014 10.038887977600098      
1142 0.021547814831137657 0.35913026332855225 10.040084838867188      
1143 0.02513911761343479 0.3579331636428833 10.041281700134277      
1144 0.026336219161748886 0.35913026332855225 10.041281700134277      
1145 0.02513911761343479 0.3579331636428833 10.038887977600098      
1146 0.026336219161748886 0.3627215623855591 10.034099578857422      
1147 0.02274491637945175 0.3603273630142212 10.041281700134277      
1148 0.023942016065120697 0.35913026332855225 10.042478561401367      
1149 0.02513911761343479 0.3579331636428833 10.041281700134277      
1150 0.023942016065120697 0.35673606395721436 10.040084838867188      
1151 0.02274491637945175 0.35913026332855225 10.037690162658691      
1152 0.02753331884741783 0.36152446269989014 10.041281700134277      
1153 0.02274491637945175 0.3627215623855591 10.041281700134277      
1154 0.02274491637945175 0.3627215623855591 10.041281700134277      
1155 0.020350715145468712 0.3603273630142212 10.041281700134277      
1156 0.023942016065120697 0.3603273630142212 10.042478561401367      
1157 0.02274491637945175 0.3579331636428833 10.042478561401367      
1158 0.026336219161748886 0.363918662071228 10.041281700134277      
1159 0.021547814831137657 0.365115761756897 10.038887977600098      
1160 0.02274491637945175 0.3663128614425659 10.038887977600098      
1161 0.02753331884741783 0.363918662071228 10.035296440124512      
1162 0.026336219161748886 0.3627215623855591 10.038887977600098      
1163 0.02274491637945175 0.36152446269989014 10.038887977600098      
1164 0.02274491637945175 0.35913026332855225 10.036493301391602      
1165 0.023942016065120697 0.363918662071228 10.036493301391602      
1166 0.026336219161748886 0.363918662071228 10.041281700134277      
1167 0.02513911761343479 0.363918662071228 10.042478561401367      
1168 0.020350715145468712 0.365115761756897 10.044873237609863      
1169 0.020350715145468712 0.365115761756897 10.044873237609863      
1170 0.021547814831137657 0.365115761756897 10.040084838867188      
1171 0.020350715145468712 0.3663128614425659 10.044873237609863      
1172 0.02274491637945175 0.3603273630142212 10.046070098876953      
1173 0.021547814831137657 0.36152446269989014 10.041281700134277      
1174 0.020350715145468712 0.36152446269989014 10.043676376342773      
1175 0.021547814831137657 0.3603273630142212 10.042478561401367      
1176 0.02513911761343479 0.3627215623855591 10.044873237609863      
1177 0.026336219161748886 0.36152446269989014 10.042478561401367      
1178 0.02274491637945175 0.36152446269989014 10.041281700134277      
1179 0.023942016065120697 0.35913026332855225 10.043676376342773      
1180 0.02513911761343479 0.35913026332855225 10.047266960144043      
1181 0.02274491637945175 0.3579331636428833 10.042478561401367      
1182 0.02274491637945175 0.36152446269989014 10.043676376342773      
1183 0.02274491637945175 0.36152446269989014 10.044873237609863      
1184 0.02753331884741783 0.3603273630142212 10.041281700134277      
1185 0.028730420395731926 0.35913026332855225 10.043676376342773      
1186 0.02753331884741783 0.3627215623855591 10.041281700134277      
1187 0.023942016065120697 0.35913026332855225 10.037690162658691      
1188 0.028730420395731926 0.3579331636428833 10.036493301391602      
1189 0.02513911761343479 0.35673606395721436 10.038887977600098      
1190 0.023942016065120697 0.3627215623855591 10.041281700134277      
1191 0.021547814831137657 0.363918662071228 10.040084838867188      
1192 0.02513911761343479 0.36152446269989014 10.042478561401367      
1193 0.02513911761343479 0.36152446269989014 10.043676376342773      
1194 0.023942016065120697 0.3627215623855591 10.041281700134277      
1195 0.02513911761343479 0.365115761756897 10.040084838867188      
1196 0.028730420395731926 0.365115761756897 10.036493301391602      
1197 0.023942016065120697 0.3663128614425659 10.041281700134277      
1198 0.023942016065120697 0.3627215623855591 10.041281700134277      
1199 0.02274491637945175 0.3579331636428833 10.040084838867188      
1200 0.023942016065120697 0.365115761756897 10.041281700134277      
1201 0.02513911761343479 0.365115761756897 10.044873237609863      
1202 0.02513911761343479 0.3663128614425659 10.042478561401367      
1203 0.023942016065120697 0.363918662071228 10.044873237609863      
1204 0.02513911761343479 0.3627215623855591 10.040084838867188      
1205 0.026336219161748886 0.363918662071228 10.041281700134277      
1206 0.023942016065120697 0.3627215623855591 10.036493301391602      
1207 0.023942016065120697 0.363918662071228 10.037690162658691      
1208 0.02513911761343479 0.36990416049957275 10.043676376342773      
1209 0.02513911761343479 0.365115761756897 10.041281700134277      
1210 0.023942016065120697 0.3627215623855591 10.044873237609863      
1211 0.02274491637945175 0.365115761756897 10.044873237609863      
1212 0.026336219161748886 0.3663128614425659 10.042478561401367      
1213 0.023942016065120697 0.363918662071228 10.041281700134277      
1214 0.028730420395731926 0.363918662071228 10.038887977600098      
1215 0.02513911761343479 0.3603273630142212 10.040084838867188      
1216 0.021547814831137657 0.3603273630142212 10.038887977600098      
1217 0.016759412363171577 0.36152446269989014 10.041281700134277      
1218 0.020350715145468712 0.3603273630142212 10.044873237609863      
1219 0.023942016065120697 0.3579331636428833 10.046070098876953      
1220 0.02274491637945175 0.3603273630142212 10.043676376342773      
1221 0.020350715145468712 0.3627215623855591 10.042478561401367      
1222 0.026336219161748886 0.3663128614425659 10.040084838867188      
1223 0.023942016065120697 0.36750996112823486 10.042478561401367      
1224 0.020350715145468712 0.36750996112823486 10.044873237609863      
1225 0.02274491637945175 0.365115761756897 10.047266960144043      
1226 0.023942016065120697 0.35913026332855225 10.040084838867188      
1227 0.026336219161748886 0.35673606395721436 10.041281700134277      
1228 0.02753331884741783 0.35913026332855225 10.038887977600098      
1229 0.02513911761343479 0.36152446269989014 10.043676376342773      
1230 0.02513911761343479 0.3627215623855591 10.042478561401367      
1231 0.02274491637945175 0.3627215623855591 10.044873237609863      
1232 0.023942016065120697 0.36152446269989014 10.042478561401367      
1233 0.02513911761343479 0.3579331636428833 10.042478561401367      
1234 0.02513911761343479 0.35913026332855225 10.040084838867188      
1235 0.02274491637945175 0.36152446269989014 10.038887977600098      
1236 0.023942016065120697 0.35913026332855225 10.044873237609863      
1237 0.023942016065120697 0.36152446269989014 10.041281700134277      
1238 0.02753331884741783 0.363918662071228 10.042478561401367      
1239 0.02513911761343479 0.363918662071228 10.044873237609863      
1240 0.021547814831137657 0.363918662071228 10.043676376342773      
1241 0.02274491637945175 0.363918662071228 10.044873237609863      
1242 0.023942016065120697 0.3627215623855591 10.043676376342773      
1243 0.02274491637945175 0.3627215623855591 10.042478561401367      
1244 0.023942016065120697 0.3627215623855591 10.038887977600098      
1245 0.02274491637945175 0.363918662071228 10.036493301391602      
1246 0.02274491637945175 0.35913026332855225 10.037690162658691      
1247 0.02513911761343479 0.36152446269989014 10.043676376342773      
1248 0.02513911761343479 0.36152446269989014 10.046070098876953      
1249 0.026336219161748886 0.3627215623855591 10.047266960144043      
1250 0.02753331884741783 0.3627215623855591 10.044873237609863      
1251 0.02753331884741783 0.365115761756897 10.042478561401367      
1252 0.026336219161748886 0.3627215623855591 10.046070098876953      
1253 0.028730420395731926 0.3627215623855591 10.04846477508545      
1254 0.02753331884741783 0.365115761756897 10.050858497619629      
1255 0.026336219161748886 0.363918662071228 10.050858497619629      
1256 0.023942016065120697 0.36152446269989014 10.046070098876953      
1257 0.023942016065120697 0.3603273630142212 10.04846477508545      
1258 0.02274491637945175 0.3603273630142212 10.050858497619629      
1259 0.02513911761343479 0.36152446269989014 10.046070098876953      
1260 0.02274491637945175 0.365115761756897 10.044873237609863      
1261 0.02274491637945175 0.36152446269989014 10.041281700134277      
1262 0.023942016065120697 0.36152446269989014 10.042478561401367      
1263 0.02513911761343479 0.363918662071228 10.046070098876953      
1264 0.023942016065120697 0.365115761756897 10.044873237609863      
1265 0.02274491637945175 0.3579331636428833 10.046070098876953      
1266 0.023942016065120697 0.3627215623855591 10.042478561401367      
1267 0.020350715145468712 0.3663128614425659 10.040084838867188      
1268 0.023942016065120697 0.363918662071228 10.037690162658691      
1269 0.023942016065120697 0.3663128614425659 10.036493301391602      
1270 0.02513911761343479 0.365115761756897 10.037690162658691      
1271 0.021547814831137657 0.36750996112823486 10.040084838867188      
1272 0.021547814831137657 0.36750996112823486 10.040084838867188      
1273 0.02274491637945175 0.3663128614425659 10.040084838867188      
1274 0.023942016065120697 0.365115761756897 10.041281700134277      
1275 0.02274491637945175 0.365115761756897 10.044873237609863      
1276 0.020350715145468712 0.363918662071228 10.046070098876953      
1277 0.016759412363171577 0.363918662071228 10.041281700134277      
1278 0.020350715145468712 0.36152446269989014 10.042478561401367      
1279 0.023942016065120697 0.3603273630142212 10.044873237609863      
1280 0.02274491637945175 0.363918662071228 10.044873237609863      
1281 0.02513911761343479 0.36152446269989014 10.042478561401367      
1282 0.023942016065120697 0.36152446269989014 10.046070098876953      
1283 0.023942016065120697 0.36750996112823486 10.046070098876953      
1284 0.021547814831137657 0.3663128614425659 10.042478561401367      
1285 0.02274491637945175 0.3627215623855591 10.041281700134277      
1286 0.023942016065120697 0.3627215623855591 10.042478561401367      
1287 0.02992752194404602 0.365115761756897 10.041281700134277      
1288 0.02513911761343479 0.3663128614425659 10.041281700134277      
1289 0.02513911761343479 0.36990416049957275 10.042478561401367      
1290 0.02274491637945175 0.36750996112823486 10.043676376342773      
1291 0.023942016065120697 0.36750996112823486 10.041281700134277      
1292 0.02753331884741783 0.3663128614425659 10.044873237609863      
1293 0.026336219161748886 0.36750996112823486 10.042478561401367      
1294 0.026336219161748886 0.3663128614425659 10.041281700134277      
1295 0.026336219161748886 0.365115761756897 10.046070098876953      
1296 0.02513911761343479 0.365115761756897 10.043676376342773      
1297 0.023942016065120697 0.3663128614425659 10.047266960144043      
1298 0.023942016065120697 0.3663128614425659 10.049661636352539      
1299 0.02274491637945175 0.363918662071228 10.046070098876953      
1300 0.020350715145468712 0.3603273630142212 10.043676376342773      
1301 0.02513911761343479 0.35673606395721436 10.043676376342773      
1302 0.02513911761343479 0.35913026332855225 10.041281700134277      
1303 0.02274491637945175 0.35913026332855225 10.042478561401367      
1304 0.02753331884741783 0.3603273630142212 10.044873237609863      
1305 0.026336219161748886 0.36152446269989014 10.046070098876953      
1306 0.021547814831137657 0.363918662071228 10.044873237609863      
1307 0.023942016065120697 0.363918662071228 10.044873237609863      
1308 0.02274491637945175 0.365115761756897 10.043676376342773      
1309 0.021547814831137657 0.3627215623855591 10.047266960144043      
1310 0.02513911761343479 0.3627215623855591 10.047266960144043      
1311 0.020350715145468712 0.36152446269989014 10.047266960144043      
1312 0.023942016065120697 0.3627215623855591 10.04846477508545      
1313 0.02513911761343479 0.3627215623855591 10.049661636352539      
1314 0.02274491637945175 0.35913026332855225 10.047266960144043      
1315 0.02513911761343479 0.363918662071228 10.043676376342773      
1316 0.023942016065120697 0.3603273630142212 10.041281700134277      
1317 0.02513911761343479 0.3627215623855591 10.036493301391602      
1318 0.02274491637945175 0.363918662071228 10.040084838867188      
1319 0.02513911761343479 0.363918662071228 10.038887977600098      
1320 0.02992752194404602 0.3627215623855591 10.041281700134277      
1321 0.02753331884741783 0.363918662071228 10.043676376342773      
1322 0.023942016065120697 0.36152446269989014 10.043676376342773      
1323 0.02513911761343479 0.35913026332855225 10.046070098876953      
1324 0.026336219161748886 0.35673606395721436 10.041281700134277      
1325 0.02513911761343479 0.35913026332855225 10.047266960144043      
1326 0.026336219161748886 0.35913026332855225 10.046070098876953      
1327 0.02274491637945175 0.36152446269989014 10.043676376342773      
1328 0.021547814831137657 0.37229835987091064 10.040084838867188      
1329 0.026336219161748886 0.363918662071228 10.047266960144043      
1330 0.02992752194404602 0.36152446269989014 10.047266960144043      
1331 0.02992752194404602 0.3627215623855591 10.044873237609863      
1332 0.02513911761343479 0.363918662071228 10.046070098876953      
1333 0.023942016065120697 0.3627215623855591 10.044873237609863      
1334 0.026336219161748886 0.363918662071228 10.04846477508545      
1335 0.026336219161748886 0.363918662071228 10.042478561401367      
1336 0.026336219161748886 0.36750996112823486 10.040084838867188      
1337 0.026336219161748886 0.3663128614425659 10.041281700134277      
1338 0.026336219161748886 0.365115761756897 10.038887977600098      
1339 0.02513911761343479 0.3627215623855591 10.041281700134277      
1340 0.02753331884741783 0.35913026332855225 10.040084838867188      
1341 0.031124621629714966 0.3603273630142212 10.040084838867188      
1342 0.02992752194404602 0.35673606395721436 10.041281700134277      
1343 0.026336219161748886 0.35913026332855225 10.041281700134277      
1344 0.023942016065120697 0.35913026332855225 10.042478561401367      
1345 0.021547814831137657 0.3627215623855591 10.040084838867188      
1346 0.021547814831137657 0.365115761756897 10.037690162658691      
1347 0.019153613597154617 0.3663128614425659 10.038887977600098      
1348 0.019153613597154617 0.365115761756897 10.043676376342773      
1349 0.019153613597154617 0.36152446269989014 10.041281700134277      
1350 0.020350715145468712 0.3627215623855591 10.042478561401367      
1351 0.017956512048840523 0.3627215623855591 10.042478561401367      
1352 0.019153613597154617 0.36152446269989014 10.043676376342773      
1353 0.02274491637945175 0.363918662071228 10.04846477508545      
1354 0.02274491637945175 0.365115761756897 10.043676376342773      
1355 0.020350715145468712 0.363918662071228 10.042478561401367      
1356 0.02274491637945175 0.3627215623855591 10.041281700134277      
1357 0.021547814831137657 0.36152446269989014 10.043676376342773      
1358 0.021547814831137657 0.363918662071228 10.042478561401367      
1359 0.020350715145468712 0.3627215623855591 10.044873237609863      
1360 0.02513911761343479 0.365115761756897 10.050858497619629      
1361 0.02513911761343479 0.3627215623855591 10.04846477508545      
1362 0.023942016065120697 0.363918662071228 10.047266960144043      
1363 0.02753331884741783 0.36152446269989014 10.040084838867188      
1364 0.02992752194404602 0.35673606395721436 10.042478561401367      
1365 0.02992752194404602 0.35673606395721436 10.047266960144043      
1366 0.02753331884741783 0.3603273630142212 10.04846477508545      
1367 0.02753331884741783 0.3627215623855591 10.044873237609863      
1368 0.028730420395731926 0.3627215623855591 10.04846477508545      
1369 0.026336219161748886 0.3603273630142212 10.046070098876953      
1370 0.021547814831137657 0.3603273630142212 10.041281700134277      
1371 0.021547814831137657 0.3603273630142212 10.043676376342773      
1372 0.02274491637945175 0.36152446269989014 10.047266960144043      
1373 0.02274491637945175 0.3627215623855591 10.046070098876953      
1374 0.023942016065120697 0.365115761756897 10.046070098876953      
