1 -0.4129997789859772 0.363918662071228 10.040084838867188      
2 -0.7529764175415039 0.37229835987091064 10.04846477508545      
3 0.0011971008498221636 0.3687070608139038 10.05923843383789      
4 0.6392518281936646 0.3711012601852417 10.043676376342773      
5 0.6536170840263367 0.35434186458587646 10.065223693847656      
6 -0.2621650993824005 0.3842693865299225 10.072406768798828      
7 -0.7817068696022034 0.3926490843296051 10.086771965026855      
8 0.08738835901021957 0.38546648621559143 10.103530883789062      
9 0.8475474119186401 0.363918662071228 10.108319282531738      
10 0.7565677165985107 0.36990416049957275 10.066421508789062      
11 -0.27413609623908997 0.3734954595565796 10.05923843383789      
12 -0.8176198601722717 0.3842693865299225 10.044873237609863      
13 -0.07302315533161163 0.33997663855552673 10.002974510192871      
14 0.5159504413604736 0.34835633635520935 9.999382972717285      
15 0.5267243981361389 0.3447650372982025 10.040084838867188      
16 -0.3016694188117981 0.38307225704193115 10.065223693847656      
17 -0.9720458984375 0.4034229815006256 10.071209907531738      
18 -0.02513911761343479 0.3770867586135864 10.055646896362305      
19 0.8188169598579407 0.35673606395721436 10.062829971313477      
20 0.6871358752250671 0.365115761756897 10.067618370056152      
21 -0.3818751573562622 0.35913026332855225 10.036493301391602      
22 -0.9696516990661621 0.3663128614425659 10.011354446411133      
23 0.033518824726343155 0.3411737382411957 10.018536567687988      
24 0.7769184708595276 0.3315969407558441 10.008959770202637      
25 0.3902548849582672 0.3531447649002075 10.02571964263916      
26 -0.4944026470184326 0.3734954595565796 10.02811336517334      
27 -0.8846575021743774 0.3794809579849243 10.041281700134277      
28 0.8966285586357117 0.3687070608139038 10.079588890075684      
29 0.8966285586357117 0.3687070608139038 10.079588890075684      
30 -0.24899697303771973 0.3878606855869293 10.078392028808594      
31 -1.1037269830703735 0.38905778527259827 10.035296440124512      
32 -0.12928688526153564 0.3495534360408783 10.007762908935547      
33 0.8164227604866028 0.32680854201316833 9.99220085144043      
34 0.7218518257141113 0.35913026332855225 10.053253173828125      
35 -0.2861070930957794 0.3902548849582672 10.101137161254883      
36 -0.9636662006378174 0.4010287821292877 10.08318042755127      
37 0.08978256583213806 0.36152446269989014 10.041281700134277      
38 0.6787561774253845 0.3423708379268646 10.037690162658691      
39 0.7469909191131592 0.333991140127182 10.016142845153809      
40 -0.47644615173339844 0.3711012601852417 10.020931243896484      
41 -1.0007762908935547 0.3687070608139038 10.040084838867188      
42 -0.13287819921970367 0.3363853394985199 10.000580787658691      
43 0.6883329749107361 0.33758243918418884 10.012551307678223      
44 0.7589619159698486 0.3471592366695404 10.016142845153809      
45 -0.3292027413845062 0.363918662071228 10.044873237609863      
46 -0.8954314589500427 0.37828385829925537 10.075998306274414      
47 0.1364694982767105 0.363918662071228 10.070012092590332      
48 0.8786720037460327 0.34356793761253357 10.030508041381836      
49 0.5614402890205383 0.3387795388698578 10.032901763916016      
50 -0.44412440061569214 0.365115761756897 10.036493301391602      
51 -1.0881646871566772 0.3926490843296051 10.068815231323242      
52 -0.1412578970193863 0.3734954595565796 10.05923843383789      
53 0.7314286231994629 0.365115761756897 10.065223693847656      
54 0.8535329103469849 0.35434186458587646 10.053253173828125      
55 -0.31124621629714966 0.3770867586135864 10.050858497619629      
56 -0.9612720012664795 0.3926490843296051 10.054450035095215      
57 -0.0035913025494664907 0.3711012601852417 10.066421508789062      
58 0.8200140595436096 0.33758243918418884 10.016142845153809      
59 0.4728548228740692 0.34356793761253357 10.016142845153809      
60 -0.4644751250743866 0.3531447649002075 10.020931243896484      
61 -0.993593692779541 0.3711012601852417 10.020931243896484      
62 -0.18315643072128296 0.3711012601852417 10.055646896362305      
63 0.6787561774253845 0.34835633635520935 10.061633110046387      
64 0.7481880187988281 0.34356793761253357 10.047266960144043      
65 -0.4752490520477295 0.3627215623855591 10.02811336517334      
66 -0.9062053561210632 0.36990416049957275 10.029311180114746      
67 -0.019153613597154617 0.35913026332855225 10.042478561401367      
68 0.8343793153762817 0.3471592366695404 10.042478561401367      
69 0.606930136680603 0.35913026332855225 10.034099578857422      
70 -0.35434186458587646 0.37469255924224854 10.061633110046387      
71 -0.9026140570640564 0.3902548849582672 10.074800491333008      
72 0.2406172752380371 0.3758896589279175 10.066421508789062      
73 0.8607155084609985 0.3579331636428833 10.043676376342773      
74 0.6224924325942993 0.35434186458587646 10.037690162658691      
75 -0.3363853394985199 0.3818751573562622 10.064026832580566      
76 -0.9983820915222168 0.38905778527259827 10.074800491333008      
77 -0.13168109953403473 0.35673606395721436 10.035296440124512      
78 0.6823474764823914 0.35075053572654724 10.018536567687988      
79 0.6739677786827087 0.3627215623855591 10.020931243896484      
80 -0.36152446269989014 0.36750996112823486 10.06043529510498      
81 -0.872686505317688 0.37469255924224854 10.061633110046387      
82 0.7781155705451965 0.34356793761253357 10.012551307678223      
83 0.7781155705451965 0.34356793761253357 10.012551307678223      
84 -0.4752490520477295 0.38067805767059326 10.043676376342773      
85 -0.9792284965515137 0.3711012601852417 10.010157585144043      
86 -0.9792284965515137 0.3711012601852417 10.010157585144043      
87 0.7098808288574219 0.3387795388698578 10.018536567687988      
88 0.7098808288574219 0.3387795388698578 10.018536567687988      
89 -0.2801215946674347 0.36750996112823486 10.046070098876953      
90 -0.8248024582862854 0.38307225704193115 10.06043529510498      
91 0.0347159244120121 0.3711012601852417 10.078392028808594      
92 0.8259995579719543 0.3519476354122162 10.049661636352539      
93 0.52552729845047 0.365115761756897 10.079588890075684      
94 -0.42377370595932007 0.38546648621559143 10.042478561401367      
95 -0.9145850539207458 0.38905778527259827 10.062829971313477      
96 0.19632454216480255 0.3627215623855591 10.047266960144043      
97 0.669179379940033 0.36750996112823486 10.05923843383789      
98 0.851138710975647 0.3711012601852417 10.089165687561035      
99 -0.333991140127182 0.363918662071228 10.041281700134277      
100 -0.9145850539207458 0.37229835987091064 10.036493301391602      
101 -0.11971008777618408 0.3519476354122162 10.016142845153809      
102 0.6919242739677429 0.3471592366695404 10.029311180114746      
103 0.6380547285079956 0.3411737382411957 10.019734382629395      
104 -0.3687070608139038 0.3663128614425659 10.041281700134277      
105 -0.8822633028030396 0.39384618401527405 10.089165687561035      
106 0.29209262132644653 0.38307225704193115 10.097545623779297      
107 0.9816226959228516 0.3687070608139038 10.075998306274414      
108 0.5339069962501526 0.3711012601852417 10.054450035095215      
109 -0.5183446407318115 0.37229835987091064 10.030508041381836      
110 -1.1109095811843872 0.3794809579849243 10.04846477508545      
111 -0.19033902883529663 0.35913026332855225 10.018536567687988      
112 0.669179379940033 0.3555389642715454 10.02452278137207      
113 0.7996633648872375 0.3411737382411957 10.014945983886719      
114 -0.3878606855869293 0.35434186458587646 10.031704902648926      
115 -0.8631097078323364 0.3842693865299225 10.055646896362305      
116 0.10534487664699554 0.3842693865299225 10.089165687561035      
117 0.8523358106613159 0.3447650372982025 10.034099578857422      
118 0.44532153010368347 0.3411737382411957 10.005369186401367      
119 -0.5518634915351868 0.36990416049957275 10.005369186401367      
120 -0.8702923059463501 0.3711012601852417 10.036493301391602      
121 -0.021547814831137657 0.38067805767059326 10.090363502502441      
122 0.8667010068893433 0.3770867586135864 10.107122421264648      
123 0.7697358727455139 0.3770867586135864 10.089165687561035      
124 -0.39863458275794983 0.3687070608139038 10.034099578857422      
125 -0.9660604000091553 0.3758896589279175 10.032901763916016      
126 -0.1496376097202301 0.3687070608139038 10.02691650390625      
127 0.6787561774253845 0.33997663855552673 10.007762908935547      
128 0.5446808934211731 0.3423708379268646 10.016142845153809      
129 -0.9241618514060974 0.38307225704193115 10.04846477508545      
130 0.19153612852096558 0.36152446269989014 10.043676376342773      
131 0.19153612852096558 0.36152446269989014 10.043676376342773      
132 0.5039794445037842 0.34835633635520935 10.013748168945312      
133 -0.47165772318840027 0.365115761756897 10.02811336517334      
134 -1.0007762908935547 0.37828385829925537 10.032901763916016      
135 -0.17477671802043915 0.3519476354122162 10.016142845153809      
136 0.7003039717674255 0.35075053572654724 10.020931243896484      
137 0.7170634269714355 0.34835633635520935 10.020931243896484      
138 -0.3064578175544739 0.37229835987091064 10.062829971313477      
139 -0.829590916633606 0.3926490843296051 10.105925559997559      
140 0.17836803197860718 0.3603273630142212 10.072406768798828      
141 0.8463503122329712 0.33758243918418884 10.019734382629395      
142 0.5003881454467773 0.365115761756897 10.031704902648926      
143 -0.42856210470199585 0.3794809579849243 10.042478561401367      
144 -0.9397241473197937 0.3842693865299225 10.029311180114746      
145 -0.1951274424791336 0.365115761756897 10.02811336517334      
146 0.7122750282287598 0.36152446269989014 10.050858497619629      
147 0.7481880187988281 0.36750996112823486 10.0580415725708      
148 -0.36990416049957275 0.36750996112823486 10.056844711303711      
149 -0.93254154920578 0.38067805767059326 10.040084838867188      
150 0.0035913025494664907 0.363918662071228 10.056844711303711      
151 0.7445967197418213 0.3315969407558441 10.001777648925781      
152 0.6093243360519409 0.3387795388698578 10.018536567687988      
153 -0.3998316824436188 0.37828385829925537 10.0580415725708      
154 -0.9780313968658447 0.3878606855869293 10.032901763916016      
155 0.24899697303771973 0.3770867586135864 10.055646896362305      
156 0.8786720037460327 0.37469255924224854 10.11669921875      
157 0.9229647517204285 0.3734954595565796 10.107122421264648      
158 -0.39863458275794983 0.37828385829925537 10.049661636352539      
159 -0.9481038451194763 0.37229835987091064 10.010157585144043      
160 -0.1735796183347702 0.333991140127182 9.983820915222168      
161 0.6021417379379272 0.3208230137825012 9.971850395202637      
162 0.5554547905921936 0.3315969407558441 10.006566047668457      
163 -0.31364041566848755 0.3627215623855591 10.036493301391602      
164 -0.8762778043746948 0.38307225704193115 10.061633110046387      
165 0.22505496442317963 0.37229835987091064 10.062829971313477      
166 0.8942343592643738 0.36990416049957275 10.072406768798828      
167 0.5063736438751221 0.363918662071228 10.032901763916016      
168 -0.47644615173339844 0.3687070608139038 10.018536567687988      
169 -1.0881646871566772 0.3687070608139038 10.012551307678223      
170 -0.2082955539226532 0.3495534360408783 9.995792388916016      
171 0.6811503767967224 0.3519476354122162 10.032901763916016      
172 0.6799532771110535 0.3663128614425659 10.047266960144043      
173 -0.3495534360408783 0.3842693865299225 10.066421508789062      
174 -0.8643068075180054 0.39145198464393616 10.086771965026855      
175 0.11013327538967133 0.37229835987091064 10.079588890075684      
176 0.8571242094039917 0.33997663855552673 10.040084838867188      
177 0.5554547905921936 0.35075053572654724 10.044873237609863      
178 -0.4776432514190674 0.38067805767059326 10.056844711303711      
179 -1.136048674583435 0.39145198464393616 10.035296440124512      
180 -0.18555063009262085 0.3770867586135864 10.047266960144043      
181 0.7338228225708008 0.3663128614425659 10.065223693847656      
182 0.8044517636299133 0.36750996112823486 10.0580415725708      
183 -0.2717418968677521 0.3603273630142212 10.05923843383789      
184 -0.9026140570640564 0.3734954595565796 10.038887977600098      
185 0.7398083209991455 0.3292027413845062 10.004171371459961      
186 0.6739677786827087 0.33039984107017517 10.020931243896484      
187 -0.4034229815006256 0.3758896589279175 10.037690162658691      
188 -0.9552865028381348 0.395043283700943 10.053253173828125      
189 0.22266076505184174 0.3627215623855591 10.050858497619629      
190 0.7601590156555176 0.35434186458587646 10.041281700134277      
191 0.7948749661445618 0.3627215623855591 10.068815231323242      
192 -0.42018240690231323 0.3770867586135864 10.04846477508545      
193 -1.0295066833496094 0.38067805767059326 10.022128105163574      
194 -0.1628057211637497 0.34835633635520935 9.983820915222168      
195 0.7553706169128418 0.3423708379268646 10.007762908935547      
196 0.7086837291717529 0.3531447649002075 10.0580415725708      
197 -0.2968810200691223 0.3818751573562622 10.077195167541504      
198 -0.8631097078323364 0.3998316824436188 10.090363502502441      
199 0.1759738177061081 0.38067805767059326 10.073603630065918      
200 0.9373299479484558 0.3519476354122162 10.068815231323242      
201 0.4776432514190674 0.36152446269989014 10.047266960144043      
202 -0.4908113479614258 0.38546648621559143 10.043676376342773      
203 -1.0809820890426636 0.3926490843296051 10.068815231323242      
204 -0.21547815203666687 0.3579331636428833 10.006566047668457      
205 0.6105214357376099 0.3519476354122162 10.030508041381836      
206 0.6631938815116882 0.3519476354122162 10.031704902648926      
207 -0.2825157940387726 0.35434186458587646 10.050858497619629      
208 -0.9445125460624695 0.3818751573562622 10.070012092590332      
209 0.06584054976701736 0.3627215623855591 10.071209907531738      
210 0.8056488633155823 0.3411737382411957 10.031704902648926      
211 0.6308721303939819 0.3603273630142212 10.06043529510498      
212 -0.4225766062736511 0.38905778527259827 10.072406768798828      
213 -0.9923965930938721 0.38546648621559143 10.037690162658691      
214 -0.18555063009262085 0.38067805767059326 10.04846477508545      
215 0.7338228225708008 0.3555389642715454 10.050858497619629      
216 0.7194576263427734 0.3603273630142212 10.029311180114746      
217 -0.3818751573562622 0.35913026332855225 10.019734382629395      
218 -0.9756371974945068 0.3687070608139038 10.005369186401367      
219 -0.05267243832349777 0.35075053572654724 10.019734382629395      
220 0.7206547260284424 0.33518823981285095 9.995792388916016      
221 0.5446808934211731 0.3471592366695404 9.99220085144043      
222 -0.38067805767059326 0.3758896589279175 10.055646896362305      
223 -0.9050082564353943 0.3878606855869293 10.049661636352539      
224 0.1999158412218094 0.37469255924224854 10.062829971313477      
225 0.9062053561210632 0.365115761756897 10.077195167541504      
226 0.6739677786827087 0.36750996112823486 10.046070098876953      
227 -0.4728548228740692 0.3770867586135864 10.036493301391602      
228 -1.0534487962722778 0.3687070608139038 10.005369186401367      
229 -0.16639702022075653 0.3447650372982025 9.987412452697754      
230 0.6392518281936646 0.33518823981285095 9.980229377746582      
231 0.7038952708244324 0.31364041566848755 9.988609313964844      
232 -0.3064578175544739 0.35673606395721436 10.034099578857422      
233 -0.8271966576576233 0.3866635859012604 10.065223693847656      
234 0.2849099934101105 0.36990416049957275 10.08318042755127      
235 0.973242998123169 0.36990416049957275 10.074800491333008      
236 0.872686505317688 0.3794809579849243 10.08437728881836      
237 -0.4082113802433014 0.395043283700943 10.067618370056152      
238 -1.0426748991012573 0.3998316824436188 10.070012092590332      
239 -0.2645592987537384 0.3495534360408783 9.99220085144043      
240 0.568622887134552 0.3387795388698578 9.999382972717285      
241 0.727837324142456 0.3315969407558441 10.007762908935547      
242 -0.33279404044151306 0.3555389642715454 10.036493301391602      
243 -0.9277531504631042 0.38546648621559143 10.08318042755127      
244 0.8583213090896606 0.3423708379268646 10.019734382629395      
245 0.645237386226654 0.3531447649002075 10.052056312561035      
246 -0.3734954595565796 0.3998316824436188 10.099940299987793      
247 -0.9289502501487732 0.40940847992897034 10.08318042755127      
248 -0.1628057211637497 0.38307225704193115 10.042478561401367      
249 0.7745242714881897 0.3519476354122162 10.032901763916016      
250 0.8367735147476196 0.35913026332855225 10.038887977600098      
251 -0.33039984107017517 0.365115761756897 10.037690162658691      
252 -0.8415619134902954 0.37828385829925537 10.046070098876953      
253 -0.031124621629714966 0.35913026332855225 10.041281700134277      
254 0.7026981711387634 0.3423708379268646 10.007762908935547      
255 0.6979097723960876 0.33518823981285095 10.007762908935547      
256 -0.31842881441116333 0.3770867586135864 10.067618370056152      
257 -0.9217676520347595 0.3998316824436188 10.06043529510498      
258 0.22385786473751068 0.3866635859012604 10.079588890075684      
259 0.8248024582862854 0.3734954595565796 10.097545623779297      
260 0.8032546639442444 0.38905778527259827 10.089165687561035      
261 -0.35434186458587646 0.3878606855869293 10.086771965026855      
262 -0.9828197956085205 0.38546648621559143 10.032901763916016      
263 -0.09696517139673233 0.34835633635520935 10.012551307678223      
264 0.6344634294509888 0.33997663855552673 10.002974510192871      
265 0.6512228846549988 0.32680854201316833 10.008959770202637      
266 -0.3603273630142212 0.36152446269989014 10.034099578857422      
267 -0.8822633028030396 0.39145198464393616 10.061633110046387      
268 0.18555063009262085 0.3794809579849243 10.070012092590332      
269 0.9289502501487732 0.35913026332855225 10.067618370056152      
270 0.5710170865058899 0.3866635859012604 10.093954086303711      
271 -0.45489832758903503 0.3926490843296051 10.074800491333008      
272 -0.9983820915222168 0.4034229815006256 10.072406768798828      
273 -0.20709845423698425 0.35913026332855225 10.016142845153809      
274 0.5770025849342346 0.3363853394985199 10.000580787658691      
275 0.6057330369949341 0.3256114423274994 9.999382972717285      
276 -0.3280056416988373 0.3471592366695404 10.022128105163574      
277 -0.9002198576927185 0.3734954595565796 10.078392028808594      
278 0.18315643072128296 0.3734954595565796 10.091560363769531      
279 1.0845733880996704 0.3471592366695404 10.068815231323242      
280 0.7948749661445618 0.3818751573562622 10.101137161254883      
281 -0.3770867586135864 0.42616790533065796 10.131064414978027      
282 -0.9923965930938721 0.41539400815963745 10.107122421264648      
283 -0.14484919607639313 0.3663128614425659 10.053253173828125      
284 0.6883329749107361 0.365115761756897 10.049661636352539      
285 0.7242460250854492 0.3687070608139038 10.046070098876953      
286 -0.37469255924224854 0.3711012601852417 10.02571964263916      
287 -0.8810662031173706 0.3627215623855591 10.008959770202637      
288 0.038307227194309235 0.35434186458587646 10.035296440124512      
289 0.7984662652015686 0.3447650372982025 10.008959770202637      
290 0.6584054827690125 0.3555389642715454 10.020931243896484      
291 -0.2669534981250763 0.3878606855869293 10.067618370056152      
292 -0.8690952062606812 0.4189853072166443 10.067618370056152      
293 0.23104046285152435 0.3974374830722809 10.078392028808594      
294 0.8236053586006165 0.395043283700943 10.110713958740234      
295 0.8523358106613159 0.38307225704193115 10.085575103759766      
296 -0.36750996112823486 0.38067805767059326 10.066421508789062      
297 -1.0007762908935547 0.3758896589279175 10.019734382629395      
298 -0.09576806426048279 0.3495534360408783 10.005369186401367      
299 0.7709329724311829 0.33039984107017517 9.999382972717285      
300 0.6129156351089478 0.33997663855552673 9.995792388916016      
301 -0.36750996112823486 0.35434186458587646 10.02691650390625      
302 0.11252748221158981 0.3734954595565796 10.062829971313477      
303 0.9085995554924011 0.3603273630142212 10.071209907531738      
304 0.47165772318840027 0.37229835987091064 10.092757225036621      
305 -0.45489832758903503 0.38546648621559143 10.055646896362305      
306 -0.9971849918365479 0.3878606855869293 10.064026832580566      
307 -0.1999158412218094 0.35434186458587646 10.002974510192871      
308 0.5889736413955688 0.33997663855552673 9.996989250183105      
309 0.5925649404525757 0.333991140127182 10.013748168945312      
310 -0.40462008118629456 0.3495534360408783 10.011354446411133      
311 -0.8906430602073669 0.3758896589279175 10.054450035095215      
312 0.06584054976701736 0.35913026332855225 10.04846477508545      
313 0.7721300721168518 0.3447650372982025 10.013748168945312      
314 0.4991910457611084 0.34596213698387146 10.011354446411133      
315 -0.4596867263317108 0.3770867586135864 10.041281700134277      
316 -1.0690110921859741 0.4118026793003082 10.067618370056152      
317 -0.19033902883529663 0.36750996112823486 10.010157585144043      
318 0.6835445761680603 0.35075053572654724 10.04846477508545      
319 0.7050924301147461 0.35673606395721436 10.034099578857422      
320 -0.3603273630142212 0.35913026332855225 10.036493301391602      
321 -0.9445125460624695 0.36750996112823486 10.038887977600098      
322 -0.06224924325942993 0.36152446269989014 10.035296440124512      
323 0.7254431247711182 0.34356793761253357 10.023324966430664      
324 0.6117185354232788 0.3495534360408783 10.02452278137207      
325 -0.27653029561042786 0.3878606855869293 10.087968826293945      
326 -0.7984662652015686 0.4082113802433014 10.098742485046387      
327 0.23343466222286224 0.3794809579849243 10.087968826293945      
328 0.7637503147125244 0.3603273630142212 10.068815231323242      
329 0.7374141216278076 0.365115761756897 10.070012092590332      
330 -0.4692635238170624 0.3758896589279175 10.035296440124512      
331 -1.037886381149292 0.36990416049957275 10.008959770202637      
332 -0.17477671802043915 0.3423708379268646 9.99100399017334      
333 0.6835445761680603 0.33997663855552673 10.005369186401367      
334 0.645237386226654 0.3531447649002075 9.998186111450195      
335 -0.3076549172401428 0.3663128614425659 10.037690162658691      
336 -0.9564836025238037 0.3866635859012604 10.050858497619629      
337 0.22385786473751068 0.3734954595565796 10.055646896362305      
338 1.0055646896362305 0.3758896589279175 10.099940299987793      
339 0.6057330369949341 0.40701428055763245 10.131064414978027      
340 -0.4345476031303406 0.4010287821292877 10.0580415725708      
341 -0.9804255962371826 0.3878606855869293 10.066421508789062      
342 -0.181959331035614 0.3555389642715454 10.013748168945312      
343 0.6703764796257019 0.33997663855552673 10.020931243896484      
344 0.7481880187988281 0.34596213698387146 10.038887977600098      
345 -0.33518823981285095 0.35913026332855225 10.022128105163574      
346 0.1388636976480484 0.37469255924224854 10.074800491333008      
347 0.9684545993804932 0.3555389642715454 10.067618370056152      
348 0.7170634269714355 0.3687070608139038 10.086771965026855      
349 -0.3495534360408783 0.40222588181495667 10.099940299987793      
350 -0.9205705523490906 0.4106055796146393 10.126276016235352      
351 -0.11013327538967133 0.38546648621559143 10.061633110046387      
352 0.6859387755393982 0.3663128614425659 10.074800491333008      
353 0.706289529800415 0.34835633635520935 10.023324966430664      
354 -0.4345476031303406 0.3555389642715454 10.004171371459961      
355 -1.0115501880645752 0.3579331636428833 10.023324966430664      
356 -0.10893617570400238 0.3447650372982025 9.999382972717285      
357 0.768538773059845 0.32680854201316833 9.987412452697754      
358 0.6739677786827087 0.36750996112823486 10.0580415725708      
359 -0.3124433159828186 0.40222588181495667 10.091560363769531      
360 -0.9624691009521484 0.40222588181495667 10.050858497619629      
361 0.07781155407428741 0.37229835987091064 10.037690162658691      
362 0.7852981686592102 0.3627215623855591 10.041281700134277      
363 0.37229835987091064 0.3531447649002075 9.99100399017334      
364 -0.5219359993934631 0.35913026332855225 10.000580787658691      
365 -1.049857497215271 0.36750996112823486 10.002974510192871      
366 -0.11252748221158981 0.3519476354122162 10.013748168945312      
367 0.7110779285430908 0.33039984107017517 10.007762908935547      
368 0.7170634269714355 0.33758243918418884 10.014945983886719      
369 -0.33758243918418884 0.36152446269989014 10.043676376342773      
370 -0.9469067454338074 0.4010287821292877 10.077195167541504      
371 0.21308395266532898 0.3926490843296051 10.090363502502441      
372 0.9852139949798584 0.37229835987091064 10.095151901245117      
373 0.5841852426528931 0.39863458275794983 10.131064414978027      
374 -0.38905778527259827 0.4106055796146393 10.102334022521973      
375 -0.8367735147476196 0.38905778527259827 10.087968826293945      
376 -0.2346317619085312 0.3579331636428833 10.012551307678223      
377 0.6344634294509888 0.333991140127182 10.010157585144043      
378 0.5841852426528931 0.3363853394985199 10.018536567687988      
379 -0.4010287821292877 0.35673606395721436 10.017339706420898      
380 -0.8918401598930359 0.3711012601852417 10.036493301391602      
381 0.05746084079146385 0.35913026332855225 10.050858497619629      
382 0.7948749661445618 0.34596213698387146 10.036493301391602      
383 0.5590460896492004 0.3627215623855591 10.038887977600098      
384 -0.3926490843296051 0.38905778527259827 10.08078670501709      
385 -0.8092401623725891 0.40701428055763245 10.119093894958496      
386 0.2059013396501541 0.38546648621559143 10.091560363769531      
387 0.7206547260284424 0.37828385829925537 10.077195167541504      
388 0.6979097723960876 0.34356793761253357 10.04846477508545      
389 -0.4920084476470947 0.3495534360408783 9.99339771270752      
390 -0.9421183466911316 0.3531447649002075 10.001777648925781      
391 0.014365210197865963 0.35434186458587646 10.030508041381836      
392 0.7936778664588928 0.33518823981285095 9.999382972717285      
393 0.6236895322799683 0.35434186458587646 10.032901763916016      
394 -0.3495534360408783 0.38307225704193115 10.061633110046387      
395 -0.8655039072036743 0.39863458275794983 10.064026832580566      
396 0.24420857429504395 0.38905778527259827 10.08437728881836      
397 0.9361328482627869 0.3842693865299225 10.089165687561035      
398 0.4728548228740692 0.37469255924224854 10.029311180114746      
399 -0.47884035110473633 0.3758896589279175 10.037690162658691      
400 -1.039083480834961 0.3603273630142212 9.995792388916016      
401 -0.181959331035614 0.33279404044151306 9.975440979003906      
402 0.628477931022644 0.32680854201316833 9.988609313964844      
403 0.6476315855979919 0.3363853394985199 9.99100399017334      
404 -0.3495534360408783 0.3531447649002075 10.023324966430664      
405 -0.910993754863739 0.3974374830722809 10.075998306274414      
406 0.1867477297782898 0.39384618401527405 10.108319282531738      
407 0.8403648138046265 0.3758896589279175 10.072406768798828      
408 0.5877765417098999 0.3711012601852417 10.074800491333008      
409 -0.39624038338661194 0.38905778527259827 10.079588890075684      
410 -0.05626374110579491 0.363918662071228 10.068815231323242      
411 0.7026981711387634 0.35075053572654724 10.064026832580566      
412 0.5303156971931458 0.34356793761253357 10.007762908935547      
413 -0.4213795065879822 0.35434186458587646 10.000580787658691      
414 -0.9516952037811279 0.37469255924224854 10.043676376342773      
415 0.11013327538967133 0.3663128614425659 10.05923843383789      
416 0.8559271097183228 0.35913026332855225 10.065223693847656      
417 0.628477931022644 0.3878606855869293 10.099940299987793      
418 -0.38067805767059326 0.395043283700943 10.093954086303711      
419 -0.8355764150619507 0.39384618401527405 10.08437728881836      
420 0.1364694982767105 0.36990416049957275 10.055646896362305      
421 0.8068459630012512 0.36750996112823486 10.047266960144043      
422 0.6823474764823914 0.34835633635520935 10.049661636352539      
423 -0.44412440061569214 0.35434186458587646 10.014945983886719      
424 -0.9002198576927185 0.3603273630142212 10.006566047668457      
425 -0.03232172131538391 0.35673606395721436 10.042478561401367      
426 0.7529764175415039 0.3292027413845062 9.989806175231934      
427 0.5781996846199036 0.3232172429561615 9.979032516479492      
428 -0.4213795065879822 0.3627215623855591 10.02452278137207      
429 -0.8762778043746948 0.3758896589279175 10.032901763916016      
430 0.15921440720558167 0.3663128614425659 10.038887977600098      
431 0.8379706144332886 0.36990416049957275 10.05923843383789      
432 0.727837324142456 0.363918662071228 10.05923843383789      
433 -0.4034229815006256 0.39145198464393616 10.086771965026855      
434 -0.9672574996948242 0.39384618401527405 10.05923843383789      
435 -0.1041477769613266 0.35913026332855225 10.030508041381836      
436 0.669179379940033 0.3363853394985199 10.017339706420898      
437 0.7469909191131592 0.33279404044151306 9.996989250183105      
438 -0.363918662071228 0.3579331636428833 10.02811336517334      
439 -0.9540894031524658 0.3866635859012604 10.067618370056152      
440 0.18794482946395874 0.37828385829925537 10.089165687561035      
441 0.9002198576927185 0.3687070608139038 10.077195167541504      
442 0.7170634269714355 0.36990416049957275 10.103530883789062      
443 -0.3471592366695404 0.39145198464393616 10.096348762512207      
444 -0.8786720037460327 0.395043283700943 10.091560363769531      
445 -0.243011474609375 0.3734954595565796 10.022128105163574      
446 0.6308721303939819 0.363918662071228 10.046070098876953      
447 0.7086837291717529 0.3603273630142212 10.062829971313477      
448 -0.38307225704193115 0.365115761756897 10.043676376342773      
449 -0.8487445116043091 0.37469255924224854 10.066421508789062      
450 0.11971008777618408 0.3711012601852417 10.074800491333008      
451 0.8355764150619507 0.35434186458587646 10.032901763916016      
452 0.6248866319656372 0.36990416049957275 10.071209907531738      
453 -0.40222588181495667 0.3878606855869293 10.08078670501709      
454 -1.0019733905792236 0.40222588181495667 10.061633110046387      
455 0.090979665517807 0.363918662071228 10.043676376342773      
456 0.6739677786827087 0.35913026332855225 10.044873237609863      
457 0.6979097723960876 0.3447650372982025 10.035296440124512      
458 -0.46327802538871765 0.36152446269989014 10.010157585144043      
459 -1.0127472877502441 0.36152446269989014 9.998186111450195      
460 -0.06344634294509888 0.34835633635520935 10.005369186401367      
461 0.7697358727455139 0.33279404044151306 10.001777648925781      
462 0.6715735793113708 0.33279404044151306 10.010157585144043      
463 -0.3974374830722809 0.3603273630142212 10.02691650390625      
464 -0.9828197956085205 0.38067805767059326 10.02691650390625      
465 0.10534487664699554 0.36750996112823486 10.037690162658691      
466 0.8271966576576233 0.3627215623855591 10.053253173828125      
467 0.5410895943641663 0.36152446269989014 10.035296440124512      
468 -0.3902548849582672 0.36750996112823486 10.056844711303711      
469 -1.0043675899505615 0.3794809579849243 10.035296440124512      
470 0.7206547260284424 0.33997663855552673 10.023324966430664      
471 0.608127236366272 0.333991140127182 9.99459457397461      
472 -0.424970805644989 0.34835633635520935 10.007762908935547      
473 -0.424970805644989 0.34835633635520935 10.007762908935547      
474 -0.9097966551780701 0.37229835987091064 10.050858497619629      
475 0.9540894031524658 0.37229835987091064 10.08078670501709      
476 0.5997475385665894 0.37469255924224854 10.070012092590332      
477 -0.48602294921875 0.38546648621559143 10.044873237609863      
478 -0.8619126081466675 0.38546648621559143 10.074800491333008      
479 0.09816227108240128 0.363918662071228 10.031704902648926      
480 0.6524199843406677 0.35434186458587646 10.019734382629395      
481 0.7182605266571045 0.3363853394985199 10.02811336517334      
482 -0.40462008118629456 0.35913026332855225 10.016142845153809      
483 -0.8930372595787048 0.3794809579849243 10.050858497619629      
484 0.02274491637945175 0.36750996112823486 10.047266960144043      
485 0.8607155084609985 0.3471592366695404 10.02691650390625      
486 0.689530074596405 0.3758896589279175 10.078392028808594      
487 -0.3627215623855591 0.3818751573562622 10.074800491333008      
488 -0.9840168952941895 0.38905778527259827 10.041281700134277      
489 0.0694318488240242 0.365115761756897 10.034099578857422      
490 0.5973533391952515 0.36152446269989014 10.02571964263916      
491 0.6356605291366577 0.35075053572654724 10.012551307678223      
492 -0.48722004890441895 0.36990416049957275 10.023324966430664      
493 -0.9816226959228516 0.3770867586135864 10.041281700134277      
494 -0.05027823522686958 0.3603273630142212 10.031704902648926      
495 0.7960720658302307 0.3256114423274994 9.998186111450195      
496 0.6943184733390808 0.3471592366695404 10.02571964263916      
497 -0.3124433159828186 0.3818751573562622 10.064026832580566      
498 -0.8762778043746948 0.3974374830722809 10.056844711303711      
499 0.15562310814857483 0.3734954595565796 10.054450035095215      
500 0.8846575021743774 0.3687070608139038 10.077195167541504      
501 0.5327098965644836 0.3663128614425659 10.040084838867188      
502 -0.42856210470199585 0.38067805767059326 10.066421508789062      
503 -0.9193734526634216 0.38307225704193115 10.047266960144043      
504 -0.18794482946395874 0.35434186458587646 10.007762908935547      
505 0.6584054827690125 0.32680854201316833 10.005369186401367      
506 0.5626373887062073 0.33518823981285095 9.975440979003906      
507 -0.36152446269989014 0.35913026332855225 10.012551307678223      
508 -0.8738836050033569 0.3770867586135864 10.0580415725708      
509 0.13287819921970367 0.3758896589279175 10.068815231323242      
510 0.8463503122329712 0.3579331636428833 10.065223693847656      
511 0.6356605291366577 0.363918662071228 10.068815231323242      
512 -0.3627215623855591 0.3818751573562622 10.062829971313477      
513 -0.8918401598930359 0.3758896589279175 10.0580415725708      
514 -0.20709845423698425 0.363918662071228 10.017339706420898      
515 0.6165069341659546 0.3411737382411957 10.010157585144043      
516 0.5841852426528931 0.3387795388698578 10.012551307678223      
517 -0.47165772318840027 0.3603273630142212 10.032901763916016      
518 -0.9289502501487732 0.365115761756897 10.050858497619629      
519 0.10773907601833344 0.3387795388698578 10.056844711303711      
520 0.7876923680305481 0.33279404044151306 9.996989250183105      
521 0.6141127347946167 0.3423708379268646 10.049661636352539      
522 -0.4812345504760742 0.36152446269989014 10.041281700134277      
523 -1.035492181777954 0.3711012601852417 10.022128105163574      
524 0.10534487664699554 0.3555389642715454 10.035296440124512      
525 0.7026981711387634 0.35434186458587646 10.053253173828125      
526 0.6643909811973572 0.3447650372982025 10.036493301391602      
527 -0.4668693244457245 0.365115761756897 10.022128105163574      
528 -0.8942343592643738 0.3734954595565796 10.019734382629395      
529 -0.02274491637945175 0.3531447649002075 10.030508041381836      
530 0.6811503767967224 0.3627215623855591 10.041281700134277      
531 -0.37229835987091064 0.37828385829925537 10.049661636352539      
532 -0.37229835987091064 0.37828385829925537 10.049661636352539      
533 0.2561795711517334 0.365115761756897 10.043676376342773      
534 0.2561795711517334 0.365115761756897 10.043676376342773      
535 0.5422866940498352 0.3794809579849243 10.056844711303711      
536 -0.36750996112823486 0.3998316824436188 10.08318042755127      
537 -0.9097966551780701 0.4082113802433014 10.067618370056152      
538 -0.2214636504650116 0.3579331636428833 10.007762908935547      
539 0.6033388376235962 0.3411737382411957 10.02691650390625      
540 0.7098808288574219 0.3315969407558441 10.004171371459961      
541 -0.35673606395721436 0.36152446269989014 10.023324966430664      
542 -0.9636662006378174 0.3794809579849243 10.056844711303711      
543 0.17717093229293823 0.365115761756897 10.073603630065918      
544 0.8810662031173706 0.3531447649002075 10.052056312561035      
545 0.7410054206848145 0.365115761756897 10.087968826293945      
546 -0.38546648621559143 0.38307225704193115 10.066421508789062      
547 -0.8523358106613159 0.38067805767059326 10.08078670501709      
548 0.07900865375995636 0.363918662071228 10.031704902648926      
549 0.629675030708313 0.363918662071228 10.038887977600098      
550 0.6428431272506714 0.3411737382411957 10.037690162658691      
551 -0.4405331015586853 0.3627215623855591 10.031704902648926      
552 -0.8475474119186401 0.3818751573562622 10.08318042755127      
553 0.07900865375995636 0.3603273630142212 10.077195167541504      
554 0.7757213711738586 0.32202014327049255 10.000580787658691      
555 0.690727174282074 0.3471592366695404 10.041281700134277      
556 -0.34356793761253357 0.3734954595565796 10.078392028808594      
557 -0.910993754863739 0.39624038338661194 10.085575103759766      
558 0.15442600846290588 0.3711012601852417 10.068815231323242      
559 0.646434485912323 0.363918662071228 10.054450035095215      
560 0.7170634269714355 0.34596213698387146 10.042478561401367      
561 -0.4429273009300232 0.36750996112823486 10.042478561401367      
562 -0.8978256583213806 0.37828385829925537 10.042478561401367      
563 -0.12928688526153564 0.35075053572654724 10.002974510192871      
564 0.6392518281936646 0.32202014327049255 9.974244117736816      
565 0.6775590777397156 0.3280056416988373 10.002974510192871      
566 -0.4034229815006256 0.3603273630142212 10.02571964263916      
567 -1.0079588890075684 0.38546648621559143 10.02452278137207      
568 0.16879121959209442 0.37469255924224854 10.066421508789062      
569 0.8595184087753296 0.3627215623855591 10.056844711303711      
570 0.5793967843055725 0.35913026332855225 10.031704902648926      
571 -0.3866635859012604 0.3663128614425659 10.0580415725708      
572 -1.0127472877502441 0.3902548849582672 10.056844711303711      
573 -0.1711854189634323 0.363918662071228 10.046070098876953      
574 0.6368576288223267 0.34835633635520935 10.019734382629395      
575 0.7146692276000977 0.3387795388698578 9.983820915222168      
576 -0.3866635859012604 0.3579331636428833 10.029311180114746      
577 -0.9756371974945068 0.37229835987091064 10.054450035095215      
578 0.11133038252592087 0.35913026332855225 10.065223693847656      
579 0.8379706144332886 0.34835633635520935 10.037690162658691      
580 0.6368576288223267 0.363918662071228 10.073603630065918      
581 -0.35434186458587646 0.3818751573562622 10.072406768798828      
582 -0.8643068075180054 0.38307225704193115 10.062829971313477      
583 0.10893617570400238 0.36990416049957275 10.06043529510498      
584 0.6823474764823914 0.3687070608139038 10.054450035095215      
585 0.6308721303939819 0.3579331636428833 10.06043529510498      
586 -0.44771572947502136 0.3794809579849243 10.0580415725708      
587 -0.8846575021743774 0.3842693865299225 10.073603630065918      
588 0.047884032130241394 0.3579331636428833 10.05923843383789      
589 0.7493851184844971 0.33039984107017517 10.000580787658691      
590 0.5793967843055725 0.34835633635520935 10.016142845153809      
591 -0.39624038338661194 0.36152446269989014 10.038887977600098      
592 -0.8750807046890259 0.3734954595565796 10.0580415725708      
593 0.1604115068912506 0.3603273630142212 10.040084838867188      
594 0.751779317855835 0.3627215623855591 10.037690162658691      
595 0.7362170219421387 0.35673606395721436 10.047266960144043      
596 -0.606930136680603 0.38307225704193115 10.079588890075684      
597 -0.993593692779541 0.3902548849582672 10.034099578857422      
598 0.7362170219421387 0.3232172429561615 9.985017776489258      
599 0.5913678407669067 0.33279404044151306 10.001777648925781      
600 0.5913678407669067 0.33279404044151306 10.001777648925781      
601 -0.9516952037811279 0.37469255924224854 10.044873237609863      
602 0.25498247146606445 0.365115761756897 10.053253173828125      
603 0.9265560507774353 0.36750996112823486 10.067618370056152      
604 0.6440402865409851 0.3878606855869293 10.073603630065918      
605 -0.3423708379268646 0.3902548849582672 10.066421508789062      
606 -0.9074024558067322 0.40462008118629456 10.08318042755127      
607 -0.15801730751991272 0.3687070608139038 10.032901763916016      
608 0.6500257849693298 0.34596213698387146 10.012551307678223      
609 0.6955155730247498 0.3363853394985199 10.001777648925781      
610 -0.3627215623855591 0.37229835987091064 10.056844711303711      
611 -0.9217676520347595 0.38905778527259827 10.08198356628418      
612 0.11252748221158981 0.3734954595565796 10.078392028808594      
613 0.9038111567497253 0.3531447649002075 10.05923843383789      
614 0.6823474764823914 0.34835633635520935 10.08318042755127      
615 -0.3770867586135864 0.365115761756897 10.0580415725708      
616 -0.8571242094039917 0.3770867586135864 10.08078670501709      
617 0.19632454216480255 0.3687070608139038 10.068815231323242      
618 0.729034423828125 0.3770867586135864 10.091560363769531      
619 0.7122750282287598 0.37828385829925537 10.093954086303711      
620 -0.3878606855869293 0.3842693865299225 10.066421508789062      
621 -0.8762778043746948 0.39145198464393616 10.075998306274414      
622 0.08858546614646912 0.36152446269989014 10.074800491333008      
623 0.7936778664588928 0.33758243918418884 10.017339706420898      
624 0.6524199843406677 0.33758243918418884 10.014945983886719      
625 -0.4225766062736511 0.35913026332855225 10.023324966430664      
626 -0.9600749015808105 0.38905778527259827 10.044873237609863      
627 0.16759411990642548 0.38307225704193115 10.056844711303711      
628 0.828393816947937 0.3687070608139038 10.049661636352539      
629 0.689530074596405 0.34835633635520935 10.017339706420898      
630 -0.363918662071228 0.37469255924224854 10.067618370056152      
631 -0.9277531504631042 0.3902548849582672 10.040084838867188      
632 -0.12689268589019775 0.3447650372982025 10.005369186401367      
633 0.6153098344802856 0.33279404044151306 10.008959770202637      
634 0.5111620426177979 0.33039984107017517 9.974244117736816      
635 -0.4596867263317108 0.35075053572654724 9.979032516479492      
636 -0.9205705523490906 0.37229835987091064 10.036493301391602      
637 0.1843535304069519 0.3711012601852417 10.074800491333008      
638 0.8547300100326538 0.36750996112823486 10.0580415725708      
639 0.6703764796257019 0.3734954595565796 10.061633110046387      
640 -0.33997663855552673 0.3794809579849243 10.065223693847656      
641 -1.0043675899505615 0.40462008118629456 10.0580415725708      
642 -0.17477671802043915 0.3711012601852417 10.032901763916016      
643 0.7015010714530945 0.34596213698387146 10.02691650390625      
644 0.6236895322799683 0.32441434264183044 9.995792388916016      
645 -0.42018240690231323 0.3579331636428833 10.014945983886719      
646 -0.8667010068893433 0.3758896589279175 10.073603630065918      
647 0.12330138683319092 0.3663128614425659 10.089165687561035      
648 0.8966285586357117 0.3423708379268646 10.043676376342773      
649 0.6236895322799683 0.3627215623855591 10.074800491333008      
650 -0.4297592043876648 0.37469255924224854 10.049661636352539      
651 -0.9780313968658447 0.3842693865299225 10.04846477508545      
652 0.16759411990642548 0.38307225704193115 10.0580415725708      
653 0.7709329724311829 0.38067805767059326 10.104728698730469      
654 -0.32202014327049255 0.39145198464393616 10.08318042755127      
655 -0.32202014327049255 0.39145198464393616 10.08318042755127      
656 -0.07781155407428741 0.3603273630142212 10.02452278137207      
657 0.7146692276000977 0.33039984107017517 9.988609313964844      
658 0.5758054852485657 0.333991140127182 10.005369186401367      
659 -0.4489128291606903 0.3579331636428833 10.022128105163574      
660 -0.9169792532920837 0.37469255924224854 10.02571964263916      
661 0.29807811975479126 0.37229835987091064 10.061633110046387      
662 0.9385270476341248 0.37828385829925537 10.074800491333008      
663 0.6236895322799683 0.3842693865299225 10.079588890075684      
664 -0.4357447028160095 0.3998316824436188 10.053253173828125      
665 -0.8044517636299133 0.3878606855869293 10.031704902648926      
666 -0.1173158809542656 0.363918662071228 10.02571964263916      
667 0.7314286231994629 0.34596213698387146 10.010157585144043      
668 0.5841852426528931 0.35075053572654724 9.99339771270752      
669 -0.46088382601737976 0.363918662071228 10.007762908935547      
670 -0.9995791912078857 0.36990416049957275 10.032901763916016      
671 0.11851298063993454 0.3579331636428833 10.056844711303711      
672 0.8631097078323364 0.3423708379268646 10.046070098876953      
673 0.727837324142456 0.35673606395721436 10.073603630065918      
674 -0.4118026793003082 0.37469255924224854 10.068815231323242      
675 -0.8858546018600464 0.38546648621559143 10.077195167541504      
676 0.09576806426048279 0.35673606395721436 10.02811336517334      
677 0.8140285611152649 0.3423708379268646 10.040084838867188      
678 0.5770025849342346 0.3495534360408783 10.035296440124512      
679 -0.38546648621559143 0.3866635859012604 10.071209907531738      
680 -0.9145850539207458 0.38905778527259827 10.078392028808594      
681 0.06344634294509888 0.37229835987091064 10.0580415725708      
682 0.8774749040603638 0.35075053572654724 10.044873237609863      
683 0.7457938194274902 0.36750996112823486 10.092757225036621      
684 -0.39624038338661194 0.3734954595565796 10.06043529510498      
685 -0.9552865028381348 0.38905778527259827 10.075998306274414      
686 0.13527239859104156 0.36990416049957275 10.055646896362305      
687 0.7996633648872375 0.3770867586135864 10.055646896362305      
688 0.7649474143981934 0.3770867586135864 10.104728698730469      
689 -0.3196259140968323 0.3926490843296051 10.096348762512207      
690 -0.9313444495201111 0.3866635859012604 10.049661636352539      
691 -0.019153613597154617 0.35434186458587646 10.02691650390625      
692 0.8427590131759644 0.333991140127182 10.02811336517334      
693 0.6200982332229614 0.34356793761253357 10.023324966430664      
694 -0.4668693244457245 0.35434186458587646 10.011354446411133      
695 -0.9612720012664795 0.3579331636428833 10.019734382629395      
696 0.23702596127986908 0.3627215623855591 10.055646896362305      
697 0.9564836025238037 0.37469255924224854 10.085575103759766      
698 0.6416460275650024 0.39624038338661194 10.08437728881836      
699 -0.3172317147254944 0.4082113802433014 10.087968826293945      
700 -0.6775590777397156 0.3974374830722809 10.077195167541504      
701 -0.2669534981250763 0.36152446269989014 10.004171371459961      
702 0.669179379940033 0.3447650372982025 10.010157585144043      
703 0.6093243360519409 0.34356793761253357 9.977835655212402      
704 -0.4644751250743866 0.3603273630142212 10.002974510192871      
705 -1.0007762908935547 0.36990416049957275 10.02691650390625      
706 0.08499415963888168 0.3519476354122162 10.040084838867188      
707 0.8702923059463501 0.3495534360408783 10.040084838867188      
708 0.7026981711387634 0.365115761756897 10.070012092590332      
709 -0.3172317147254944 0.38307225704193115 10.077195167541504      
710 -0.9445125460624695 0.39863458275794983 10.08078670501709      
711 0.11252748221158981 0.38546648621559143 10.06043529510498      
712 0.6763619780540466 0.37828385829925537 10.089165687561035      
713 0.7410054206848145 0.36750996112823486 10.073603630065918      
714 -0.3794809579849243 0.3842693865299225 10.05923843383789      
715 -0.933738648891449 0.3711012601852417 10.043676376342773      
716 -0.008379706181585789 0.34835633635520935 10.023324966430664      
717 0.7829039692878723 0.33758243918418884 10.018536567687988      
718 -0.4189853072166443 0.35434186458587646 10.013748168945312      
719 -0.9971849918365479 0.3758896589279175 10.02452278137207      
720 0.15083470940589905 0.38067805767059326 10.055646896362305      
721 0.8702923059463501 0.365115761756897 10.056844711303711      
722 0.6440402865409851 0.363918662071228 10.053253173828125      
723 -0.28371289372444153 0.39863458275794983 10.093954086303711      
724 -0.9301473498344421 0.4165911078453064 10.086771965026855      
725 -0.05626374110579491 0.3687070608139038 10.06043529510498      
726 0.7398083209991455 0.3387795388698578 10.008959770202637      
727 0.5805938839912415 0.34356793761253357 10.005369186401367      
728 -0.4692635238170624 0.3603273630142212 10.012551307678223      
729 -1.0199298858642578 0.365115761756897 10.001777648925781      
730 0.17477671802043915 0.3555389642715454 10.035296440124512      
731 0.9349357485771179 0.3579331636428833 10.0580415725708      
732 0.6991068720817566 0.3770867586135864 10.067618370056152      
733 -0.31603461503982544 0.39624038338661194 10.08198356628418      
734 -0.8259995579719543 0.3974374830722809 10.075998306274414      
735 0.05746084079146385 0.3663128614425659 10.032901763916016      
736 0.6512228846549988 0.3423708379268646 10.007762908935547      
737 0.47165772318840027 0.333991140127182 9.95748519897461      
738 -0.5063736438751221 0.3663128614425659 10.013748168945312      
739 -0.9373299479484558 0.36750996112823486 10.036493301391602      
740 0.14245499670505524 0.34596213698387146 10.052056312561035      
741 0.8738836050033569 0.3495534360408783 10.037690162658691      
742 0.6524199843406677 0.3627215623855591 10.065223693847656      
743 -0.39384618401527405 0.36750996112823486 10.042478561401367      
744 -0.9493009448051453 0.3758896589279175 10.037690162658691      
745 0.11013327538967133 0.3687070608139038 10.040084838867188      
746 0.8403648138046265 0.365115761756897 10.074800491333008      
747 0.6667851805686951 0.3711012601852417 10.074800491333008      
748 -0.37828385829925537 0.3926490843296051 10.093954086303711      
749 -0.851138710975647 0.3878606855869293 10.093954086303711      
750 0.05267243832349777 0.35913026332855225 10.064026832580566      
751 0.5949591398239136 0.3531447649002075 10.055646896362305      
752 -0.4225766062736511 0.3519476354122162 10.02452278137207      
753 -0.4225766062736511 0.3519476354122162 10.02452278137207      
754 -0.9528923034667969 0.36152446269989014 10.030508041381836      
755 0.8678981065750122 0.3818751573562622 10.073603630065918      
756 0.8678981065750122 0.3818751573562622 10.073603630065918      
757 0.5758054852485657 0.4034229815006256 10.101137161254883      
758 -0.32680854201316833 0.4058171808719635 10.090363502502441      
759 -0.08259996026754379 0.3663128614425659 10.035296440124512      
760 0.6500257849693298 0.35075053572654724 10.019734382629395      
761 0.52552729845047 0.3411737382411957 9.989806175231934      
762 -0.4297592043876648 0.35673606395721436 9.998186111450195      
763 -0.8786720037460327 0.3579331636428833 10.019734382629395      
764 0.14245499670505524 0.365115761756897 10.05923843383789      
765 0.8355764150619507 0.3579331636428833 10.047266960144043      
766 0.7864952683448792 0.35913026332855225 10.056844711303711      
767 -0.32441434264183044 0.37469255924224854 10.073603630065918      
768 -0.8906430602073669 0.39145198464393616 10.077195167541504      
769 -0.19393034279346466 0.37828385829925537 10.046070098876953      
770 0.645237386226654 0.35913026332855225 10.044873237609863      
771 0.5937620401382446 0.3555389642715454 10.011354446411133      
772 -0.4668693244457245 0.3758896589279175 10.049661636352539      
773 -0.9888052940368652 0.37469255924224854 10.052056312561035      
774 0.05027823522686958 0.3471592366695404 10.046070098876953      
775 0.7912836670875549 0.333991140127182 10.02691650390625      
776 0.6991068720817566 0.3387795388698578 10.075998306274414      
777 -0.4692635238170624 0.3495534360408783 10.02691650390625      
778 -1.0414776802062988 0.38546648621559143 10.042478561401367      
779 0.10893617570400238 0.37229835987091064 10.030508041381836      
780 0.849941611289978 0.36990416049957275 10.055646896362305      
781 0.7386112213134766 0.3711012601852417 10.072406768798828      
782 -0.2968810200691223 0.4058171808719635 10.113107681274414      
783 -0.9181763529777527 0.4010287821292877 10.085575103759766      
784 -0.03950432687997818 0.3579331636428833 10.031704902648926      
785 0.8403648138046265 0.3315969407558441 10.019734382629395      
786 0.6919242739677429 0.3387795388698578 10.030508041381836      
787 -0.45848962664604187 0.3603273630142212 10.013748168945312      
788 -0.9768342971801758 0.36990416049957275 10.02691650390625      
789 0.19033902883529663 0.35913026332855225 10.034099578857422      
790 0.9097966551780701 0.365115761756897 10.055646896362305      
791 0.6607996821403503 0.3974374830722809 10.098742485046387      
792 -0.28371289372444153 0.4165911078453064 10.11430549621582      
793 -0.8846575021743774 0.41778820753097534 10.108319282531738      
794 -0.07541735470294952 0.3711012601852417 10.042478561401367      
795 0.7493851184844971 0.34835633635520935 10.02452278137207      
796 0.5315127968788147 0.35913026332855225 10.002974510192871      
797 -0.44412440061569214 0.37229835987091064 10.018536567687988      
798 -0.9038111567497253 0.37229835987091064 10.030508041381836      
799 0.17956513166427612 0.36152446269989014 10.054450035095215      
800 0.8810662031173706 0.3531447649002075 10.041281700134277      
801 0.8319851160049438 0.36990416049957275 10.070012092590332      
802 -0.37828385829925537 0.3818751573562622 10.047266960144043      
803 -0.9349357485771179 0.3926490843296051 10.05923843383789      
804 -0.21428105235099792 0.365115761756897 10.020931243896484      
805 0.6775590777397156 0.3531447649002075 10.035296440124512      
806 0.5722141861915588 0.36152446269989014 10.02691650390625      
807 -0.4129997789859772 0.395043283700943 10.074800491333008      
808 -0.8571242094039917 0.38905778527259827 10.053253173828125      
809 0.02992752194404602 0.35673606395721436 10.042478561401367      
810 0.9014169573783875 0.3315969407558441 10.031704902648926      
811 0.7194576263427734 0.34356793761253357 10.074800491333008      
812 -0.456095427274704 0.35913026332855225 10.030508041381836      
813 -0.9205705523490906 0.36990416049957275 10.031704902648926      
814 0.6991068720817566 0.3770867586135864 10.064026832580566      
815 0.7314286231994629 0.37828385829925537 10.093954086303711      
816 -0.31364041566848755 0.4165911078453064 10.121487617492676      
817 -0.8762778043746948 0.4141969084739685 10.109517097473145      
818 0.004788403399288654 0.36750996112823486 10.04846477508545      
819 0.7577648162841797 0.33997663855552673 10.023324966430664      
820 0.5973533391952515 0.34596213698387146 10.032901763916016      
821 -0.3926490843296051 0.3531447649002075 10.038887977600098      
822 -1.0019733905792236 0.35913026332855225 10.001777648925781      
823 0.152031809091568 0.3579331636428833 10.023324966430664      
824 0.8140285611152649 0.3734954595565796 10.061633110046387      
825 0.5961562395095825 0.3818751573562622 10.04846477508545      
826 -0.2861070930957794 0.39145198464393616 10.08318042755127      
827 -0.8224082589149475 0.40940847992897034 10.08318042755127      
828 -0.0802057534456253 0.3711012601852417 10.043676376342773      
829 0.7613561153411865 0.3387795388698578 9.998186111450195      
830 0.4620809257030487 0.33039984107017517 9.952696800231934      
831 -0.5207388401031494 0.363918662071228 9.99220085144043      
832 -0.8643068075180054 0.3711012601852417 10.046070098876953      
833 0.2406172752380371 0.36152446269989014 10.085575103759766      
834 0.8738836050033569 0.34835633635520935 10.029311180114746      
835 0.6643909811973572 0.35434186458587646 10.044873237609863      
836 -0.3148375153541565 0.38546648621559143 10.08078670501709      
837 -0.828393816947937 0.40462008118629456 10.072406768798828      
838 0.20111294090747833 0.3842693865299225 10.078392028808594      
839 0.8690952062606812 0.36152446269989014 10.078392028808594      
840 0.6045359373092651 0.365115761756897 10.046070098876953      
841 -0.44771572947502136 0.38546648621559143 10.074800491333008      
842 -0.9792284965515137 0.3663128614425659 10.04846477508545      
843 0.10893617570400238 0.34596213698387146 10.052056312561035      
844 0.8523358106613159 0.3387795388698578 10.034099578857422      
845 0.5937620401382446 0.365115761756897 10.068815231323242      
846 -0.3998316824436188 0.365115761756897 10.040084838867188      
847 -0.9253589510917664 0.395043283700943 10.049661636352539      
848 0.15562310814857483 0.38307225704193115 10.046070098876953      
849 0.8463503122329712 0.3770867586135864 10.073603630065918      
850 0.7709329724311829 0.37469255924224854 10.095151901245117      
851 -0.2645592987537384 0.4058171808719635 10.11550235748291      
852 -0.8643068075180054 0.39384618401527405 10.075998306274414      
853 -0.0694318488240242 0.34596213698387146 10.010157585144043      
854 0.6835445761680603 0.3280056416988373 9.999382972717285      
855 0.5351040959358215 0.3387795388698578 10.034099578857422      
856 -0.4537012279033661 0.3471592366695404 10.022128105163574      
857 -0.9636662006378174 0.3711012601852417 10.02811336517334      
858 0.2454056739807129 0.36990416049957275 10.053253173828125      
859 0.8607155084609985 0.3770867586135864 10.08198356628418      
860 0.6560112833976746 0.3818751573562622 10.054450035095215      
861 -0.304063618183136 0.3926490843296051 10.065223693847656      
862 -0.8978256583213806 0.3998316824436188 10.071209907531738      
863 -0.13527239859104156 0.3603273630142212 10.013748168945312      
864 0.7122750282287598 0.3471592366695404 10.022128105163574      
865 0.6536170840263367 0.3519476354122162 10.007762908935547      
866 -0.44173020124435425 0.3711012601852417 10.019734382629395      
867 -0.970848798751831 0.37828385829925537 10.046070098876953      
868 0.12689268589019775 0.365115761756897 10.070012092590332      
869 0.9289502501487732 0.3423708379268646 10.043676376342773      
870 0.727837324142456 0.3495534360408783 10.049661636352539      
871 -0.35075053572654724 0.3663128614425659 10.041281700134277      
872 -0.9217676520347595 0.3998316824436188 10.08437728881836      
873 0.6991068720817566 0.3531447649002075 10.037690162658691      
874 0.6991068720817566 0.3531447649002075 10.037690162658691      
875 -0.45848962664604187 0.37828385829925537 10.046070098876953      
876 -0.9888052940368652 0.37469255924224854 10.050858497619629      
877 0.03711012750864029 0.3555389642715454 10.041281700134277      
878 0.93254154920578 0.33279404044151306 10.02691650390625      
879 0.6883329749107361 0.3447650372982025 10.071209907531738      
880 -0.43335050344467163 0.3627215623855591 10.040084838867188      
881 -1.0043675899505615 0.3794809579849243 10.037690162658691      
882 0.11252748221158981 0.3579331636428833 10.029311180114746      
883 0.8032546639442444 0.363918662071228 10.055646896362305      
884 0.7541735172271729 0.3555389642715454 10.078392028808594      
885 -0.35913026332855225 0.38546648621559143 10.072406768798828      
886 -0.8882488012313843 0.3998316824436188 10.071209907531738      
887 -0.06703764945268631 0.363918662071228 10.044873237609863      
888 0.730231523513794 0.34596213698387146 10.018536567687988      
889 0.5973533391952515 0.3471592366695404 9.99100399017334      
890 -0.4165911078453064 0.3627215623855591 10.019734382629395      
891 -0.8858546018600464 0.3627215623855591 10.036493301391602      
892 0.1843535304069519 0.36152446269989014 10.034099578857422      
893 0.9014169573783875 0.35913026332855225 10.052056312561035      
894 0.7589619159698486 0.38067805767059326 10.071209907531738      
895 -0.30286651849746704 0.3926490843296051 10.08437728881836      
896 -0.7565677165985107 0.4141969084739685 10.08318042755127      
897 -0.08858546614646912 0.39624038338661194 10.067618370056152      
898 0.7230489253997803 0.3555389642715454 10.032901763916016      
899 0.586579442024231 0.34596213698387146 10.008959770202637      
900 -0.4776432514190674 0.3770867586135864 10.034099578857422      
901 -0.9576807022094727 0.365115761756897 10.041281700134277      
902 0.10654197633266449 0.3519476354122162 10.055646896362305      
903 0.950498104095459 0.333991140127182 10.047266960144043      
904 0.6991068720817566 0.3447650372982025 10.047266960144043      
905 -0.42616790533065796 0.3603273630142212 10.036493301391602      
906 -0.993593692779541 0.38546648621559143 10.052056312561035      
907 0.090979665517807 0.3531447649002075 10.011354446411133      
908 0.7553706169128418 0.3519476354122162 10.014945983886719      
909 0.36990416049957275 0.36750996112823486 10.0580415725708      
910 -0.3974374830722809 0.3902548849582672 10.071209907531738      
911 -0.8559271097183228 0.38905778527259827 10.068815231323242      
912 -0.8559271097183228 0.3579331636428833 10.035296440124512      
913 0.7936778664588928 0.333991140127182 10.014945983886719      
914 0.5710170865058899 0.3387795388698578 10.037690162658691      
915 -0.4381389021873474 0.3447650372982025 10.010157585144043      
916 -0.9552865028381348 0.3734954595565796 10.041281700134277      
917 0.17956513166427612 0.36990416049957275 10.043676376342773      
918 0.849941611289978 0.3627215623855591 10.056844711303711      
919 0.4381389021873474 0.3603273630142212 10.040084838867188      
920 -0.3411737382411957 0.3878606855869293 10.08078670501709      
921 -0.9301473498344421 0.4082113802433014 10.092757225036621      
922 -0.08978256583213806 0.37229835987091064 10.046070098876953      
923 0.5590460896492004 0.3423708379268646 10.004171371459961      
924 -0.4884171485900879 0.35673606395721436 10.014945983886719      
925 -0.9636662006378174 0.3663128614425659 10.017339706420898      
926 0.1951274424791336 0.363918662071228 10.042478561401367      
927 0.9085995554924011 0.35913026332855225 10.049661636352539      
928 0.7422025203704834 0.36750996112823486 10.0580415725708      
929 -0.28730419278144836 0.3902548849582672 10.087968826293945      
930 -0.9588778018951416 0.4106055796146393 10.079588890075684      
931 -0.1604115068912506 0.3663128614425659 10.02452278137207      
932 0.7206547260284424 0.3363853394985199 10.02571964263916      
933 0.6476315855979919 0.33997663855552673 9.99339771270752      
934 -0.4596867263317108 0.3711012601852417 10.020931243896484      
935 -0.9636662006378174 0.36990416049957275 10.052056312561035      
936 0.1256955862045288 0.3603273630142212 10.054450035095215      
937 0.8798691034317017 0.3471592366695404 10.034099578857422      
938 0.6272808313369751 0.35913026332855225 10.077195167541504      
939 -0.4141969084739685 0.3711012601852417 10.035296440124512      
940 -0.912190854549408 0.37469255924224854 10.044873237609863      
941 0.20231004059314728 0.35673606395721436 10.031704902648926      
942 0.7457938194274902 0.3579331636428833 10.04846477508545      
943 0.608127236366272 0.3770867586135864 10.08078670501709      
944 -0.35913026332855225 0.4141969084739685 10.107122421264648      
945 -0.812831461429596 0.3926490843296051 10.0580415725708      
946 -0.13766659796237946 0.35434186458587646 10.035296440124512      
947 0.6536170840263367 0.3471592366695404 10.037690162658691      
948 0.5291185975074768 0.3495534360408783 10.044873237609863      
949 -0.3734954595565796 0.35673606395721436 10.016142845153809      
950 -0.8391677141189575 0.365115761756897 10.040084838867188      
951 -0.02992752194404602 0.3734954595565796 10.02691650390625      
952 0.5841852426528931 0.3531447649002075 10.02452278137207      
953 0.3531447649002075 0.363918662071228 10.011354446411133      
954 -0.363918662071228 0.3818751573562622 10.061633110046387      
955 -0.8164227604866028 0.37229835987091064 10.041281700134277      
956 -0.1173158809542656 0.37828385829925537 10.066421508789062      
957 0.6655880808830261 0.3411737382411957 10.030508041381836      
958 0.6260837316513062 0.34356793761253357 10.006566047668457      
959 -0.3531447649002075 0.365115761756897 10.02691650390625      
960 -0.8559271097183228 0.363918662071228 10.02452278137207      
961 -0.08140286058187485 0.3315969407558441 9.99100399017334      
962 0.6033388376235962 0.34356793761253357 10.019734382629395      
963 0.4668693244457245 0.3687070608139038 10.040084838867188      
964 -0.2214636504650116 0.36750996112823486 10.041281700134277      
965 -0.7134721279144287 0.3794809579849243 10.044873237609863      
966 -0.023942016065120697 0.38307225704193115 10.05923843383789      
967 0.6009446382522583 0.3734954595565796 10.054450035095215      
968 0.6177040338516235 0.35913026332855225 10.050858497619629      
969 -0.24420857429504395 0.3974374830722809 10.099940299987793      
970 -0.5793967843055725 0.3926490843296051 10.092757225036621      
971 0.08140286058187485 0.3627215623855591 10.047266960144043      
972 0.6643909811973572 0.34596213698387146 10.019734382629395      
973 0.3627215623855591 0.363918662071228 10.062829971313477      
974 -0.4010287821292877 0.36750996112823486 10.014945983886719      
975 -0.7266402244567871 0.3555389642715454 9.998186111450195      
976 0.11133038252592087 0.3495534360408783 10.012551307678223      
977 0.5602431893348694 0.35913026332855225 10.041281700134277      
978 0.4668693244457245 0.3555389642715454 10.040084838867188      
979 -0.5482721924781799 0.37828385829925537 10.0580415725708      
980 -0.5482721924781799 0.37828385829925537 10.0580415725708      
981 0.5734112858772278 0.35075053572654724 10.042478561401367      
982 0.4489128291606903 0.37828385829925537 10.047266960144043      
983 -0.24660277366638184 0.40462008118629456 10.090363502502441      
984 -0.46806642413139343 0.3770867586135864 10.053253173828125      
985 0.015562310814857483 0.3531447649002075 10.02691650390625      
986 0.4908113479614258 0.3627215623855591 10.054450035095215      
987 0.4920084476470947 0.36152446269989014 10.054450035095215      
988 -0.08738835901021957 0.3471592366695404 10.013748168945312      
989 -0.4800374507904053 0.3627215623855591 10.038887977600098      
990 -0.020350715145468712 0.3663128614425659 10.043676376342773      
991 0.2861070930957794 0.37828385829925537 10.047266960144043      
992 0.3902548849582672 0.365115761756897 10.047266960144043      
993 -0.11013327538967133 0.39384618401527405 10.086771965026855      
994 -0.43335050344467163 0.3902548849582672 10.08078670501709      
995 0.04189852997660637 0.36750996112823486 10.043676376342773      
996 0.40940847992897034 0.36750996112823486 10.041281700134277      
997 0.2861070930957794 0.3663128614425659 10.054450035095215      
998 -0.21428105235099792 0.35434186458587646 10.010157585144043      
999 -0.48482584953308105 0.3519476354122162 10.012551307678223      
1000 -0.1867477297782898 0.3519476354122162 10.012551307678223      
1001 0.22266076505184174 0.34835633635520935 10.017339706420898      
1002 0.5051765441894531 0.35434186458587646 10.036493301391602      
1003 0.017956512048840523 0.365115761756897 10.071209907531738      
1004 -0.3531447649002075 0.395043283700943 10.074800491333008      
1005 0.0694318488240242 0.37828385829925537 10.062829971313477      
1006 0.27054479718208313 0.36990416049957275 10.050858497619629      
1007 0.3016694188117981 0.36990416049957275 10.0580415725708      
1008 -0.10175357013940811 0.3878606855869293 10.068815231323242      
1009 -0.26815059781074524 0.38307225704193115 10.064026832580566      
1010 0.07182604819536209 0.36990416049957275 10.038887977600098      
1011 0.19033902883529663 0.363918662071228 10.041281700134277      
1012 0.181959331035614 0.36152446269989014 10.052056312561035      
1013 -0.13048399984836578 0.37469255924224854 10.062829971313477      
1014 -0.3280056416988373 0.38905778527259827 10.079588890075684      
1015 0.002394201699644327 0.3663128614425659 10.050858497619629      
1016 0.16998831927776337 0.35075053572654724 10.035296440124512      
1017 0.3196259140968323 0.3555389642715454 10.043676376342773      
1018 -0.10773907601833344 0.38546648621559143 10.04846477508545      
1019 -0.23822307586669922 0.3818751573562622 10.067618370056152      
1020 0.09696517139673233 0.36990416049957275 10.055646896362305      
1021 0.16879121959209442 0.37229835987091064 10.047266960144043      
1022 0.27054479718208313 0.37469255924224854 10.04846477508545      
1023 -0.1364694982767105 0.3974374830722809 10.056844711303711      
1024 -0.15322890877723694 0.38546648621559143 10.065223693847656      
1025 -0.15322890877723694 0.3579331636428833 10.052056312561035      
1026 0.12330138683319092 0.3447650372982025 10.031704902648926      
1027 0.21547815203666687 0.3627215623855591 10.050858497619629      
1028 0.08738835901021957 0.35673606395721436 10.055646896362305      
1029 -0.047884032130241394 0.36990416049957275 10.050858497619629      
1030 0.040701430290937424 0.3818751573562622 10.075998306274414      
1031 0.10773907601833344 0.3770867586135864 10.068815231323242      
1032 0.19871874153614044 0.36750996112823486 10.052056312561035      
1033 0.02753331884741783 0.3794809579849243 10.070012092590332      
1034 0.043095629662275314 0.3770867586135864 10.065223693847656      
1035 0.03232172131538391 0.38546648621559143 10.068815231323242      
1036 0.1256955862045288 0.3878606855869293 10.079588890075684      
1037 0.10893617570400238 0.3818751573562622 10.071209907531738      
1038 0.11611878126859665 0.3627215623855591 10.052056312561035      
1039 0.008379706181585789 0.3663128614425659 10.042478561401367      
1040 -0.047884032130241394 0.365115761756897 10.041281700134277      
1041 0.043095629662275314 0.3603273630142212 10.036493301391602      
1042 0.05027823522686958 0.363918662071228 10.04846477508545      
1043 0.02753331884741783 0.3663128614425659 10.047266960144043      
1044 0.02513911761343479 0.365115761756897 10.04846477508545      
1045 0.02753331884741783 0.365115761756897 10.049661636352539      
1046 0.03232172131538391 0.363918662071228 10.046070098876953      
1047 0.0347159244120121 0.36152446269989014 10.047266960144043      
1048 0.02992752194404602 0.35913026332855225 10.044873237609863      
1049 0.028730420395731926 0.3627215623855591 10.044873237609863      
1050 0.02992752194404602 0.365115761756897 10.043676376342773      
1051 0.031124621629714966 0.36750996112823486 10.042478561401367      
1052 0.03232172131538391 0.365115761756897 10.041281700134277      
1053 0.033518824726343155 0.363918662071228 10.041281700134277      
1054 0.033518824726343155 0.3663128614425659 10.047266960144043      
1055 0.02992752194404602 0.365115761756897 10.041281700134277      
1056 0.033518824726343155 0.36750996112823486 10.040084838867188      
1057 0.033518824726343155 0.365115761756897 10.037690162658691      
1058 0.0347159244120121 0.365115761756897 10.037690162658691      
1059 0.033518824726343155 0.365115761756897 10.044873237609863      
1060 0.035913024097681046 0.36750996112823486 10.043676376342773      
1061 0.03711012750864029 0.365115761756897 10.050858497619629      
1062 0.038307227194309235 0.363918662071228 10.052056312561035      
1063 0.03711012750864029 0.3627215623855591 10.050858497619629      
1064 0.033518824726343155 0.36152446269989014 10.04846477508545      
1065 0.02992752194404602 0.365115761756897 10.04846477508545      
1066 0.031124621629714966 0.365115761756897 10.04846477508545      
1067 0.03232172131538391 0.3627215623855591 10.049661636352539      
1068 0.033518824726343155 0.3627215623855591 10.049661636352539      
1069 0.033518824726343155 0.365115761756897 10.050858497619629      
1070 0.03232172131538391 0.3687070608139038 10.047266960144043      
1071 0.03232172131538391 0.3687070608139038 10.04846477508545      
1072 0.035913024097681046 0.3687070608139038 10.04846477508545      
1073 0.0347159244120121 0.365115761756897 10.049661636352539      
1074 0.0347159244120121 0.3663128614425659 10.049661636352539      
1075 0.03711012750864029 0.3663128614425659 10.049661636352539      
1076 0.035913024097681046 0.3687070608139038 10.04846477508545      
1077 0.03711012750864029 0.365115761756897 10.046070098876953      
1078 0.035913024097681046 0.3627215623855591 10.043676376342773      
1079 0.033518824726343155 0.3603273630142212 10.047266960144043      
1080 0.0347159244120121 0.3627215623855591 10.044873237609863      
1081 0.033518824726343155 0.365115761756897 10.04846477508545      
1082 0.03232172131538391 0.36152446269989014 10.046070098876953      
1083 0.031124621629714966 0.3627215623855591 10.044873237609863      
1084 0.031124621629714966 0.3663128614425659 10.04846477508545      
1085 0.03232172131538391 0.36750996112823486 10.04846477508545      
1086 0.03232172131538391 0.3579331636428833 10.04846477508545      
1087 0.031124621629714966 0.363918662071228 10.046070098876953      
1088 0.03232172131538391 0.3627215623855591 10.04846477508545      
1089 0.035913024097681046 0.3663128614425659 10.04846477508545      
1090 0.0347159244120121 0.3663128614425659 10.04846477508545      
1091 0.0347159244120121 0.365115761756897 10.044873237609863      
1092 0.02992752194404602 0.3663128614425659 10.044873237609863      
1093 0.035913024097681046 0.3663128614425659 10.044873237609863      
1094 0.033518824726343155 0.37229835987091064 10.042478561401367      
1095 0.03711012750864029 0.3663128614425659 10.046070098876953      
1096 0.035913024097681046 0.3663128614425659 10.044873237609863      
1097 0.03232172131538391 0.363918662071228 10.042478561401367      
1098 0.031124621629714966 0.365115761756897 10.042478561401367      
1099 0.0347159244120121 0.3663128614425659 10.044873237609863      
1100 0.03711012750864029 0.365115761756897 10.049661636352539      
1101 0.035913024097681046 0.365115761756897 10.050858497619629      
1102 0.035913024097681046 0.3663128614425659 10.04846477508545      
1103 0.03232172131538391 0.3663128614425659 10.044873237609863      
1104 0.033518824726343155 0.365115761756897 10.047266960144043      
1105 0.033518824726343155 0.363918662071228 10.04846477508545      
1106 0.033518824726343155 0.36750996112823486 10.047266960144043      
1107 0.035913024097681046 0.36152446269989014 10.053253173828125      
1108 0.035913024097681046 0.3663128614425659 10.052056312561035      
1109 0.0347159244120121 0.3687070608139038 10.053253173828125      
1110 0.03232172131538391 0.36750996112823486 10.050858497619629      
1111 0.026336219161748886 0.3663128614425659 10.043676376342773      
1112 0.028730420395731926 0.3687070608139038 10.047266960144043      
1113 0.02753331884741783 0.365115761756897 10.044873237609863      
1114 0.02992752194404602 0.3663128614425659 10.040084838867188      
1115 0.02992752194404602 0.365115761756897 10.044873237609863      
1116 0.031124621629714966 0.365115761756897 10.044873237609863      
1117 0.031124621629714966 0.363918662071228 10.047266960144043      
1118 0.031124621629714966 0.3663128614425659 10.043676376342773      
1119 0.031124621629714966 0.3663128614425659 10.042478561401367      
1120 0.033518824726343155 0.365115761756897 10.042478561401367      
1121 0.033518824726343155 0.3627215623855591 10.043676376342773      
1122 0.033518824726343155 0.365115761756897 10.040084838867188      
1123 0.0347159244120121 0.363918662071228 10.038887977600098      
1124 0.033518824726343155 0.3663128614425659 10.042478561401367      
1125 0.033518824726343155 0.3663128614425659 10.044873237609863      
1126 0.03232172131538391 0.36750996112823486 10.046070098876953      
1127 0.02992752194404602 0.36750996112823486 10.049661636352539      
1128 0.02992752194404602 0.36750996112823486 10.04846477508545      
1129 0.031124621629714966 0.36750996112823486 10.04846477508545      
1130 0.031124621629714966 0.36990416049957275 10.046070098876953      
1131 0.03232172131538391 0.37229835987091064 10.046070098876953      
1132 0.03232172131538391 0.3663128614425659 10.046070098876953      
1133 0.033518824726343155 0.3687070608139038 10.042478561401367      
1134 0.0347159244120121 0.36990416049957275 10.043676376342773      
1135 0.03232172131538391 0.3663128614425659 10.043676376342773      
1136 0.033518824726343155 0.3663128614425659 10.04846477508545      
1137 0.035913024097681046 0.3663128614425659 10.04846477508545      
1138 0.03711012750864029 0.3663128614425659 10.049661636352539      
1139 0.035913024097681046 0.3663128614425659 10.054450035095215      
1140 0.0347159244120121 0.3663128614425659 10.04846477508545      
1141 0.03711012750864029 0.3627215623855591 10.053253173828125      
1142 0.0347159244120121 0.36152446269989014 10.046070098876953      
1143 0.0347159244120121 0.36750996112823486 10.046070098876953      
1144 0.033518824726343155 0.3627215623855591 10.04846477508545      
1145 0.03711012750864029 0.363918662071228 10.04846477508545      
1146 0.03711012750864029 0.3663128614425659 10.050858497619629      
1147 0.038307227194309235 0.365115761756897 10.047266960144043      
1148 0.0347159244120121 0.3663128614425659 10.049661636352539      
1149 0.033518824726343155 0.3603273630142212 10.049661636352539      
1150 0.031124621629714966 0.365115761756897 10.049661636352539      
1151 0.03232172131538391 0.3663128614425659 10.049661636352539      
1152 0.035913024097681046 0.365115761756897 10.050858497619629      
1153 0.035913024097681046 0.365115761756897 10.049661636352539      
1154 0.0347159244120121 0.365115761756897 10.050858497619629      
1155 0.033518824726343155 0.363918662071228 10.052056312561035      
1156 0.033518824726343155 0.363918662071228 10.053253173828125      
1157 0.0347159244120121 0.365115761756897 10.053253173828125      
1158 0.03232172131538391 0.363918662071228 10.047266960144043      
1159 0.033518824726343155 0.365115761756897 10.046070098876953      
1160 0.03232172131538391 0.365115761756897 10.044873237609863      
1161 0.02992752194404602 0.36750996112823486 10.049661636352539      
1162 0.02753331884741783 0.36750996112823486 10.042478561401367      
1163 0.03232172131538391 0.36750996112823486 10.04846477508545      
1164 0.03711012750864029 0.365115761756897 10.047266960144043      
1165 0.033518824726343155 0.365115761756897 10.043676376342773      
1166 0.03232172131538391 0.365115761756897 10.04846477508545      
1167 0.02992752194404602 0.3663128614425659 10.046070098876953      
1168 0.031124621629714966 0.36750996112823486 10.046070098876953      
1169 0.0347159244120121 0.363918662071228 10.04846477508545      
1170 0.033518824726343155 0.365115761756897 10.04846477508545      
1171 0.03711012750864029 0.365115761756897 10.043676376342773      
1172 0.033518824726343155 0.365115761756897 10.041281700134277      
1173 0.035913024097681046 0.363918662071228 10.038887977600098      
1174 0.033518824726343155 0.36750996112823486 10.041281700134277      
1175 0.0347159244120121 0.365115761756897 10.046070098876953      
1176 0.03711012750864029 0.363918662071228 10.047266960144043      
1177 0.0347159244120121 0.365115761756897 10.041281700134277      
1178 0.0347159244120121 0.3663128614425659 10.041281700134277      
1179 0.031124621629714966 0.365115761756897 10.046070098876953      
1180 0.031124621629714966 0.363918662071228 10.04846477508545      
1181 0.02992752194404602 0.36750996112823486 10.052056312561035      
1182 0.031124621629714966 0.36990416049957275 10.046070098876953      
1183 0.02992752194404602 0.363918662071228 10.042478561401367      
1184 0.02992752194404602 0.3663128614425659 10.044873237609863      
1185 0.03232172131538391 0.36152446269989014 10.047266960144043      
1186 0.0347159244120121 0.36152446269989014 10.047266960144043      
1187 0.02992752194404602 0.36152446269989014 10.044873237609863      
1188 0.02753331884741783 0.3603273630142212 10.044873237609863      
1189 0.02992752194404602 0.3627215623855591 10.046070098876953      
1190 0.02992752194404602 0.365115761756897 10.044873237609863      
1191 0.031124621629714966 0.365115761756897 10.047266960144043      
1192 0.03232172131538391 0.36750996112823486 10.04846477508545      
1193 0.03711012750864029 0.363918662071228 10.043676376342773      
1194 0.035913024097681046 0.36152446269989014 10.044873237609863      
1195 0.035913024097681046 0.365115761756897 10.046070098876953      
1196 0.035913024097681046 0.363918662071228 10.046070098876953      
1197 0.0347159244120121 0.3627215623855591 10.047266960144043      
1198 0.03232172131538391 0.3579331636428833 10.04846477508545      
1199 0.03711012750864029 0.3627215623855591 10.050858497619629      
1200 0.035913024097681046 0.3627215623855591 10.053253173828125      
1201 0.03711012750864029 0.365115761756897 10.046070098876953      
1202 0.0347159244120121 0.3663128614425659 10.047266960144043      
1203 0.0347159244120121 0.3663128614425659 10.047266960144043      
1204 0.02992752194404602 0.3663128614425659 10.050858497619629      
1205 0.0347159244120121 0.365115761756897 10.043676376342773      
1206 0.035913024097681046 0.36152446269989014 10.047266960144043      
1207 0.0347159244120121 0.36750996112823486 10.047266960144043      
1208 0.0347159244120121 0.36750996112823486 10.047266960144043      
1209 0.033518824726343155 0.3663128614425659 10.052056312561035      
1210 0.0347159244120121 0.36750996112823486 10.049661636352539      
1211 0.02992752194404602 0.3663128614425659 10.046070098876953      
1212 0.028730420395731926 0.365115761756897 10.052056312561035      
1213 0.031124621629714966 0.365115761756897 10.052056312561035      
1214 0.033518824726343155 0.3663128614425659 10.050858497619629      
1215 0.031124621629714966 0.36750996112823486 10.047266960144043      
1216 0.02992752194404602 0.365115761756897 10.046070098876953      
1217 0.0347159244120121 0.363918662071228 10.044873237609863      
1218 0.035913024097681046 0.365115761756897 10.046070098876953      
1219 0.0347159244120121 0.36750996112823486 10.041281700134277      
1220 0.0347159244120121 0.365115761756897 10.046070098876953      
1221 0.03232172131538391 0.365115761756897 10.046070098876953      
1222 0.031124621629714966 0.3663128614425659 10.042478561401367      
1223 0.028730420395731926 0.36990416049957275 10.053253173828125      
1224 0.031124621629714966 0.36990416049957275 10.054450035095215      
1225 0.0347159244120121 0.36750996112823486 10.052056312561035      
1226 0.0347159244120121 0.36750996112823486 10.047266960144043      
1227 0.031124621629714966 0.36750996112823486 10.043676376342773      
1228 0.033518824726343155 0.365115761756897 10.047266960144043      
1229 0.031124621629714966 0.365115761756897 10.049661636352539      
1230 0.02753331884741783 0.3627215623855591 10.044873237609863      
1231 0.03232172131538391 0.36152446269989014 10.040084838867188      
1232 0.03232172131538391 0.3663128614425659 10.043676376342773      
1233 0.033518824726343155 0.363918662071228 10.043676376342773      
1234 0.0347159244120121 0.3663128614425659 10.043676376342773      
1235 0.03232172131538391 0.3687070608139038 10.044873237609863      
1236 0.03232172131538391 0.36750996112823486 10.047266960144043      
1237 0.03232172131538391 0.36750996112823486 10.047266960144043      
1238 0.03232172131538391 0.36750996112823486 10.047266960144043      
1239 0.035913024097681046 0.3687070608139038 10.046070098876953      
1240 0.033518824726343155 0.3687070608139038 10.049661636352539      
1241 0.031124621629714966 0.36990416049957275 10.052056312561035      
1242 0.033518824726343155 0.3663128614425659 10.053253173828125      
1243 0.0347159244120121 0.365115761756897 10.043676376342773      
1244 0.03232172131538391 0.3663128614425659 10.043676376342773      
1245 0.031124621629714966 0.36750996112823486 10.046070098876953      
1246 0.03232172131538391 0.3663128614425659 10.04846477508545      
1247 0.031124621629714966 0.363918662071228 10.044873237609863      
1248 0.0347159244120121 0.363918662071228 10.047266960144043      
1249 0.033518824726343155 0.36152446269989014 10.042478561401367      
1250 0.033518824726343155 0.36152446269989014 10.047266960144043      
1251 0.02992752194404602 0.3627215623855591 10.044873237609863      
1252 0.03232172131538391 0.365115761756897 10.04846477508545      
1253 0.03232172131538391 0.365115761756897 10.044873237609863      
1254 0.033518824726343155 0.365115761756897 10.043676376342773      
1255 0.035913024097681046 0.365115761756897 10.047266960144043      
1256 0.035913024097681046 0.365115761756897 10.046070098876953      
1257 0.03232172131538391 0.3663128614425659 10.04846477508545      
1258 0.031124621629714966 0.363918662071228 10.04846477508545      
1259 0.03232172131538391 0.36152446269989014 10.052056312561035      
1260 0.03711012750864029 0.3663128614425659 10.049661636352539      
1261 0.035913024097681046 0.3627215623855591 10.052056312561035      
1262 0.035913024097681046 0.363918662071228 10.050858497619629      
1263 0.033518824726343155 0.365115761756897 10.04846477508545      
1264 0.033518824726343155 0.363918662071228 10.049661636352539      
1265 0.0347159244120121 0.363918662071228 10.046070098876953      
1266 0.035913024097681046 0.365115761756897 10.047266960144043      
1267 0.02992752194404602 0.3663128614425659 10.047266960144043      
1268 0.028730420395731926 0.363918662071228 10.046070098876953      
1269 0.031124621629714966 0.3627215623855591 10.044873237609863      
1270 0.03232172131538391 0.363918662071228 10.052056312561035      
1271 0.0347159244120121 0.3627215623855591 10.053253173828125      
1272 0.033518824726343155 0.3579331636428833 10.04846477508545      
1273 0.0347159244120121 0.35913026332855225 10.047266960144043      
1274 0.0347159244120121 0.3603273630142212 10.049661636352539      
1275 0.02992752194404602 0.3627215623855591 10.047266960144043      
1276 0.03711012750864029 0.3627215623855591 10.049661636352539      
1277 0.03711012750864029 0.365115761756897 10.047266960144043      
1278 0.035913024097681046 0.36750996112823486 10.04846477508545      
1279 0.0347159244120121 0.363918662071228 10.049661636352539      
1280 0.033518824726343155 0.3687070608139038 10.042478561401367      
1281 0.0347159244120121 0.3663128614425659 10.049661636352539      
1282 0.031124621629714966 0.3627215623855591 10.052056312561035      
1283 0.035913024097681046 0.365115761756897 10.052056312561035      
1284 0.03232172131538391 0.363918662071228 10.04846477508545      
1285 0.03232172131538391 0.3663128614425659 10.04846477508545      
1286 0.028730420395731926 0.36750996112823486 10.047266960144043      
1287 0.031124621629714966 0.3663128614425659 10.04846477508545      
1288 0.033518824726343155 0.3663128614425659 10.04846477508545      
1289 0.031124621629714966 0.3663128614425659 10.04846477508545      
1290 0.031124621629714966 0.365115761756897 10.04846477508545      
1291 0.033518824726343155 0.3627215623855591 10.046070098876953      
1292 0.031124621629714966 0.363918662071228 10.046070098876953      
1293 0.028730420395731926 0.363918662071228 10.04846477508545      
1294 0.02992752194404602 0.36152446269989014 10.047266960144043      
1295 0.03232172131538391 0.3663128614425659 10.046070098876953      
1296 0.033518824726343155 0.365115761756897 10.042478561401367      
1297 0.0347159244120121 0.365115761756897 10.04846477508545      
1298 0.033518824726343155 0.363918662071228 10.047266960144043      
1299 0.033518824726343155 0.36750996112823486 10.047266960144043      
1300 0.033518824726343155 0.36750996112823486 10.044873237609863      
1301 0.0347159244120121 0.363918662071228 10.044873237609863      
1302 0.0347159244120121 0.3663128614425659 10.046070098876953      
1303 0.035913024097681046 0.363918662071228 10.044873237609863      
1304 0.03711012750864029 0.3663128614425659 10.044873237609863      
1305 0.035913024097681046 0.36750996112823486 10.046070098876953      
1306 0.03711012750864029 0.365115761756897 10.044873237609863      
1307 0.031124621629714966 0.36750996112823486 10.041281700134277      
1308 0.033518824726343155 0.35913026332855225 10.046070098876953      
1309 0.0347159244120121 0.3627215623855591 10.049661636352539      
1310 0.02992752194404602 0.365115761756897 10.044873237609863      
1311 0.033518824726343155 0.363918662071228 10.049661636352539      
1312 0.031124621629714966 0.3663128614425659 10.04846477508545      
1313 0.02992752194404602 0.363918662071228 10.046070098876953      
1314 0.031124621629714966 0.3627215623855591 10.044873237609863      
1315 0.028730420395731926 0.3663128614425659 10.047266960144043      
1316 0.03232172131538391 0.3627215623855591 10.046070098876953      
1317 0.031124621629714966 0.365115761756897 10.049661636352539      
1318 0.033518824726343155 0.36152446269989014 10.042478561401367      
1319 0.03232172131538391 0.36152446269989014 10.044873237609863      
1320 0.033518824726343155 0.3663128614425659 10.041281700134277      
1321 0.03232172131538391 0.36750996112823486 10.044873237609863      
1322 0.031124621629714966 0.365115761756897 10.044873237609863      
1323 0.02992752194404602 0.3627215623855591 10.041281700134277      
1324 0.02992752194404602 0.363918662071228 10.041281700134277      
1325 0.031124621629714966 0.365115761756897 10.042478561401367      
1326 0.0347159244120121 0.365115761756897 10.04846477508545      
1327 0.0347159244120121 0.365115761756897 10.044873237609863      
1328 0.028730420395731926 0.36750996112823486 10.041281700134277      
1329 0.031124621629714966 0.3627215623855591 10.042478561401367      
1330 0.02992752194404602 0.36750996112823486 10.041281700134277      
1331 0.028730420395731926 0.363918662071228 10.042478561401367      
1332 0.031124621629714966 0.36750996112823486 10.046070098876953      
1333 0.033518824726343155 0.3627215623855591 10.047266960144043      
1334 0.035913024097681046 0.363918662071228 10.043676376342773      
1335 0.0347159244120121 0.3627215623855591 10.044873237609863      
1336 0.033518824726343155 0.365115761756897 10.046070098876953      
1337 0.031124621629714966 0.3627215623855591 10.044873237609863      
1338 0.035913024097681046 0.363918662071228 10.043676376342773      
1339 0.0347159244120121 0.363918662071228 10.043676376342773      
1340 0.0347159244120121 0.363918662071228 10.047266960144043      
1341 0.033518824726343155 0.3663128614425659 10.041281700134277      
1342 0.035913024097681046 0.3663128614425659 10.043676376342773      
1343 0.033518824726343155 0.35913026332855225 10.046070098876953      
1344 0.035913024097681046 0.3663128614425659 10.046070098876953      
1345 0.03232172131538391 0.365115761756897 10.046070098876953      
1346 0.02992752194404602 0.36750996112823486 10.050858497619629      
1347 0.03232172131538391 0.3663128614425659 10.049661636352539      
1348 0.02992752194404602 0.365115761756897 10.047266960144043      
1349 0.02992752194404602 0.365115761756897 10.044873237609863      
1350 0.031124621629714966 0.365115761756897 10.042478561401367      
1351 0.0347159244120121 0.3663128614425659 10.043676376342773      
1352 0.03711012750864029 0.3627215623855591 10.046070098876953      
1353 0.035913024097681046 0.36750996112823486 10.040084838867188      
1354 0.035913024097681046 0.36750996112823486 10.049661636352539      
1355 0.0347159244120121 0.3663128614425659 10.046070098876953      
1356 0.028730420395731926 0.3687070608139038 10.043676376342773      
1357 0.03232172131538391 0.36750996112823486 10.038887977600098      
1358 0.03232172131538391 0.363918662071228 10.040084838867188      
1359 0.02992752194404602 0.363918662071228 10.042478561401367      
1360 0.031124621629714966 0.363918662071228 10.043676376342773      
1361 0.035913024097681046 0.3627215623855591 10.040084838867188      
1362 0.03232172131538391 0.3627215623855591 10.040084838867188      
1363 0.031124621629714966 0.3627215623855591 10.044873237609863      
1364 0.03232172131538391 0.363918662071228 10.043676376342773      
1365 0.033518824726343155 0.363918662071228 10.044873237609863      
1366 0.035913024097681046 0.365115761756897 10.044873237609863      
1367 0.03232172131538391 0.36750996112823486 10.044873237609863      
1368 0.03232172131538391 0.365115761756897 10.046070098876953      
1369 0.03232172131538391 0.36152446269989014 10.047266960144043      
1370 0.033518824726343155 0.363918662071228 10.046070098876953      
1371 0.0347159244120121 0.365115761756897 10.044873237609863      
1372 0.03232172131538391 0.363918662071228 10.050858497619629      
1373 0.03232172131538391 0.36750996112823486 10.049661636352539      
