1 -0.3423708379268646 0.35434186458587646 10.032901763916016      
2 -0.363918662071228 0.35673606395721436 10.023324966430664      
3 0.36750996112823486 0.3531447649002075 10.046070098876953      
4 -0.16639702022075653 0.36750996112823486 10.037690162658691      
5 -0.3818751573562622 0.3758896589279175 10.0580415725708      
6 0.1759738177061081 0.365115761756897 10.06043529510498      
7 0.44412440061569214 0.3687070608139038 10.05923843383789      
8 -0.3292027413845062 0.363918662071228 10.052056312561035      
9 -0.11851298063993454 0.35913026332855225 10.006566047668457      
10 0.5015852451324463 0.33758243918418884 10.022128105163574      
11 -0.32441434264183044 0.3627215623855591 10.018536567687988      
12 -0.32202014327049255 0.35913026332855225 10.046070098876953      
13 0.35913026332855225 0.3555389642715454 10.041281700134277      
14 -0.07541735470294952 0.3603273630142212 10.040084838867188      
15 -0.3818751573562622 0.3734954595565796 10.0580415725708      
16 0.16400282084941864 0.37469255924224854 10.071209907531738      
17 0.5111620426177979 0.3555389642715454 10.046070098876953      
18 -0.44412440061569214 0.35913026332855225 10.012551307678223      
19 -0.1628057211637497 0.3423708379268646 10.005369186401367      
20 0.50876784324646 0.33758243918418884 10.023324966430664      
21 -0.26575639843940735 0.3758896589279175 10.061633110046387      
22 -0.3387795388698578 0.38067805767059326 10.061633110046387      
23 0.3794809579849243 0.363918662071228 10.032901763916016      
24 0.10534487664699554 0.3495534360408783 10.065223693847656      
25 -0.33518823981285095 0.37469255924224854 10.075998306274414      
26 0.2214636504650116 0.3758896589279175 10.072406768798828      
27 0.21547815203666687 0.3758896589279175 10.030508041381836      
28 -0.4704606235027313 0.40701428055763245 10.089165687561035      
29 -0.05386953800916672 0.3770867586135864 10.075998306274414      
30 0.4836287498474121 0.3495534360408783 10.023324966430664      
31 -0.08140286058187485 0.36990416049957275 10.056844711303711      
32 -0.25019407272338867 0.39863458275794983 10.102334022521973      
33 0.4489128291606903 0.37229835987091064 10.046070098876953      
34 -0.016759412363171577 0.3603273630142212 10.032901763916016      
35 -0.5015852451324463 0.36152446269989014 10.014945983886719      
36 0.20111294090747833 0.3579331636428833 10.042478561401367      
37 0.2561795711517334 0.35434186458587646 10.02452278137207      
38 -0.4118026793003082 0.38067805767059326 10.05923843383789      
39 -0.15322890877723694 0.3734954595565796 10.056844711303711      
40 0.5003881454467773 0.3555389642715454 10.022128105163574      
41 0.5003881454467773 0.3555389642715454 10.050858497619629      
42 0.4381389021873474 0.36990416049957275 10.062829971313477      
43 0.4381389021873474 0.36990416049957275 10.062829971313477      
44 -0.5793967843055725 0.3471592366695404 9.965864181518555      
45 0.13048399984836578 0.3411737382411957 9.986215591430664      
46 0.37229835987091064 0.34596213698387146 10.031704902648926      
47 -0.3315969407558441 0.38067805767059326 10.075998306274414      
48 0.10893617570400238 0.3734954595565796 10.056844711303711      
49 0.6224924325942993 0.3627215623855591 10.052056312561035      
50 -0.18794482946395874 0.3531447649002075 10.036493301391602      
51 -0.2908954918384552 0.35913026332855225 10.023324966430664      
52 0.4165911078453064 0.36152446269989014 10.054450035095215      
53 -0.06344634294509888 0.37828385829925537 10.06043529510498      
54 -0.6033388376235962 0.38905778527259827 10.036493301391602      
55 0.14484919607639313 0.3531447649002075 10.010157585144043      
56 0.48482584953308105 0.3471592366695404 10.013748168945312      
57 -0.2753331959247589 0.37828385829925537 10.077195167541504      
58 0.07661445438861847 0.395043283700943 10.077195167541504      
59 0.6105214357376099 0.36990416049957275 10.05923843383789      
60 -0.35075053572654724 0.3531447649002075 9.977835655212402      
61 -0.272938996553421 0.3292027413845062 9.97065258026123      
62 0.31124621629714966 0.3411737382411957 10.000580787658691      
63 -0.05027823522686958 0.3663128614425659 10.029311180114746      
64 -0.47644615173339844 0.39384618401527405 10.072406768798828      
65 0.22744916379451752 0.3734954595565796 10.066421508789062      
66 0.5518634915351868 0.3663128614425659 10.04846477508545      
67 -0.25019407272338867 0.3627215623855591 10.061633110046387      
68 0.04429273307323456 0.3734954595565796 10.061633110046387      
69 0.6105214357376099 0.36152446269989014 10.065223693847656      
70 -0.34356793761253357 0.37229835987091064 10.014945983886719      
71 -0.2801215946674347 0.35673606395721436 10.034099578857422      
72 0.41778820753097534 0.35075053572654724 10.044873237609863      
73 -0.07302315533161163 0.36750996112823486 10.061633110046387      
74 -0.3555389642715454 0.39384618401527405 10.093954086303711      
75 0.1951274424791336 0.37469255924224854 10.05923843383789      
76 0.5602431893348694 0.3531447649002075 10.050858497619629      
77 -0.39145198464393616 0.35434186458587646 10.02571964263916      
78 0.0011971008498221636 0.36750996112823486 10.038887977600098      
79 0.5746083855628967 0.36152446269989014 10.043676376342773      
80 -0.4189853072166443 0.38307225704193115 10.0580415725708      
81 -0.3016694188117981 0.35434186458587646 10.02811336517334      
82 0.40462008118629456 0.3471592366695404 10.016142845153809      
83 0.016759412363171577 0.3531447649002075 10.053253173828125      
84 -0.35913026332855225 0.3663128614425659 10.055646896362305      
85 0.12928688526153564 0.37469255924224854 10.050858497619629      
86 0.4273650050163269 0.35913026332855225 10.046070098876953      
87 -0.46567222476005554 0.3734954595565796 10.008959770202637      
88 -0.009576806798577309 0.35075053572654724 10.029311180114746      
89 0.5422866940498352 0.34356793761253357 10.031704902648926      
90 -0.3974374830722809 0.3842693865299225 10.050858497619629      
91 -0.40462008118629456 0.3711012601852417 10.040084838867188      
92 0.3603273630142212 0.35075053572654724 10.02452278137207      
93 0.0071826050989329815 0.3447650372982025 10.037690162658691      
94 -0.3734954595565796 0.3627215623855591 10.061633110046387      
95 0.23343466222286224 0.3627215623855591 10.054450035095215      
96 0.5805938839912415 0.365115761756897 10.071209907531738      
97 -0.395043283700943 0.38307225704193115 10.042478561401367      
98 -0.0586579404771328 0.34835633635520935 10.034099578857422      
99 0.5135562419891357 0.3519476354122162 10.031704902648926      
100 -0.14245499670505524 0.38307225704193115 10.072406768798828      
101 -0.21547815203666687 0.39863458275794983 10.096348762512207      
102 0.43335050344467163 0.3770867586135864 10.0580415725708      
103 0.016759412363171577 0.3555389642715454 10.049661636352539      
104 -0.4644751250743866 0.3447650372982025 10.004171371459961      
105 0.2621650993824005 0.3447650372982025 10.036493301391602      
106 0.23104046285152435 0.36152446269989014 10.022128105163574      
107 -0.5339069962501526 0.3818751573562622 10.017339706420898      
108 -0.17477671802043915 0.34835633635520935 10.017339706420898      
109 0.4405331015586853 0.3411737382411957 9.998186111450195      
110 -0.3555389642715454 0.3842693865299225 10.08318042755127      
111 -0.3555389642715454 0.3842693865299225 10.08318042755127      
112 -0.008379706181585789 0.3555389642715454 10.023324966430664      
113 -0.008379706181585789 0.3555389642715454 10.023324966430664      
114 0.2190694510936737 0.33997663855552673 10.02811336517334      
115 0.3232172429561615 0.3555389642715454 10.042478561401367      
116 -0.42377370595932007 0.40222588181495667 10.096348762512207      
117 -0.05626374110579491 0.37828385829925537 10.05923843383789      
118 0.4920084476470947 0.35673606395721436 10.044873237609863      
119 -0.13287819921970367 0.35673606395721436 10.071209907531738      
120 -0.24899697303771973 0.3818751573562622 10.08198356628418      
121 0.4345476031303406 0.3711012601852417 10.08318042755127      
122 -0.023942016065120697 0.37229835987091064 10.053253173828125      
123 -0.45489832758903503 0.37229835987091064 10.041281700134277      
124 0.20350714027881622 0.35075053572654724 10.02691650390625      
125 0.3555389642715454 0.3555389642715454 10.022128105163574      
126 -0.3579331636428833 0.3842693865299225 10.08198356628418      
127 0.07900865375995636 0.3758896589279175 10.055646896362305      
128 0.5949591398239136 0.35434186458587646 10.042478561401367      
129 -0.2585737705230713 0.35434186458587646 10.02811336517334      
130 -0.36750996112823486 0.36750996112823486 10.040084838867188      
131 0.3687070608139038 0.3519476354122162 10.052056312561035      
132 -0.07182604819536209 0.37229835987091064 10.047266960144043      
133 -0.5506663918495178 0.3866635859012604 10.053253173828125      
134 0.10773907601833344 0.3579331636428833 10.012551307678223      
135 0.46567222476005554 0.3471592366695404 10.011354446411133      
136 -0.25498247146606445 0.3711012601852417 10.062829971313477      
137 0.0454898327589035 0.38546648621559143 10.056844711303711      
138 0.6117185354232788 0.3687070608139038 10.06043529510498      
139 -0.32202014327049255 0.3711012601852417 10.004171371459961      
140 -0.365115761756897 0.363918662071228 10.029311180114746      
141 0.3878606855869293 0.3471592366695404 10.030508041381836      
142 0.07062894850969315 0.3627215623855591 10.037690162658691      
143 -0.4513070285320282 0.395043283700943 10.08437728881836      
144 0.17717093229293823 0.3627215623855591 10.046070098876953      
145 0.46327802538871765 0.3495534360408783 10.02571964263916      
146 -0.41778820753097534 0.34596213698387146 10.014945983886719      
147 -0.009576806798577309 0.3603273630142212 10.040084838867188      
148 0.5530605912208557 0.3519476354122162 10.04846477508545      
149 -0.3555389642715454 0.3794809579849243 10.036493301391602      
150 -0.25258827209472656 0.35673606395721436 10.036493301391602      
151 0.43335050344467163 0.34835633635520935 10.049661636352539      
152 -0.09217676520347595 0.3711012601852417 10.061633110046387      
153 -0.3770867586135864 0.3998316824436188 10.089165687561035      
154 0.17238251864910126 0.3794809579849243 10.072406768798828      
155 0.5662286877632141 0.3555389642715454 10.06043529510498      
156 -0.36990416049957275 0.3519476354122162 10.007762908935547      
157 0.0071826050989329815 0.35673606395721436 10.035296440124512      
158 0.52552729845047 0.3495534360408783 10.040084838867188      
159 -0.39145198464393616 0.38546648621559143 10.037690162658691      
160 -0.33279404044151306 0.365115761756897 10.036493301391602      
161 0.3663128614425659 0.34596213698387146 10.02691650390625      
162 -0.014365210197865963 0.35673606395721436 10.049661636352539      
163 -0.3902548849582672 0.37229835987091064 10.05923843383789      
164 0.1975216418504715 0.36750996112823486 10.0580415725708      
165 0.568622887134552 0.35075053572654724 10.055646896362305      
166 -0.4141969084739685 0.35913026332855225 10.035296440124512      
167 -0.05626374110579491 0.3531447649002075 10.023324966430664      
168 0.48602294921875 0.3471592366695404 10.016142845153809      
169 -0.2753331959247589 0.3794809579849243 10.052056312561035      
170 -0.2693476974964142 0.3866635859012604 10.077195167541504      
171 0.48602294921875 0.3711012601852417 10.062829971313477      
172 0.026336219161748886 0.3579331636428833 10.043676376342773      
173 -0.4812345504760742 0.3711012601852417 10.043676376342773      
174 0.22266076505184174 0.3603273630142212 10.050858497619629      
175 -0.456095427274704 0.37828385829925537 10.049661636352539      
176 -0.08978256583213806 0.3579331636428833 10.036493301391602      
177 0.4513070285320282 0.34596213698387146 10.010157585144043      
178 -0.20709845423698425 0.37469255924224854 10.02811336517334      
179 -0.3711012601852417 0.39145198464393616 10.075998306274414      
180 0.3734954595565796 0.3627215623855591 10.035296440124512      
181 0.0347159244120121 0.33997663855552673 10.016142845153809      
182 -0.4991910457611084 0.33997663855552673 9.981427192687988      
183 0.18914192914962769 0.3579331636428833 10.040084838867188      
184 0.17836803197860718 0.365115761756897 10.044873237609863      
185 -0.4644751250743866 0.3878606855869293 10.044873237609863      
186 -0.0694318488240242 0.3627215623855591 10.0580415725708      
187 0.5123591423034668 0.35673606395721436 10.034099578857422      
188 -0.07062894850969315 0.35673606395721436 10.044873237609863      
189 -0.3315969407558441 0.37469255924224854 10.056844711303711      
190 0.4357447028160095 0.365115761756897 10.06043529510498      
191 -0.07302315533161163 0.3687070608139038 10.02571964263916      
192 -0.4345476031303406 0.35913026332855225 10.013748168945312      
193 0.27892449498176575 0.33758243918418884 10.022128105163574      
194 0.40701428055763245 0.35075053572654724 10.02691650390625      
195 -0.35434186458587646 0.39145198464393616 10.093954086303711      
196 -0.1843535304069519 0.39145198464393616 10.0580415725708      
197 0.45250412821769714 0.3627215623855591 10.040084838867188      
198 -0.22864626348018646 0.3519476354122162 10.047266960144043      
199 -0.4141969084739685 0.3579331636428833 10.011354446411133      
200 0.35673606395721436 0.34596213698387146 10.036493301391602      
201 -0.11611878126859665 0.3627215623855591 10.043676376342773      
202 -0.5015852451324463 0.3734954595565796 10.041281700134277      
203 0.22505496442317963 0.34596213698387146 10.020931243896484      
204 0.3758896589279175 0.35673606395721436 10.018536567687988      
205 -0.33518823981285095 0.39145198464393616 10.08437728881836      
206 0.04908113554120064 0.39145198464393616 10.068815231323242      
207 0.6512228846549988 0.35913026332855225 10.053253173828125      
208 -0.3447650372982025 0.35434186458587646 10.014945983886719      
209 -0.2825157940387726 0.3471592366695404 10.016142845153809      
210 0.3555389642715454 0.3519476354122162 10.035296440124512      
211 0.1280897855758667 0.365115761756897 10.046070098876953      
212 -0.4141969084739685 0.38905778527259827 10.089165687561035      
213 0.11971008777618408 0.3734954595565796 10.029311180114746      
214 0.5027823448181152 0.3531447649002075 10.02452278137207      
215 -0.2992752194404602 0.363918662071228 10.044873237609863      
216 0.011971008032560349 0.37828385829925537 10.056844711303711      
217 0.5841852426528931 0.3687070608139038 10.068815231323242      
218 -0.33518823981285095 0.36990416049957275 10.032901763916016      
219 -0.3315969407558441 0.34356793761253357 10.002974510192871      
220 0.424970805644989 0.33997663855552673 10.008959770202637      
221 0.13407529890537262 0.35434186458587646 10.010157585144043      
222 -0.3974374830722809 0.3866635859012604 10.067618370056152      
223 0.18555063009262085 0.3687070608139038 10.06043529510498      
224 0.5578489899635315 0.34596213698387146 10.05923843383789      
225 -0.36750996112823486 0.3603273630142212 10.034099578857422      
226 -0.031124621629714966 0.36990416049957275 10.031704902648926      
227 0.5219359993934631 0.35913026332855225 10.050858497619629      
228 -0.4010287821292877 0.3794809579849243 10.043676376342773      
229 -0.2669534981250763 0.3519476354122162 10.036493301391602      
230 0.40222588181495667 0.3411737382411957 10.02691650390625      
231 -0.020350715145468712 0.35075053572654724 10.049661636352539      
232 -0.4010287821292877 0.3663128614425659 10.056844711303711      
233 0.07661445438861847 0.3818751573562622 10.042478561401367      
234 0.4429273009300232 0.3519476354122162 10.040084838867188      
235 0.0011971008498221636 0.3579331636428833 10.02691650390625      
236 0.5027823448181152 0.35075053572654724 10.02452278137207      
237 -0.27054479718208313 0.37828385829925537 10.062829971313477      
238 -0.3292027413845062 0.3794809579849243 10.049661636352539      
239 0.3232172429561615 0.3627215623855591 10.040084838867188      
240 -0.06464344263076782 0.35913026332855225 10.043676376342773      
241 -0.4321534037590027 0.37229835987091064 10.05923843383789      
242 0.23822307586669922 0.3663128614425659 10.071209907531738      
243 0.24420857429504395 0.3603273630142212 10.019734382629395      
244 -0.4596867263317108 0.3878606855869293 10.050858497619629      
245 -0.05386953800916672 0.3603273630142212 10.032901763916016      
246 0.5063736438751221 0.33997663855552673 10.000580787658691      
247 -0.19871874153614044 0.3603273630142212 10.018536567687988      
248 -0.3663128614425659 0.3818751573562622 10.06043529510498      
249 0.40940847992897034 0.36750996112823486 10.041281700134277      
250 -0.02992752194404602 0.363918662071228 10.02571964263916      
251 -0.4908113479614258 0.3531447649002075 10.010157585144043      
252 0.20470423996448517 0.3423708379268646 10.031704902648926      
253 0.26336219906806946 0.35434186458587646 10.036493301391602      
254 -0.456095427274704 0.3902548849582672 10.070012092590332      
255 -0.10654197633266449 0.37229835987091064 10.066421508789062      
256 0.5195417404174805 0.35434186458587646 10.035296440124512      
257 -0.047884032130241394 0.3627215623855591 10.064026832580566      
258 -0.2992752194404602 0.38307225704193115 10.068815231323242      
259 0.4752490520477295 0.37469255924224854 10.073603630065918      
260 -0.090979665517807 0.37828385829925537 10.041281700134277      
261 -0.4944026470184326 0.3734954595565796 10.022128105163574      
262 0.24779987335205078 0.35913026332855225 10.047266960144043      
263 0.3866635859012604 0.3627215623855591 10.036493301391602      
264 -0.3555389642715454 0.3878606855869293 10.077195167541504      
265 0.017956512048840523 0.38067805767059326 10.04846477508545      
266 0.6021417379379272 0.3579331636428833 10.037690162658691      
267 -0.1173158809542656 0.3603273630142212 10.036493301391602      
268 -0.28969839215278625 0.37229835987091064 10.038887977600098      
269 0.39863458275794983 0.38546648621559143 10.08318042755127      
270 0.047884032130241394 0.37828385829925537 10.073603630065918      
271 -0.42018240690231323 0.395043283700943 10.08437728881836      
272 0.21188685297966003 0.36990416049957275 10.042478561401367      
273 0.46327802538871765 0.3603273630142212 10.030508041381836      
274 -0.33039984107017517 0.3818751573562622 10.067618370056152      
275 0.1149216815829277 0.39145198464393616 10.105925559997559      
276 0.6428431272506714 0.36750996112823486 10.078392028808594      
277 -0.3711012601852417 0.3770867586135864 10.012551307678223      
278 -0.23343466222286224 0.34596213698387146 10.018536567687988      
279 0.49320554733276367 0.3387795388698578 10.02452278137207      
280 0.15921440720558167 0.35673606395721436 10.046070098876953      
281 -0.33758243918418884 0.3902548849582672 10.096348762512207      
282 0.20949265360832214 0.3758896589279175 10.055646896362305      
283 0.5398924946784973 0.35913026332855225 10.050858497619629      
284 -0.3447650372982025 0.3663128614425659 10.042478561401367      
285 -0.047884032130241394 0.3758896589279175 10.052056312561035      
286 0.5841852426528931 0.3555389642715454 10.053253173828125      
287 -0.3687070608139038 0.3758896589279175 10.040084838867188      
288 -0.2849099934101105 0.3471592366695404 10.031704902648926      
289 0.40462008118629456 0.3363853394985199 10.014945983886719      
290 0.14245499670505524 0.3471592366695404 10.010157585144043      
291 -0.4596867263317108 0.365115761756897 10.042478561401367      
292 0.13168109953403473 0.35673606395721436 10.031704902648926      
293 0.5195417404174805 0.34835633635520935 10.031704902648926      
294 -0.45848962664604187 0.3687070608139038 10.023324966430664      
295 -0.07781155407428741 0.36152446269989014 10.020931243896484      
296 0.50876784324646 0.3471592366695404 10.02811336517334      
297 -0.304063618183136 0.3758896589279175 10.068815231323242      
298 -0.31124621629714966 0.37229835987091064 10.037690162658691      
299 0.32680854201316833 0.35673606395721436 10.014945983886719      
300 -0.4345476031303406 0.37469255924224854 10.065223693847656      
301 0.19632454216480255 0.3711012601852417 10.05923843383789      
302 0.5901707410812378 0.36152446269989014 10.066421508789062      
303 -0.39624038338661194 0.3818751573562622 10.047266960144043      
304 -0.04429273307323456 0.34835633635520935 10.023324966430664      
305 0.4728548228740692 0.3471592366695404 10.005369186401367      
306 -0.19153612852096558 0.3758896589279175 10.032901763916016      
307 -0.3555389642715454 0.3878606855869293 10.070012092590332      
308 0.3711012601852417 0.35434186458587646 10.007762908935547      
309 -0.07661445438861847 0.3471592366695404 10.010157585144043      
310 -0.49320554733276367 0.35913026332855225 10.016142845153809      
311 0.24899697303771973 0.35913026332855225 10.042478561401367      
312 0.30885201692581177 0.35913026332855225 10.042478561401367      
313 -0.5291185975074768 0.3818751573562622 10.055646896362305      
314 -0.0802057534456253 0.365115761756897 10.038887977600098      
315 0.5183446407318115 0.35434186458587646 10.02811336517334      
316 -0.10295066982507706 0.36990416049957275 10.054450035095215      
317 -0.33039984107017517 0.395043283700943 10.095151901245117      
318 0.44532153010368347 0.3770867586135864 10.078392028808594      
319 -0.07900865375995636 0.36750996112823486 10.020931243896484      
320 -0.47405192255973816 0.36750996112823486 10.002974510192871      
321 0.31124621629714966 0.3555389642715454 10.046070098876953      
322 0.38905778527259827 0.3711012601852417 10.05923843383789      
323 -0.39384618401527405 0.39863458275794983 10.087968826293945      
324 0.08738835901021957 0.38905778527259827 10.072406768798828      
325 0.6619967818260193 0.36990416049957275 10.074800491333008      
326 -0.15682020783424377 0.3663128614425659 10.072406768798828      
327 -0.3663128614425659 0.3687070608139038 10.061633110046387      
328 0.4273650050163269 0.35673606395721436 10.066421508789062      
329 -0.07182604819536209 0.36750996112823486 10.047266960144043      
330 -0.5374982953071594 0.3758896589279175 10.036493301391602      
331 0.11133038252592087 0.3495534360408783 9.986215591430664      
332 0.43335050344467163 0.34356793761253357 10.002974510192871      
333 -0.3363853394985199 0.37229835987091064 10.062829971313477      
334 -0.004788403399288654 0.3866635859012604 10.04846477508545      
335 0.6200982332229614 0.365115761756897 10.053253173828125      
336 -0.3363853394985199 0.36990416049957275 10.013748168945312      
337 -0.2322375625371933 0.3423708379268646 10.010157585144043      
338 0.42018240690231323 0.3423708379268646 10.032901763916016      
339 0.1388636976480484 0.365115761756897 10.040084838867188      
340 -0.4321534037590027 0.3902548849582672 10.068815231323242      
341 0.22625206410884857 0.3818751573562622 10.073603630065918      
342 0.5147533416748047 0.365115761756897 10.052056312561035      
343 -0.23822307586669922 0.3579331636428833 10.020931243896484      
344 0.026336219161748886 0.3794809579849243 10.053253173828125      
345 0.5602431893348694 0.3711012601852417 10.061633110046387      
346 -0.44771572947502136 0.38067805767059326 10.02571964263916      
347 -0.33279404044151306 0.3423708379268646 9.996989250183105      
348 0.45010992884635925 0.333991140127182 10.001777648925781      
349 -0.12689268589019775 0.36750996112823486 10.044873237609863      
350 -0.424970805644989 0.3818751573562622 10.052056312561035      
351 0.1472434103488922 0.363918662071228 10.047266960144043      
352 0.45489832758903503 0.34596213698387146 10.029311180114746      
353 -0.4728548228740692 0.35913026332855225 9.995792388916016      
354 -0.020350715145468712 0.35434186458587646 10.032901763916016      
355 0.5650315880775452 0.3555389642715454 10.065223693847656      
356 -0.32202014327049255 0.38905778527259827 10.08078670501709      
357 -0.2537853717803955 0.36990416049957275 10.041281700134277      
358 0.3770867586135864 0.3519476354122162 10.023324966430664      
359 0.004788403399288654 0.35673606395721436 10.042478561401367      
360 -0.38067805767059326 0.3758896589279175 10.0580415725708      
361 0.16519992053508759 0.3687070608139038 10.042478561401367      
362 0.5566518902778625 0.34835633635520935 10.047266960144043      
363 -0.41778820753097534 0.3687070608139038 10.032901763916016      
364 -0.05386953800916672 0.363918662071228 10.038887977600098      
365 0.5099649429321289 0.3579331636428833 10.02691650390625      
366 -0.29209262132644653 0.3711012601852417 10.036493301391602      
367 -0.3471592366695404 0.3663128614425659 10.042478561401367      
368 0.34356793761253357 0.3519476354122162 10.013748168945312      
369 -0.4728548228740692 0.36152446269989014 10.02691650390625      
370 -0.4728548228740692 0.36152446269989014 10.02691650390625      
371 0.24420857429504395 0.3687070608139038 10.047266960144043      
372 -0.5327098965644836 0.3794809579849243 10.035296440124512      
373 -0.06464344263076782 0.3447650372982025 10.036493301391602      
374 0.46088382601737976 0.3292027413845062 10.004171371459961      
375 -0.2944868206977844 0.3663128614425659 10.011354446411133      
376 -0.33758243918418884 0.38546648621559143 10.052056312561035      
377 0.42856210470199585 0.3603273630142212 10.042478561401367      
378 0.035913024097681046 0.3603273630142212 10.04846477508545      
379 -0.4141969084739685 0.3579331636428833 10.004171371459961      
380 0.2106897532939911 0.3531447649002075 10.029311180114746      
381 0.3076549172401428 0.3627215623855591 10.06043529510498      
382 -0.3579331636428833 0.3818751573562622 10.071209907531738      
383 -0.04429273307323456 0.3734954595565796 10.075998306274414      
384 0.4800374507904053 0.3519476354122162 10.017339706420898      
385 -0.1604115068912506 0.363918662071228 10.047266960144043      
386 -0.3280056416988373 0.3770867586135864 10.050858497619629      
387 0.46088382601737976 0.3687070608139038 10.071209907531738      
388 0.0035913025494664907 0.3711012601852417 10.043676376342773      
389 -0.5039794445037842 0.36152446269989014 10.036493301391602      
390 0.12449848651885986 0.33279404044151306 9.999382972717285      
391 0.32441434264183044 0.3411737382411957 10.019734382629395      
392 -0.4129997789859772 0.38546648621559143 10.056844711303711      
393 0.04189852997660637 0.3627215623855591 10.030508041381836      
394 0.4692635238170624 0.35673606395721436 10.02452278137207      
395 -0.28969839215278625 0.36750996112823486 10.043676376342773      
396 -0.32202014327049255 0.3579331636428833 9.999382972717285      
397 0.45010992884635925 0.35075053572654724 10.049661636352539      
398 -0.004788403399288654 0.3734954595565796 10.072406768798828      
399 -0.47644615173339844 0.38307225704193115 10.049661636352539      
400 0.1280897855758667 0.36152446269989014 10.004171371459961      
401 0.43095630407333374 0.3387795388698578 10.012551307678223      
402 -0.35913026332855225 0.36152446269989014 10.036493301391602      
403 0.0071826050989329815 0.3758896589279175 10.043676376342773      
404 0.6619967818260193 0.36750996112823486 10.061633110046387      
405 -0.25258827209472656 0.3794809579849243 10.034099578857422      
406 -0.18914192914962769 0.363918662071228 10.043676376342773      
407 0.5758054852485657 0.36152446269989014 10.064026832580566      
408 0.15921440720558167 0.3770867586135864 10.061633110046387      
409 -0.36990416049957275 0.4010287821292877 10.102334022521973      
410 0.21547815203666687 0.365115761756897 10.034099578857422      
411 0.5063736438751221 0.35075053572654724 10.036493301391602      
412 -0.3196259140968323 0.35673606395721436 10.034099578857422      
413 0.017956512048840523 0.37229835987091064 10.066421508789062      
414 0.629675030708313 0.3734954595565796 10.072406768798828      
415 -0.3315969407558441 0.39384618401527405 10.056844711303711      
416 -0.21188685297966003 0.3627215623855591 10.042478561401367      
417 0.50876784324646 0.3495534360408783 10.044873237609863      
418 0.1759738177061081 0.36152446269989014 10.02691650390625      
419 -0.40940847992897034 0.3878606855869293 10.064026832580566      
420 0.1388636976480484 0.37229835987091064 10.04846477508545      
421 -0.3519476354122162 0.3555389642715454 10.018536567687988      
422 0.035913024097681046 0.363918662071228 10.042478561401367      
423 0.6093243360519409 0.363918662071228 10.08198356628418      
424 0.6093243360519409 0.363918662071228 10.08198356628418      
425 -0.2908954918384552 0.3687070608139038 10.047266960144043      
426 -0.2908954918384552 0.3687070608139038 10.047266960144043      
427 -0.05506663769483566 0.3663128614425659 10.064026832580566      
428 -0.4381389021873474 0.38546648621559143 10.054450035095215      
429 0.20470423996448517 0.3711012601852417 10.040084838867188      
430 0.5793967843055725 0.35673606395721436 10.049661636352539      
431 -0.39145198464393616 0.3663128614425659 10.020931243896484      
432 -0.004788403399288654 0.3471592366695404 10.02691650390625      
433 0.4800374507904053 0.34356793761253357 10.02452278137207      
434 -0.22505496442317963 0.37229835987091064 10.05923843383789      
435 -0.2908954918384552 0.3758896589279175 10.068815231323242      
436 0.36152446269989014 0.3495534360408783 10.023324966430664      
437 -0.02274491637945175 0.3555389642715454 10.040084838867188      
438 -0.41778820753097534 0.3627215623855591 10.05923843383789      
439 0.2454056739807129 0.36990416049957275 10.075998306274414      
440 0.47405192255973816 0.3555389642715454 10.042478561401367      
441 -0.4704606235027313 0.3794809579849243 10.038887977600098      
442 -0.1628057211637497 0.365115761756897 10.030508041381836      
443 0.48961424827575684 0.35434186458587646 10.023324966430664      
444 -0.12689268589019775 0.3663128614425659 10.031704902648926      
445 -0.2885012924671173 0.3866635859012604 10.061633110046387      
446 0.41539400815963745 0.37229835987091064 10.052056312561035      
447 -0.015562310814857483 0.363918662071228 10.053253173828125      
448 -0.5051765441894531 0.3579331636428833 10.013748168945312      
449 0.26336219906806946 0.3579331636428833 10.042478561401367      
450 0.29568392038345337 0.363918662071228 10.053253173828125      
451 -0.5291185975074768 0.39384618401527405 10.074800491333008      
452 -0.1173158809542656 0.36990416049957275 10.04846477508545      
453 0.5386953949928284 0.3519476354122162 10.037690162658691      
454 -0.12330138683319092 0.3555389642715454 10.047266960144043      
455 -0.3519476354122162 0.35913026332855225 10.022128105163574      
456 0.3770867586135864 0.35075053572654724 10.04846477508545      
457 -0.1280897855758667 0.3627215623855591 10.02691650390625      
458 -0.5937620401382446 0.34596213698387146 10.001777648925781      
459 0.0694318488240242 0.3172317147254944 9.973047256469727      
460 0.4058171808719635 0.3208230137825012 9.999382972717285      
461 -0.3866635859012604 0.37229835987091064 10.06043529510498      
462 0.0035913025494664907 0.38067805767059326 10.049661636352539      
463 0.5674257874488831 0.3627215623855591 10.055646896362305      
464 -0.2669534981250763 0.35434186458587646 10.022128105163574      
465 -0.35913026332855225 0.3579331636428833 10.005369186401367      
466 0.3519476354122162 0.34596213698387146 10.041281700134277      
467 -0.02753331884741783 0.3603273630142212 10.040084838867188      
468 -0.47884035110473633 0.3866635859012604 10.072406768798828      
469 0.23343466222286224 0.34835633635520935 10.02691650390625      
470 0.4165911078453064 0.34835633635520935 10.010157585144043      
471 -0.3531447649002075 0.3627215623855591 10.046070098876953      
472 0.040701430290937424 0.37828385829925537 10.050858497619629      
473 0.6440402865409851 0.3687070608139038 10.064026832580566      
474 -0.2968810200691223 0.3734954595565796 10.013748168945312      
475 -0.03711012750864029 0.35434186458587646 10.040084838867188      
476 0.4381389021873474 0.35075053572654724 10.038887977600098      
477 0.09696517139673233 0.37229835987091064 10.046070098876953      
478 -0.4118026793003082 0.3926490843296051 10.078392028808594      
479 0.1412578970193863 0.3627215623855591 10.040084838867188      
480 0.4967968463897705 0.35673606395721436 10.019734382629395      
481 -0.2932897210121155 0.3627215623855591 10.042478561401367      
482 -0.05147533491253853 0.3878606855869293 10.05923843383789      
483 0.5901707410812378 0.36990416049957275 10.075998306274414      
484 -0.4357447028160095 0.3794809579849243 10.02571964263916      
485 0.3974374830722809 0.33997663855552673 10.016142845153809      
486 0.23822307586669922 0.35434186458587646 10.007762908935547      
487 -0.36990416049957275 0.38067805767059326 10.0580415725708      
488 0.17956513166427612 0.3770867586135864 10.067618370056152      
489 0.5841852426528931 0.3627215623855591 10.070012092590332      
490 -0.38546648621559143 0.3711012601852417 10.02811336517334      
491 -0.013168109580874443 0.3603273630142212 10.018536567687988      
492 0.5650315880775452 0.3531447649002075 10.043676376342773      
493 -0.26096799969673157 0.38546648621559143 10.070012092590332      
494 -0.3196259140968323 0.38067805767059326 10.052056312561035      
495 0.3974374830722809 0.3471592366695404 10.020931243896484      
496 -0.038307227194309235 0.3519476354122162 10.037690162658691      
497 -0.5351040959358215 0.365115761756897 10.042478561401367      
498 0.2059013396501541 0.363918662071228 10.02571964263916      
499 0.4728548228740692 0.35673606395721436 10.053253173828125      
500 -0.5159504413604736 0.37828385829925537 10.02452278137207      
501 -0.019153613597154617 0.3387795388698578 10.011354446411133      
502 0.5781996846199036 0.3387795388698578 10.02811336517334      
503 -0.20470423996448517 0.363918662071228 10.047266960144043      
504 -0.3256114423274994 0.3818751573562622 10.077195167541504      
505 0.32680854201316833 0.35673606395721436 10.029311180114746      
506 0.017956512048840523 0.34835633635520935 10.042478561401367      
507 -0.4129997789859772 0.3687070608139038 10.04846477508545      
508 0.27892449498176575 0.365115761756897 10.053253173828125      
509 0.5015852451324463 0.35673606395721436 10.0580415725708      
510 -0.4465186297893524 0.38307225704193115 10.04846477508545      
511 -0.10175357013940811 0.35075053572654724 10.030508041381836      
512 0.42377370595932007 0.3411737382411957 9.998186111450195      
513 -0.2059013396501541 0.35434186458587646 10.018536567687988      
514 -0.32680854201316833 0.3770867586135864 10.071209907531738      
515 0.42616790533065796 0.365115761756897 10.064026832580566      
516 -0.002394201699644327 0.35913026332855225 10.047266960144043      
517 -0.5003881454467773 0.3603273630142212 10.012551307678223      
518 0.28969839215278625 0.363918662071228 10.074800491333008      
519 0.2908954918384552 0.3711012601852417 10.055646896362305      
520 -0.4321534037590027 0.3866635859012604 10.070012092590332      
521 0.14365209639072418 0.35913026332855225 10.035296440124512      
522 0.424970805644989 0.3531447649002075 10.012551307678223      
523 -0.1867477297782898 0.365115761756897 10.0580415725708      
524 -0.3232172429561615 0.37828385829925537 10.075998306274414      
525 0.4620809257030487 0.3627215623855591 10.067618370056152      
526 0.0071826050989329815 0.3687070608139038 10.053253173828125      
527 -0.4381389021873474 0.36990416049957275 10.04846477508545      
528 0.26096799969673157 0.34596213698387146 10.047266960144043      
529 0.3447650372982025 0.3519476354122162 10.032901763916016      
530 -0.40701428055763245 0.37828385829925537 10.044873237609863      
531 0.06224924325942993 0.36990416049957275 10.036493301391602      
532 0.5626373887062073 0.3495534360408783 10.036493301391602      
533 -0.11013327538967133 0.3603273630142212 10.050858497619629      
534 -0.16879121959209442 0.3603273630142212 10.036493301391602      
535 0.4572925269603729 0.36750996112823486 10.077195167541504      
536 -0.009576806798577309 0.37469255924224854 10.070012092590332      
537 -0.47884035110473633 0.36750996112823486 10.016142845153809      
538 0.181959331035614 0.34356793761253357 10.006566047668457      
539 -0.40462008118629456 0.37229835987091064 10.052056312561035      
540 0.0071826050989329815 0.3818751573562622 10.054450035095215      
541 0.5949591398239136 0.36750996112823486 10.061633110046387      
542 -0.26815059781074524 0.36750996112823486 10.030508041381836      
543 -0.16519992053508759 0.3555389642715454 10.035296440124512      
544 0.547075092792511 0.35434186458587646 10.043676376342773      
545 0.06584054976701736 0.3603273630142212 10.034099578857422      
546 -0.4345476031303406 0.38307225704193115 10.05923843383789      
547 0.15442600846290588 0.3555389642715454 10.014945983886719      
548 0.4692635238170624 0.35673606395721436 10.02691650390625      
549 -0.29209262132644653 0.365115761756897 10.0580415725708      
550 -0.011971008032560349 0.3734954595565796 10.052056312561035      
551 0.6200982332229614 0.365115761756897 10.064026832580566      
552 -0.30286651849746704 0.3878606855869293 10.0580415725708      
553 -0.181959331035614 0.3519476354122162 10.030508041381836      
554 0.4776432514190674 0.33039984107017517 10.016142845153809      
555 0.1759738177061081 0.34835633635520935 10.018536567687988      
556 -0.4273650050163269 0.3794809579849243 10.050858497619629      
557 0.1412578970193863 0.363918662071228 10.046070098876953      
558 0.5506663918495178 0.3495534360408783 10.047266960144043      
559 -0.333991140127182 0.3579331636428833 10.022128105163574      
560 0.009576806798577309 0.3663128614425659 10.047266960144043      
561 0.5758054852485657 0.35913026332855225 10.0580415725708      
562 -0.456095427274704 0.37469255924224854 10.02571964263916      
563 -0.3531447649002075 0.3519476354122162 10.023324966430664      
564 0.4010287821292877 0.3411737382411957 10.023324966430664      
565 -0.05027823522686958 0.3519476354122162 10.046070098876953      
566 -0.4812345504760742 0.36750996112823486 10.054450035095215      
567 0.19273324310779572 0.3687070608139038 10.049661636352539      
568 -0.39145198464393616 0.37229835987091064 10.017339706420898      
569 -0.39145198464393616 0.37229835987091064 10.017339706420898      
570 0.5506663918495178 0.35913026332855225 10.040084838867188      
571 -0.20350714027881622 0.3842693865299225 10.068815231323242      
572 -0.30885201692581177 0.3866635859012604 10.078392028808594      
573 0.4129997789859772 0.3603273630142212 10.040084838867188      
574 -0.040701430290937424 0.3519476354122162 10.030508041381836      
575 -0.5063736438751221 0.365115761756897 10.030508041381836      
576 0.21188685297966003 0.36750996112823486 10.070012092590332      
577 0.23702596127986908 0.3627215623855591 10.030508041381836      
578 -0.47884035110473633 0.38307225704193115 10.056844711303711      
579 -0.0347159244120121 0.35434186458587646 10.038887977600098      
580 0.4165911078453064 0.3447650372982025 9.989806175231934      
581 -0.20949265360832214 0.3519476354122162 10.013748168945312      
582 -0.32202014327049255 0.37469255924224854 10.064026832580566      
583 0.40462008118629456 0.3555389642715454 10.040084838867188      
584 0.019153613597154617 0.3531447649002075 10.043676376342773      
585 -0.43095630407333374 0.3603273630142212 10.017339706420898      
586 0.25498247146606445 0.3603273630142212 10.047266960144043      
587 0.38307225704193115 0.3627215623855591 10.02571964263916      
588 -0.4141969084739685 0.38546648621559143 10.065223693847656      
589 0.07541735470294952 0.35913026332855225 10.019734382629395      
590 0.4812345504760742 0.3471592366695404 10.018536567687988      
591 -0.16879121959209442 0.3555389642715454 10.04846477508545      
592 -0.33758243918418884 0.3663128614425659 10.038887977600098      
593 0.40940847992897034 0.36152446269989014 10.066421508789062      
594 -0.02992752194404602 0.363918662071228 10.053253173828125      
595 -0.4692635238170624 0.36990416049957275 10.042478561401367      
596 0.23104046285152435 0.3531447649002075 10.041281700134277      
597 0.48482584953308105 0.3387795388698578 10.044873237609863      
598 -0.3627215623855591 0.35913026332855225 10.017339706420898      
599 -0.016759412363171577 0.3711012601852417 10.022128105163574      
600 0.5734112858772278 0.36750996112823486 10.054450035095215      
601 -0.2082955539226532 0.3627215623855591 10.02691650390625      
602 -0.0011971008498221636 0.36750996112823486 10.029311180114746      
603 0.45010992884635925 0.3687070608139038 10.062829971313477      
604 0.07781155407428741 0.3866635859012604 10.068815231323242      
605 -0.37469255924224854 0.3926490843296051 10.090363502502441      
606 0.24181437492370605 0.3627215623855591 10.052056312561035      
607 0.42856210470199585 0.3627215623855591 10.029311180114746      
608 -0.3016694188117981 0.37229835987091064 10.070012092590332      
609 -0.013168109580874443 0.3842693865299225 10.054450035095215      
610 0.6105214357376099 0.3579331636428833 10.056844711303711      
611 -0.3555389642715454 0.37469255924224854 10.031704902648926      
612 -0.22505496442317963 0.3531447649002075 10.046070098876953      
613 0.42377370595932007 0.34596213698387146 10.030508041381836      
614 0.009576806798577309 0.3758896589279175 10.037690162658691      
615 -0.4752490520477295 0.39145198464393616 10.068815231323242      
616 0.1604115068912506 0.3687070608139038 10.052056312561035      
617 0.48961424827575684 0.35673606395721436 10.022128105163574      
618 -0.3734954595565796 0.35913026332855225 10.014945983886719      
619 -0.019153613597154617 0.37469255924224854 10.044873237609863      
620 0.6093243360519409 0.3687070608139038 10.070012092590332      
621 -0.36152446269989014 0.3794809579849243 10.042478561401367      
622 -0.27892449498176575 0.3555389642715454 10.013748168945312      
623 -0.08738835901021957 0.363918662071228 10.038887977600098      
624 -0.42616790533065796 0.3842693865299225 10.056844711303711      
625 0.24420857429504395 0.36152446269989014 10.02811336517334      
626 0.5770025849342346 0.3555389642715454 10.050858497619629      
627 -0.3531447649002075 0.3818751573562622 10.036493301391602      
628 0.014365210197865963 0.3711012601852417 10.02691650390625      
629 0.5410895943641663 0.35673606395721436 10.032901763916016      
630 -0.28730419278144836 0.3794809579849243 10.042478561401367      
631 -0.3064578175544739 0.37828385829925537 10.036493301391602      
632 0.3734954595565796 0.3471592366695404 10.020931243896484      
633 -0.07062894850969315 0.3531447649002075 10.042478561401367      
634 -0.5027823448181152 0.365115761756897 10.037690162658691      
635 0.23702596127986908 0.36152446269989014 10.035296440124512      
636 0.4704606235027313 0.35913026332855225 10.047266960144043      
637 -0.456095427274704 0.3758896589279175 10.031704902648926      
638 -0.05506663769483566 0.3495534360408783 10.019734382629395      
639 0.4884171485900879 0.3423708379268646 10.018536567687988      
640 -0.23702596127986908 0.3687070608139038 10.032901763916016      
641 -0.3172317147254944 0.37828385829925537 10.05923843383789      
642 0.41539400815963745 0.3555389642715454 10.035296440124512      
643 -0.016759412363171577 0.35075053572654724 10.020931243896484      
644 -0.4704606235027313 0.34596213698387146 10.002974510192871      
645 0.23702596127986908 0.34835633635520935 10.046070098876953      
646 0.26096799969673157 0.3579331636428833 10.044873237609863      
647 -0.5003881454467773 0.3734954595565796 10.04846477508545      
648 0.21667525172233582 0.35075053572654724 10.02452278137207      
649 0.4668693244457245 0.35434186458587646 10.020931243896484      
650 -0.14245499670505524 0.3711012601852417 10.05923843383789      
651 -0.20949265360832214 0.3926490843296051 10.08318042755127      
652 0.5231330990791321 0.3818751573562622 10.098742485046387      
653 0.0035913025494664907 0.3794809579849243 10.067618370056152      
654 -0.44412440061569214 0.36750996112823486 10.02691650390625      
655 0.2932897210121155 0.35673606395721436 10.046070098876953      
656 0.34356793761253357 0.3687070608139038 10.049661636352539      
657 -0.4800374507904053 0.38546648621559143 10.0580415725708      
658 0.10773907601833344 0.3555389642715454 10.032901763916016      
659 0.5159504413604736 0.3495534360408783 10.013748168945312      
660 -0.17477671802043915 0.3627215623855591 10.043676376342773      
661 -0.3687070608139038 0.3519476354122162 10.004171371459961      
662 0.39145198464393616 0.35075053572654724 10.053253173828125      
663 -0.028730420395731926 0.36152446269989014 10.050858497619629      
664 -0.5159504413604736 0.38307225704193115 10.0580415725708      
665 0.20470423996448517 0.35075053572654724 10.031704902648926      
666 0.3998316824436188 0.34835633635520935 10.014945983886719      
667 -0.365115761756897 0.35913026332855225 10.044873237609863      
668 -0.020350715145468712 0.37469255924224854 10.043676376342773      
669 0.5949591398239136 0.3627215623855591 10.050858497619629      
670 -0.28969839215278625 0.35913026332855225 10.006566047668457      
671 -0.1843535304069519 0.35075053572654724 10.019734382629395      
672 0.3926490843296051 0.35913026332855225 10.043676376342773      
673 0.03950432687997818 0.3711012601852417 10.02811336517334      
674 -0.4812345504760742 0.3794809579849243 10.066421508789062      
675 0.17836803197860718 0.34596213698387146 10.020931243896484      
676 0.4345476031303406 0.3471592366695404 10.020931243896484      
677 -0.33518823981285095 0.36152446269989014 10.049661636352539      
678 -0.002394201699644327 0.38067805767059326 10.074800491333008      
679 0.6129156351089478 0.3519476354122162 10.0580415725708      
680 -0.3770867586135864 0.3842693865299225 10.02691650390625      
681 -0.2214636504650116 0.3663128614425659 10.04846477508545      
682 -0.11133038252592087 0.37229835987091064 10.042478561401367      
683 -0.44412440061569214 0.3974374830722809 10.071209907531738      
684 0.09816227108240128 0.3794809579849243 10.050858497619629      
685 0.5710170865058899 0.3495534360408783 10.032901763916016      
686 -0.35434186458587646 0.3603273630142212 10.022128105163574      
687 0.023942016065120697 0.365115761756897 10.041281700134277      
688 0.568622887134552 0.36152446269989014 10.04846477508545      
689 -0.41539400815963745 0.3818751573562622 10.054450035095215      
690 -0.2561795711517334 0.35913026332855225 10.036493301391602      
691 0.4034229815006256 0.3531447649002075 10.02452278137207      
692 -0.11611878126859665 0.36990416049957275 10.040084838867188      
693 -0.45250412821769714 0.38307225704193115 10.0580415725708      
694 0.243011474609375 0.363918662071228 10.041281700134277      
695 0.5123591423034668 0.3579331636428833 10.05923843383789      
696 -0.5171475410461426 0.3734954595565796 10.022128105163574      
697 -0.07661445438861847 0.3471592366695404 10.018536567687988      
698 0.5219359993934631 0.33518823981285095 10.029311180114746      
699 -0.2992752194404602 0.3687070608139038 10.040084838867188      
700 -0.29209262132644653 0.3687070608139038 10.049661636352539      
701 0.37828385829925537 0.35075053572654724 10.022128105163574      
702 -0.014365210197865963 0.363918662071228 10.050858497619629      
703 -0.45848962664604187 0.38905778527259827 10.075998306274414      
704 0.3172317147254944 0.3758896589279175 10.08078670501709      
705 0.29568392038345337 0.3627215623855591 10.030508041381836      
706 -0.40940847992897034 0.3770867586135864 10.0580415725708      
707 -0.015562310814857483 0.3555389642715454 10.049661636352539      
708 0.4967968463897705 0.35913026332855225 10.012551307678223      
709 -0.18315643072128296 0.3818751573562622 10.04846477508545      
710 -0.2537853717803955 0.39145198464393616 10.074800491333008      
711 0.4357447028160095 0.363918662071228 10.056844711303711      
712 -0.04908113554120064 0.3627215623855591 10.038887977600098      
713 -0.47884035110473633 0.35913026332855225 10.013748168945312      
714 0.23942017555236816 0.3519476354122162 10.043676376342773      
715 0.30526071786880493 0.36152446269989014 10.049661636352539      
716 -0.39863458275794983 0.38546648621559143 10.070012092590332      
717 -0.07781155407428741 0.3711012601852417 10.070012092590332      
718 0.49559974670410156 0.35075053572654724 10.02571964263916      
719 -0.09935937076807022 0.3663128614425659 10.064026832580566      
720 -0.30526071786880493 0.38067805767059326 10.066421508789062      
721 0.37229835987091064 0.365115761756897 10.06043529510498      
722 -0.07182604819536209 0.3555389642715454 10.043676376342773      
723 -0.49320554733276367 0.3770867586135864 10.043676376342773      
724 0.1867477297782898 0.35913026332855225 10.034099578857422      
725 0.33997663855552673 0.3579331636428833 10.032901763916016      
726 -0.3902548849582672 0.3734954595565796 10.065223693847656      
727 0.0694318488240242 0.365115761756897 10.050858497619629      
728 0.586579442024231 0.36152446269989014 10.054450035095215      
729 -0.24181437492370605 0.3663128614425659 10.052056312561035      
730 -0.39145198464393616 0.35434186458587646 10.006566047668457      
731 0.40701428055763245 0.35913026332855225 10.065223693847656      
732 0.011971008032560349 0.37469255924224854 10.067618370056152      
733 -0.43095630407333374 0.39145198464393616 10.08198356628418      
734 0.2106897532939911 0.363918662071228 10.047266960144043      
735 0.37828385829925537 0.3603273630142212 10.032901763916016      
736 -0.37469255924224854 0.3758896589279175 10.068815231323242      
737 0.629675030708313 0.36750996112823486 10.062829971313477      
738 0.629675030708313 0.36750996112823486 10.062829971313477      
739 -0.333991140127182 0.33997663855552673 10.008959770202637      
740 0.365115761756897 0.3447650372982025 10.032901763916016      
741 0.08140286058187485 0.37229835987091064 10.044873237609863      
742 -0.4189853072166443 0.39863458275794983 10.085575103759766      
743 0.16160862147808075 0.36990416049957275 10.043676376342773      
744 0.5159504413604736 0.35913026332855225 10.043676376342773      
745 -0.3758896589279175 0.3663128614425659 10.02691650390625      
746 -0.020350715145468712 0.3818751573562622 10.065223693847656      
747 0.6272808313369751 0.36750996112823486 10.066421508789062      
748 -0.30286651849746704 0.3902548849582672 10.071209907531738      
749 -0.17238251864910126 0.3687070608139038 10.062829971313477      
750 0.4991910457611084 0.35913026332855225 10.055646896362305      
751 0.23702596127986908 0.3770867586135864 10.049661636352539      
752 -0.39863458275794983 0.3878606855869293 10.077195167541504      
753 0.06823474913835526 0.3734954595565796 10.02691650390625      
754 0.5351040959358215 0.34596213698387146 10.035296440124512      
755 -0.3711012601852417 0.3531447649002075 10.041281700134277      
756 -0.06584054976701736 0.3603273630142212 10.031704902648926      
757 0.5602431893348694 0.3495534360408783 10.037690162658691      
758 -0.34835633635520935 0.3711012601852417 10.052056312561035      
759 -0.31603461503982544 0.36750996112823486 10.038887977600098      
760 0.36990416049957275 0.34835633635520935 10.012551307678223      
761 -0.07900865375995636 0.3687070608139038 10.053253173828125      
762 -0.4920084476470947 0.3866635859012604 10.06043529510498      
763 0.14484919607639313 0.3758896589279175 10.066421508789062      
764 0.27653029561042786 0.35434186458587646 10.020931243896484      
765 -0.44173020124435425 0.36750996112823486 10.006566047668457      
766 -0.015562310814857483 0.34835633635520935 10.019734382629395      
767 0.456095427274704 0.3447650372982025 10.02571964263916      
768 -0.26096799969673157 0.3711012601852417 10.037690162658691      
769 -0.29568392038345337 0.3866635859012604 10.070012092590332      
770 0.42018240690231323 0.37828385829925537 10.050858497619629      
771 0.013168109580874443 0.3758896589279175 10.056844711303711      
772 -0.49559974670410156 0.3734954595565796 10.041281700134277      
773 0.2561795711517334 0.36750996112823486 10.065223693847656      
774 0.2693476974964142 0.36990416049957275 10.050858497619629      
775 -0.5135562419891357 0.37828385829925537 10.034099578857422      
776 0.29568392038345337 0.333991140127182 10.032901763916016      
777 0.5339069962501526 0.35673606395721436 10.02571964263916      
778 -0.17836803197860718 0.3842693865299225 10.064026832580566      
779 -0.28969839215278625 0.395043283700943 10.086771965026855      
780 0.32441434264183044 0.3734954595565796 10.061633110046387      
781 -0.12689268589019775 0.36750996112823486 10.043676376342773      
782 -0.45489832758903503 0.3687070608139038 10.035296440124512      
783 0.3148375153541565 0.3603273630142212 10.073603630065918      
784 0.3842693865299225 0.363918662071228 10.053253173828125      
785 -0.4189853072166443 0.40462008118629456 10.095151901245117      
786 0.12689268589019775 0.363918662071228 10.062829971313477      
787 0.5027823448181152 0.3555389642715454 10.037690162658691      
788 -0.1843535304069519 0.35673606395721436 10.055646896362305      
789 -0.3100491166114807 0.37229835987091064 10.056844711303711      
790 0.4225766062736511 0.3687070608139038 10.077195167541504      
791 -0.038307227194309235 0.37469255924224854 10.050858497619629      
792 -0.48722004890441895 0.36990416049957275 10.044873237609863      
793 0.14484919607639313 0.3471592366695404 10.004171371459961      
794 0.39145198464393616 0.3471592366695404 10.017339706420898      
795 -0.3447650372982025 0.38546648621559143 10.097545623779297      
796 0.11133038252592087 0.3818751573562622 10.085575103759766      
797 0.7182605266571045 0.3627215623855591 10.074800491333008      
798 -0.16639702022075653 0.3627215623855591 10.029311180114746      
799 -0.18914192914962769 0.3711012601852417 10.050858497619629      
800 0.42018240690231323 0.36750996112823486 10.065223693847656      
801 0.0011971008498221636 0.3687070608139038 10.036493301391602      
802 -0.4944026470184326 0.3794809579849243 10.061633110046387      
803 0.48722004890441895 0.3411737382411957 10.017339706420898      
804 -0.42018240690231323 0.35434186458587646 10.032901763916016      
805 -0.0454898327589035 0.37828385829925537 10.047266960144043      
806 0.6440402865409851 0.35434186458587646 10.049661636352539      
807 -0.31124621629714966 0.36750996112823486 10.019734382629395      
808 -0.14844051003456116 0.35075053572654724 10.029311180114746      
809 0.5482721924781799 0.3531447649002075 10.044873237609863      
810 0.16759411990642548 0.3770867586135864 10.065223693847656      
811 -0.39624038338661194 0.39384618401527405 10.073603630065918      
812 0.05386953800916672 0.3579331636428833 10.012551307678223      
813 0.43933600187301636 0.3387795388698578 10.019734382629395      
814 -0.3998316824436188 0.35673606395721436 10.032901763916016      
815 -0.031124621629714966 0.36990416049957275 10.050858497619629      
816 0.6344634294509888 0.3519476354122162 10.06043529510498      
817 -0.3818751573562622 0.37229835987091064 10.049661636352539      
818 -0.31364041566848755 0.35673606395721436 10.02571964263916      
819 0.39145198464393616 0.3423708379268646 10.02571964263916      
820 -0.1364694982767105 0.3579331636428833 10.02571964263916      
821 -0.4812345504760742 0.37229835987091064 10.047266960144043      
822 0.11971008777618408 0.3627215623855591 10.036493301391602      
823 0.4884171485900879 0.34835633635520935 10.037690162658691      
824 -0.47884035110473633 0.35913026332855225 10.012551307678223      
825 -0.02513911761343479 0.35075053572654724 10.02691650390625      
826 0.5267243981361389 0.3471592366695404 10.035296440124512      
827 -0.2346317619085312 0.37469255924224854 10.070012092590332      
828 -0.25737667083740234 0.38546648621559143 10.066421508789062      
829 0.3902548849582672 0.3627215623855591 10.031704902648926      
830 -0.04189852997660637 0.3603273630142212 10.047266960144043      
831 -0.4596867263317108 0.3734954595565796 10.040084838867188      
832 0.1975216418504715 0.36990416049957275 10.023324966430664      
833 0.5710170865058899 0.34835633635520935 10.023324966430664      
834 -0.44532153010368347 0.3711012601852417 10.044873237609863      
835 -0.08858546614646912 0.3531447649002075 10.029311180114746      
836 0.47644615173339844 0.3495534360408783 10.02452278137207      
837 -0.22744916379451752 0.3687070608139038 10.032901763916016      
838 -0.2406172752380371 0.38067805767059326 10.062829971313477      
839 0.4429273009300232 0.3627215623855591 10.052056312561035      
840 -0.1173158809542656 0.36750996112823486 10.047266960144043      
841 -0.5542576909065247 0.35673606395721436 10.016142845153809      
842 0.25258827209472656 0.3471592366695404 10.029311180114746      
843 0.272938996553421 0.363918662071228 10.052056312561035      
844 -0.5781996846199036 0.3818751573562622 10.042478561401367      
845 -0.11971008777618408 0.3555389642715454 10.032901763916016      
846 0.47884035110473633 0.33758243918418884 10.013748168945312      
847 -0.14604631066322327 0.3555389642715454 10.043676376342773      
848 -0.31842881441116333 0.37469255924224854 10.061633110046387      
849 0.44771572947502136 0.363918662071228 10.070012092590332      
850 -0.07900865375995636 0.3711012601852417 10.04846477508545      
851 -0.4944026470184326 0.3687070608139038 10.02571964263916      
852 0.2801215946674347 0.35673606395721436 10.06043529510498      
853 0.35075053572654724 0.365115761756897 10.056844711303711      
854 -0.4213795065879822 0.3878606855869293 10.08078670501709      
855 0.08499415963888168 0.3579331636428833 10.047266960144043      
856 0.5159504413604736 0.3519476354122162 10.032901763916016      
857 -0.1280897855758667 0.35913026332855225 10.066421508789062      
858 -0.2801215946674347 0.3663128614425659 10.047266960144043      
859 0.42856210470199585 0.37229835987091064 10.089165687561035      
860 0.004788403399288654 0.3711012601852417 10.05923843383789      
861 0.1149216815829277 0.33997663855552673 9.99100399017334      
862 0.1149216815829277 0.33997663855552673 9.99100399017334      
863 0.3687070608139038 0.3447650372982025 9.99459457397461      
864 0.02992752194404602 0.3758896589279175 10.052056312561035      
865 0.646434485912323 0.3603273630142212 10.055646896362305      
866 -0.1867477297782898 0.3711012601852417 10.038887977600098      
867 -0.1999158412218094 0.3711012601852417 10.049661636352539      
868 0.35673606395721436 0.3663128614425659 10.053253173828125      
869 0.023942016065120697 0.36152446269989014 10.023324966430664      
870 -0.4668693244457245 0.37828385829925537 10.04846477508545      
871 0.1867477297782898 0.3579331636428833 10.032901763916016      
872 0.45848962664604187 0.3555389642715454 10.02571964263916      
873 -0.3663128614425659 0.365115761756897 10.047266960144043      
874 -0.04189852997660637 0.363918662071228 10.040084838867188      
875 0.6045359373092651 0.3471592366695404 10.036493301391602      
876 -0.3770867586135864 0.37469255924224854 10.031704902648926      
877 -0.20709845423698425 0.35434186458587646 10.02811336517334      
878 0.4728548228740692 0.3471592366695404 10.044873237609863      
879 0.1759738177061081 0.365115761756897 10.038887977600098      
880 -0.38067805767059326 0.3866635859012604 10.077195167541504      
881 0.19153612852096558 0.363918662071228 10.036493301391602      
882 0.5518634915351868 0.35673606395721436 10.050858497619629      
883 -0.395043283700943 0.35075053572654724 10.023324966430664      
884 -0.0802057534456253 0.363918662071228 10.038887977600098      
885 0.5770025849342346 0.3555389642715454 10.041281700134277      
886 -0.42018240690231323 0.3579331636428833 10.02571964263916      
887 -0.33758243918418884 0.333991140127182 9.996989250183105      
888 0.35434186458587646 0.33279404044151306 9.983820915222168      
889 -0.17836803197860718 0.3603273630142212 10.023324966430664      
890 -0.5015852451324463 0.3794809579849243 10.055646896362305      
891 0.2059013396501541 0.35913026332855225 10.031704902648926      
892 0.6200982332229614 0.3519476354122162 10.047266960144043      
893 -0.3902548849582672 0.3794809579849243 10.040084838867188      
894 0.03232172131538391 0.3627215623855591 10.044873237609863      
895 0.5147533416748047 0.3603273630142212 10.038887977600098      
896 -0.3256114423274994 0.3842693865299225 10.054450035095215      
897 -0.25498247146606445 0.37469255924224854 10.065223693847656      
898 0.4165911078453064 0.35673606395721436 10.043676376342773      
899 -0.05267243832349777 0.365115761756897 10.038887977600098      
900 -0.42377370595932007 0.37828385829925537 10.062829971313477      
901 0.25258827209472656 0.3734954595565796 10.064026832580566      
902 0.3315969407558441 0.36990416049957275 10.056844711303711      
903 -0.35673606395721436 0.39384618401527405 10.066421508789062      
904 0.008379706181585789 0.3711012601852417 10.066421508789062      
905 0.4944026470184326 0.365115761756897 10.030508041381836      
906 -0.22744916379451752 0.3758896589279175 10.034099578857422      
907 -0.2585737705230713 0.3770867586135864 10.071209907531738      
908 0.3734954595565796 0.35673606395721436 10.043676376342773      
909 -0.019153613597154617 0.3603273630142212 10.047266960144043      
910 -0.4513070285320282 0.36750996112823486 10.036493301391602      
911 0.2513911724090576 0.36152446269989014 10.071209907531738      
912 0.2825157940387726 0.363918662071228 10.062829971313477      
913 -0.5374982953071594 0.39624038338661194 10.061633110046387      
914 -0.08619125932455063 0.36152446269989014 10.042478561401367      
915 0.4812345504760742 0.34835633635520935 10.017339706420898      
916 -0.10175357013940811 0.3579331636428833 10.041281700134277      
917 -0.37469255924224854 0.3770867586135864 10.044873237609863      
918 0.2861070930957794 0.35913026332855225 10.038887977600098      
919 -0.035913024097681046 0.35075053572654724 10.037690162658691      
920 0.24420857429504395 0.3531447649002075 10.042478561401367      
921 0.3232172429561615 0.35913026332855225 10.04846477508545      
922 -0.48482584953308105 0.3866635859012604 10.072406768798828      
923 0.10534487664699554 0.3531447649002075 10.035296440124512      
924 0.4776432514190674 0.35434186458587646 10.040084838867188      
925 -0.13048399984836578 0.3711012601852417 10.077195167541504      
926 -0.34835633635520935 0.3711012601852417 10.035296440124512      
927 0.4321534037590027 0.3627215623855591 10.050858497619629      
928 0.002394201699644327 0.365115761756897 10.04846477508545      
929 -0.46567222476005554 0.3711012601852417 10.044873237609863      
930 0.2346317619085312 0.35434186458587646 10.042478561401367      
931 0.3711012601852417 0.3687070608139038 10.034099578857422      
932 -0.3842693865299225 0.39145198464393616 10.08198356628418      
933 0.06584054976701736 0.37828385829925537 10.0580415725708      
934 0.628477931022644 0.3687070608139038 10.070012092590332      
935 -0.21308395266532898 0.38067805767059326 10.050858497619629      
936 -0.3292027413845062 0.3842693865299225 10.064026832580566      
937 0.33039984107017517 0.36750996112823486 10.066421508789062      
938 0.16519992053508759 0.37229835987091064 10.052056312561035      
939 -0.40940847992897034 0.365115761756897 10.016142845153809      
940 0.1867477297782898 0.34835633635520935 10.019734382629395      
941 0.41778820753097534 0.3495534360408783 10.02691650390625      
942 -0.3627215623855591 0.3734954595565796 10.044873237609863      
943 0.0011971008498221636 0.37229835987091064 10.042478561401367      
944 0.568622887134552 0.3555389642715454 10.043676376342773      
945 -0.10295066982507706 0.3627215623855591 10.064026832580566      
946 -0.1412578970193863 0.37229835987091064 10.06043529510498      
947 0.36750996112823486 0.3627215623855591 10.043676376342773      
948 0.1173158809542656 0.3663128614425659 10.042478561401367      
949 -0.45010992884635925 0.3734954595565796 10.04846477508545      
950 0.1388636976480484 0.3531447649002075 10.023324966430664      
951 0.4728548228740692 0.35434186458587646 10.038887977600098      
952 -0.33758243918418884 0.38067805767059326 10.074800491333008      
953 -0.028730420395731926 0.37469255924224854 10.061633110046387      
954 0.47165772318840027 0.3603273630142212 10.0580415725708      
955 -0.24420857429504395 0.365115761756897 10.012551307678223      
956 -0.2885012924671173 0.3495534360408783 10.006566047668457      
957 0.15442600846290588 0.34835633635520935 10.011354446411133      
958 -0.05267243832349777 0.3555389642715454 10.036493301391602      
959 -0.3495534360408783 0.37469255924224854 10.050858497619629      
960 0.21667525172233582 0.3687070608139038 10.08198356628418      
961 0.48961424827575684 0.363918662071228 10.070012092590332      
962 -0.23702596127986908 0.365115761756897 10.02811336517334      
963 -0.06703764945268631 0.35075053572654724 10.011354446411133      
964 0.363918662071228 0.35075053572654724 10.02571964263916      
965 -0.25019407272338867 0.3711012601852417 10.050858497619629      
966 -0.2992752194404602 0.36990416049957275 10.050858497619629      
967 0.19871874153614044 0.3555389642715454 10.02811336517334      
968 0.11252748221158981 0.35673606395721436 10.044873237609863      
969 -0.32680854201316833 0.36152446269989014 10.042478561401367      
970 0.14844051003456116 0.36750996112823486 10.037690162658691      
971 0.3280056416988373 0.3603273630142212 10.052056312561035      
972 -0.23942017555236816 0.37229835987091064 10.038887977600098      
973 -0.09696517139673233 0.365115761756897 10.041281700134277      
974 0.2968810200691223 0.3663128614425659 10.030508041381836      
975 0.021547814831137657 0.35673606395721436 10.053253173828125      
976 -0.24420857429504395 0.37229835987091064 10.038887977600098      
977 0.13407529890537262 0.35913026332855225 10.040084838867188      
978 0.0586579404771328 0.3579331636428833 10.040084838867188      
979 -0.30885201692581177 0.37469255924224854 10.053253173828125      
980 0.11611878126859665 0.35913026332855225 10.030508041381836      
981 -0.03950432687997818 0.3687070608139038 10.071209907531738      
982 -0.1173158809542656 0.37229835987091064 10.053253173828125      
983 0.19393034279346466 0.35673606395721436 10.023324966430664      
984 -0.25019407272338867 0.3663128614425659 10.030508041381836      
985 -0.25019407272338867 0.3770867586135864 10.054450035095215      
986 0.1149216815829277 0.36152446269989014 10.044873237609863      
987 0.243011474609375 0.3627215623855591 10.035296440124512      
988 -0.16759411990642548 0.35434186458587646 10.029311180114746      
989 0.09576806426048279 0.35434186458587646 10.030508041381836      
990 0.29209262132644653 0.35913026332855225 10.049661636352539      
991 -0.10055647045373917 0.36750996112823486 10.02452278137207      
992 -0.06224924325942993 0.3734954595565796 10.018536567687988      
993 0.1472434103488922 0.3603273630142212 10.042478561401367      
994 -0.033518824726343155 0.363918662071228 10.040084838867188      
995 -0.19871874153614044 0.3734954595565796 10.054450035095215      
996 0.10773907601833344 0.35913026332855225 10.047266960144043      
997 0.1975216418504715 0.365115761756897 10.054450035095215      
998 -0.1149216815829277 0.3794809579849243 10.077195167541504      
999 0.10893617570400238 0.3711012601852417 10.047266960144043      
1000 0.19871874153614044 0.365115761756897 10.042478561401367      
1001 0.019153613597154617 0.37828385829925537 10.070012092590332      
1002 -0.04429273307323456 0.38546648621559143 10.08078670501709      
1003 0.14006079733371735 0.36750996112823486 10.065223693847656      
1004 0.03950432687997818 0.3627215623855591 10.046070098876953      
1005 -0.011971008032560349 0.35673606395721436 10.042478561401367      
1006 0.05027823522686958 0.3519476354122162 10.042478561401367      
1007 0.08978256583213806 0.35673606395721436 10.034099578857422      
1008 -0.031124621629714966 0.3687070608139038 10.034099578857422      
1009 -0.02753331884741783 0.3555389642715454 10.02691650390625      
1010 -0.02753331884741783 0.3627215623855591 10.031704902648926      
1011 0.023942016065120697 0.3603273630142212 10.041281700134277      
1012 0.02513911761343479 0.35913026332855225 10.044873237609863      
1013 0.038307227194309235 0.3627215623855591 10.046070098876953      
1014 0.03711012750864029 0.3663128614425659 10.044873237609863      
1015 0.035913024097681046 0.36990416049957275 10.043676376342773      
1016 0.03232172131538391 0.363918662071228 10.042478561401367      
1017 0.03232172131538391 0.3663128614425659 10.042478561401367      
1018 0.02992752194404602 0.365115761756897 10.041281700134277      
1019 0.028730420395731926 0.365115761756897 10.040084838867188      
1020 0.0347159244120121 0.3663128614425659 10.037690162658691      
1021 0.03711012750864029 0.36750996112823486 10.037690162658691      
1022 0.03232172131538391 0.3627215623855591 10.047266960144043      
1023 0.03232172131538391 0.363918662071228 10.050858497619629      
1024 0.03232172131538391 0.3663128614425659 10.04846477508545      
1025 0.03232172131538391 0.365115761756897 10.046070098876953      
1026 0.031124621629714966 0.36152446269989014 10.047266960144043      
1027 0.02992752194404602 0.3603273630142212 10.038887977600098      
1028 0.02753331884741783 0.3627215623855591 10.044873237609863      
1029 0.02753331884741783 0.3603273630142212 10.046070098876953      
1030 0.019153613597154617 0.3603273630142212 10.04846477508545      
1031 0.02274491637945175 0.36152446269989014 10.04846477508545      
1032 0.026336219161748886 0.35913026332855225 10.047266960144043      
1033 0.026336219161748886 0.36152446269989014 10.052056312561035      
1034 0.023942016065120697 0.36152446269989014 10.050858497619629      
1035 0.023942016065120697 0.3627215623855591 10.054450035095215      
1036 0.02513911761343479 0.3627215623855591 10.049661636352539      
1037 0.023942016065120697 0.363918662071228 10.050858497619629      
1038 0.02274491637945175 0.36152446269989014 10.046070098876953      
1039 0.026336219161748886 0.36152446269989014 10.042478561401367      
1040 0.023942016065120697 0.3627215623855591 10.044873237609863      
1041 0.026336219161748886 0.3627215623855591 10.043676376342773      
1042 0.02992752194404602 0.365115761756897 10.043676376342773      
1043 0.028730420395731926 0.3687070608139038 10.040084838867188      
1044 0.026336219161748886 0.365115761756897 10.041281700134277      
1045 0.02753331884741783 0.3627215623855591 10.047266960144043      
1046 0.023942016065120697 0.365115761756897 10.044873237609863      
1047 0.02274491637945175 0.3663128614425659 10.044873237609863      
1048 0.023942016065120697 0.365115761756897 10.042478561401367      
1049 0.02513911761343479 0.363918662071228 10.050858497619629      
1050 0.026336219161748886 0.3627215623855591 10.04846477508545      
1051 0.02992752194404602 0.363918662071228 10.047266960144043      
1052 0.028730420395731926 0.3627215623855591 10.042478561401367      
1053 0.028730420395731926 0.3627215623855591 10.042478561401367      
1054 0.026336219161748886 0.3663128614425659 10.042478561401367      
1055 0.028730420395731926 0.3627215623855591 10.043676376342773      
1056 0.028730420395731926 0.36750996112823486 10.041281700134277      
1057 0.02992752194404602 0.3627215623855591 10.040084838867188      
1058 0.02992752194404602 0.3627215623855591 10.047266960144043      
1059 0.02992752194404602 0.36750996112823486 10.047266960144043      
1060 0.02753331884741783 0.363918662071228 10.044873237609863      
1061 0.028730420395731926 0.3627215623855591 10.046070098876953      
1062 0.02992752194404602 0.363918662071228 10.042478561401367      
1063 0.026336219161748886 0.36152446269989014 10.040084838867188      
1064 0.03232172131538391 0.36152446269989014 10.041281700134277      
1065 0.031124621629714966 0.3627215623855591 10.041281700134277      
1066 0.02992752194404602 0.35913026332855225 10.042478561401367      
1067 0.031124621629714966 0.35913026332855225 10.046070098876953      
1068 0.02753331884741783 0.35673606395721436 10.046070098876953      
1069 0.02992752194404602 0.35913026332855225 10.042478561401367      
1070 0.02753331884741783 0.36152446269989014 10.041281700134277      
1071 0.02753331884741783 0.36152446269989014 10.040084838867188      
1072 0.026336219161748886 0.3603273630142212 10.041281700134277      
1073 0.026336219161748886 0.3627215623855591 10.043676376342773      
1074 0.02513911761343479 0.36152446269989014 10.040084838867188      
1075 0.023942016065120697 0.35913026332855225 10.040084838867188      
1076 0.021547814831137657 0.36152446269989014 10.041281700134277      
1077 0.02274491637945175 0.365115761756897 10.052056312561035      
1078 0.026336219161748886 0.3663128614425659 10.049661636352539      
1079 0.026336219161748886 0.36750996112823486 10.047266960144043      
1080 0.026336219161748886 0.365115761756897 10.047266960144043      
1081 0.02992752194404602 0.363918662071228 10.044873237609863      
1082 0.02753331884741783 0.3663128614425659 10.049661636352539      
1083 0.028730420395731926 0.36750996112823486 10.042478561401367      
1084 0.02753331884741783 0.36750996112823486 10.043676376342773      
1085 0.02753331884741783 0.3663128614425659 10.046070098876953      
1086 0.02992752194404602 0.3663128614425659 10.046070098876953      
1087 0.031124621629714966 0.365115761756897 10.046070098876953      
1088 0.031124621629714966 0.363918662071228 10.04846477508545      
1089 0.028730420395731926 0.3627215623855591 10.047266960144043      
1090 0.031124621629714966 0.36152446269989014 10.042478561401367      
1091 0.031124621629714966 0.363918662071228 10.042478561401367      
1092 0.02992752194404602 0.3663128614425659 10.041281700134277      
1093 0.02992752194404602 0.3603273630142212 10.040084838867188      
1094 0.028730420395731926 0.35913026332855225 10.041281700134277      
1095 0.02753331884741783 0.3627215623855591 10.042478561401367      
1096 0.02753331884741783 0.3603273630142212 10.041281700134277      
1097 0.02992752194404602 0.365115761756897 10.044873237609863      
1098 0.028730420395731926 0.363918662071228 10.047266960144043      
1099 0.028730420395731926 0.3663128614425659 10.04846477508545      
1100 0.028730420395731926 0.3627215623855591 10.042478561401367      
1101 0.028730420395731926 0.36152446269989014 10.042478561401367      
1102 0.028730420395731926 0.36152446269989014 10.042478561401367      
1103 0.026336219161748886 0.36152446269989014 10.047266960144043      
1104 0.02753331884741783 0.36152446269989014 10.04846477508545      
1105 0.023942016065120697 0.36152446269989014 10.042478561401367      
1106 0.02274491637945175 0.365115761756897 10.044873237609863      
1107 0.02274491637945175 0.365115761756897 10.046070098876953      
1108 0.02274491637945175 0.365115761756897 10.042478561401367      
1109 0.023942016065120697 0.363918662071228 10.038887977600098      
1110 0.028730420395731926 0.363918662071228 10.041281700134277      
1111 0.02992752194404602 0.3579331636428833 10.038887977600098      
1112 0.02513911761343479 0.3579331636428833 10.042478561401367      
1113 0.026336219161748886 0.3603273630142212 10.04846477508545      
1114 0.031124621629714966 0.3603273630142212 10.044873237609863      
1115 0.031124621629714966 0.36152446269989014 10.049661636352539      
1116 0.028730420395731926 0.36152446269989014 10.046070098876953      
1117 0.026336219161748886 0.3663128614425659 10.043676376342773      
1118 0.02513911761343479 0.36750996112823486 10.047266960144043      
1119 0.02753331884741783 0.3663128614425659 10.044873237609863      
1120 0.023942016065120697 0.36750996112823486 10.047266960144043      
1121 0.026336219161748886 0.3663128614425659 10.046070098876953      
1122 0.02513911761343479 0.36750996112823486 10.04846477508545      
1123 0.02753331884741783 0.3663128614425659 10.046070098876953      
1124 0.028730420395731926 0.365115761756897 10.046070098876953      
1125 0.031124621629714966 0.365115761756897 10.044873237609863      
1126 0.02753331884741783 0.363918662071228 10.042478561401367      
1127 0.02992752194404602 0.36750996112823486 10.042478561401367      
1128 0.028730420395731926 0.363918662071228 10.038887977600098      
1129 0.026336219161748886 0.36152446269989014 10.040084838867188      
1130 0.026336219161748886 0.363918662071228 10.040084838867188      
1131 0.026336219161748886 0.365115761756897 10.040084838867188      
1132 0.02753331884741783 0.3663128614425659 10.037690162658691      
1133 0.02274491637945175 0.3663128614425659 10.042478561401367      
1134 0.02513911761343479 0.36152446269989014 10.042478561401367      
1135 0.026336219161748886 0.363918662071228 10.043676376342773      
1136 0.02992752194404602 0.365115761756897 10.041281700134277      
1137 0.02753331884741783 0.3627215623855591 10.041281700134277      
1138 0.02753331884741783 0.3603273630142212 10.046070098876953      
1139 0.02753331884741783 0.3603273630142212 10.042478561401367      
1140 0.02753331884741783 0.36152446269989014 10.046070098876953      
1141 0.02513911761343479 0.36152446269989014 10.049661636352539      
1142 0.02274491637945175 0.36152446269989014 10.053253173828125      
1143 0.026336219161748886 0.363918662071228 10.049661636352539      
1144 0.02753331884741783 0.3627215623855591 10.049661636352539      
1145 0.02753331884741783 0.36750996112823486 10.04846477508545      
1146 0.02753331884741783 0.363918662071228 10.046070098876953      
1147 0.02513911761343479 0.3627215623855591 10.044873237609863      
1148 0.026336219161748886 0.365115761756897 10.047266960144043      
1149 0.02753331884741783 0.363918662071228 10.046070098876953      
1150 0.02753331884741783 0.365115761756897 10.050858497619629      
1151 0.02513911761343479 0.363918662071228 10.04846477508545      
1152 0.026336219161748886 0.3627215623855591 10.047266960144043      
1153 0.028730420395731926 0.36750996112823486 10.041281700134277      
1154 0.02513911761343479 0.3663128614425659 10.040084838867188      
1155 0.023942016065120697 0.365115761756897 10.043676376342773      
1156 0.021547814831137657 0.3663128614425659 10.042478561401367      
1157 0.02274491637945175 0.36750996112823486 10.04846477508545      
1158 0.02753331884741783 0.3627215623855591 10.044873237609863      
1159 0.02753331884741783 0.35913026332855225 10.04846477508545      
1160 0.028730420395731926 0.363918662071228 10.04846477508545      
1161 0.02753331884741783 0.365115761756897 10.044873237609863      
1162 0.02753331884741783 0.365115761756897 10.044873237609863      
1163 0.02513911761343479 0.365115761756897 10.044873237609863      
1164 0.026336219161748886 0.363918662071228 10.049661636352539      
1165 0.026336219161748886 0.363918662071228 10.049661636352539      
1166 0.02753331884741783 0.36152446269989014 10.047266960144043      
1167 0.028730420395731926 0.3627215623855591 10.040084838867188      
1168 0.026336219161748886 0.3687070608139038 10.043676376342773      
1169 0.026336219161748886 0.3663128614425659 10.046070098876953      
1170 0.02513911761343479 0.3603273630142212 10.042478561401367      
1171 0.026336219161748886 0.3603273630142212 10.041281700134277      
1172 0.023942016065120697 0.36152446269989014 10.044873237609863      
1173 0.02513911761343479 0.3627215623855591 10.047266960144043      
1174 0.02513911761343479 0.3579331636428833 10.042478561401367      
1175 0.028730420395731926 0.36152446269989014 10.042478561401367      
1176 0.02753331884741783 0.3603273630142212 10.043676376342773      
1177 0.028730420395731926 0.36152446269989014 10.046070098876953      
1178 0.031124621629714966 0.3579331636428833 10.046070098876953      
1179 0.02513911761343479 0.3579331636428833 10.043676376342773      
1180 0.026336219161748886 0.3579331636428833 10.042478561401367      
1181 0.02753331884741783 0.3603273630142212 10.041281700134277      
1182 0.026336219161748886 0.3627215623855591 10.041281700134277      
1183 0.02992752194404602 0.363918662071228 10.037690162658691      
1184 0.02513911761343479 0.36750996112823486 10.041281700134277      
1185 0.02274491637945175 0.36152446269989014 10.046070098876953      
1186 0.020350715145468712 0.3603273630142212 10.043676376342773      
1187 0.02274491637945175 0.3603273630142212 10.046070098876953      
1188 0.026336219161748886 0.3627215623855591 10.044873237609863      
1189 0.02753331884741783 0.36152446269989014 10.047266960144043      
1190 0.02992752194404602 0.36750996112823486 10.043676376342773      
1191 0.026336219161748886 0.3627215623855591 10.043676376342773      
1192 0.02753331884741783 0.365115761756897 10.043676376342773      
1193 0.02992752194404602 0.3687070608139038 10.047266960144043      
1194 0.02753331884741783 0.36750996112823486 10.047266960144043      
1195 0.031124621629714966 0.3627215623855591 10.042478561401367      
1196 0.02992752194404602 0.3627215623855591 10.040084838867188      
1197 0.02753331884741783 0.3627215623855591 10.041281700134277      
1198 0.028730420395731926 0.3627215623855591 10.041281700134277      
1199 0.02513911761343479 0.3627215623855591 10.044873237609863      
1200 0.02513911761343479 0.3603273630142212 10.041281700134277      
1201 0.023942016065120697 0.3603273630142212 10.046070098876953      
1202 0.023942016065120697 0.363918662071228 10.04846477508545      
1203 0.023942016065120697 0.363918662071228 10.052056312561035      
1204 0.02753331884741783 0.365115761756897 10.047266960144043      
1205 0.028730420395731926 0.3627215623855591 10.042478561401367      
1206 0.02753331884741783 0.363918662071228 10.046070098876953      
1207 0.02992752194404602 0.365115761756897 10.043676376342773      
1208 0.026336219161748886 0.365115761756897 10.043676376342773      
1209 0.026336219161748886 0.3603273630142212 10.04846477508545      
1210 0.028730420395731926 0.36152446269989014 10.049661636352539      
1211 0.026336219161748886 0.3603273630142212 10.049661636352539      
1212 0.031124621629714966 0.35913026332855225 10.049661636352539      
1213 0.028730420395731926 0.3579331636428833 10.049661636352539      
1214 0.028730420395731926 0.3603273630142212 10.047266960144043      
1215 0.02513911761343479 0.36152446269989014 10.042478561401367      
1216 0.026336219161748886 0.36152446269989014 10.042478561401367      
1217 0.02753331884741783 0.35913026332855225 10.044873237609863      
1218 0.02992752194404602 0.3603273630142212 10.04846477508545      
1219 0.031124621629714966 0.3603273630142212 10.047266960144043      
1220 0.02513911761343479 0.35913026332855225 10.044873237609863      
1221 0.028730420395731926 0.3627215623855591 10.046070098876953      
1222 0.026336219161748886 0.36750996112823486 10.041281700134277      
1223 0.028730420395731926 0.365115761756897 10.041281700134277      
1224 0.028730420395731926 0.363918662071228 10.046070098876953      
1225 0.02753331884741783 0.363918662071228 10.04846477508545      
1226 0.02274491637945175 0.3663128614425659 10.044873237609863      
1227 0.02513911761343479 0.36750996112823486 10.043676376342773      
1228 0.023942016065120697 0.36990416049957275 10.043676376342773      
1229 0.028730420395731926 0.36750996112823486 10.044873237609863      
1230 0.02753331884741783 0.36152446269989014 10.04846477508545      
1231 0.02513911761343479 0.3603273630142212 10.050858497619629      
1232 0.028730420395731926 0.3627215623855591 10.047266960144043      
1233 0.031124621629714966 0.363918662071228 10.042478561401367      
1234 0.028730420395731926 0.363918662071228 10.040084838867188      
1235 0.02992752194404602 0.365115761756897 10.044873237609863      
1236 0.02753331884741783 0.365115761756897 10.049661636352539      
1237 0.031124621629714966 0.3627215623855591 10.043676376342773      
1238 0.03232172131538391 0.36152446269989014 10.043676376342773      
1239 0.028730420395731926 0.3627215623855591 10.04846477508545      
1240 0.02992752194404602 0.3663128614425659 10.044873237609863      
1241 0.028730420395731926 0.3687070608139038 10.044873237609863      
1242 0.031124621629714966 0.363918662071228 10.042478561401367      
1243 0.02992752194404602 0.3663128614425659 10.040084838867188      
1244 0.02992752194404602 0.3687070608139038 10.041281700134277      
1245 0.028730420395731926 0.3687070608139038 10.043676376342773      
1246 0.02992752194404602 0.3687070608139038 10.042478561401367      
1247 0.03232172131538391 0.3663128614425659 10.042478561401367      
1248 0.02513911761343479 0.363918662071228 10.043676376342773      
1249 0.02753331884741783 0.3663128614425659 10.043676376342773      
1250 0.028730420395731926 0.365115761756897 10.04846477508545      
1251 0.02992752194404602 0.35913026332855225 10.046070098876953      
1252 0.02992752194404602 0.3579331636428833 10.044873237609863      
1253 0.02992752194404602 0.36152446269989014 10.047266960144043      
1254 0.031124621629714966 0.3627215623855591 10.043676376342773      
1255 0.02753331884741783 0.365115761756897 10.047266960144043      
1256 0.028730420395731926 0.3663128614425659 10.042478561401367      
1257 0.031124621629714966 0.3663128614425659 10.043676376342773      
1258 0.028730420395731926 0.3663128614425659 10.042478561401367      
1259 0.03232172131538391 0.3687070608139038 10.036493301391602      
1260 0.033518824726343155 0.3663128614425659 10.042478561401367      
1261 0.028730420395731926 0.3687070608139038 10.041281700134277      
1262 0.02753331884741783 0.3663128614425659 10.047266960144043      
1263 0.028730420395731926 0.365115761756897 10.043676376342773      
1264 0.028730420395731926 0.365115761756897 10.043676376342773      
1265 0.028730420395731926 0.365115761756897 10.046070098876953      
1266 0.010773907415568829 0.36152446269989014 10.041281700134277      
1267 0.021547814831137657 0.365115761756897 10.038887977600098      
1268 0.023942016065120697 0.3663128614425659 10.034099578857422      
1269 0.02753331884741783 0.363918662071228 10.042478561401367      
1270 0.02753331884741783 0.36750996112823486 10.042478561401367      
1271 0.02753331884741783 0.3663128614425659 10.043676376342773      
1272 0.02753331884741783 0.36750996112823486 10.042478561401367      
1273 0.028730420395731926 0.3663128614425659 10.046070098876953      
1274 0.02992752194404602 0.363918662071228 10.043676376342773      
1275 0.02753331884741783 0.35913026332855225 10.041281700134277      
1276 0.03232172131538391 0.365115761756897 10.046070098876953      
1277 0.02992752194404602 0.36750996112823486 10.050858497619629      
1278 0.028730420395731926 0.36750996112823486 10.052056312561035      
1279 0.02992752194404602 0.363918662071228 10.043676376342773      
1280 0.02992752194404602 0.3627215623855591 10.040084838867188      
1281 0.031124621629714966 0.3603273630142212 10.038887977600098      
1282 0.028730420395731926 0.365115761756897 10.037690162658691      
1283 0.028730420395731926 0.365115761756897 10.042478561401367      
1284 0.028730420395731926 0.3627215623855591 10.041281700134277      
1285 0.031124621629714966 0.365115761756897 10.042478561401367      
1286 0.03232172131538391 0.36750996112823486 10.046070098876953      
1287 0.03232172131538391 0.3687070608139038 10.043676376342773      
1288 0.02992752194404602 0.3663128614425659 10.047266960144043      
1289 0.02513911761343479 0.36750996112823486 10.044873237609863      
1290 0.026336219161748886 0.363918662071228 10.044873237609863      
1291 0.026336219161748886 0.363918662071228 10.042478561401367      
1292 0.026336219161748886 0.365115761756897 10.041281700134277      
1293 0.02992752194404602 0.363918662071228 10.043676376342773      
1294 0.02992752194404602 0.365115761756897 10.043676376342773      
1295 0.02992752194404602 0.363918662071228 10.041281700134277      
1296 0.028730420395731926 0.36990416049957275 10.047266960144043      
1297 0.02992752194404602 0.36750996112823486 10.046070098876953      
1298 0.028730420395731926 0.3687070608139038 10.046070098876953      
1299 0.026336219161748886 0.363918662071228 10.04846477508545      
1300 0.02274491637945175 0.363918662071228 10.044873237609863      
1301 0.02992752194404602 0.36152446269989014 10.047266960144043      
1302 0.031124621629714966 0.36152446269989014 10.046070098876953      
1303 0.031124621629714966 0.3627215623855591 10.044873237609863      
1304 0.028730420395731926 0.36152446269989014 10.046070098876953      
1305 0.028730420395731926 0.3663128614425659 10.043676376342773      
1306 0.02753331884741783 0.363918662071228 10.046070098876953      
1307 0.026336219161748886 0.363918662071228 10.046070098876953      
1308 0.026336219161748886 0.365115761756897 10.044873237609863      
1309 0.020350715145468712 0.3663128614425659 10.041281700134277      
1310 0.020350715145468712 0.363918662071228 10.041281700134277      
1311 0.02274491637945175 0.3663128614425659 10.042478561401367      
1312 0.02513911761343479 0.3687070608139038 10.040084838867188      
1313 0.028730420395731926 0.36152446269989014 10.041281700134277      
1314 0.026336219161748886 0.3627215623855591 10.044873237609863      
1315 0.028730420395731926 0.3663128614425659 10.042478561401367      
1316 0.02513911761343479 0.3663128614425659 10.046070098876953      
1317 0.028730420395731926 0.3687070608139038 10.046070098876953      
1318 0.026336219161748886 0.363918662071228 10.047266960144043      
1319 0.026336219161748886 0.3627215623855591 10.047266960144043      
1320 0.026336219161748886 0.365115761756897 10.042478561401367      
1321 0.02753331884741783 0.365115761756897 10.038887977600098      
1322 0.026336219161748886 0.365115761756897 10.043676376342773      
1323 0.028730420395731926 0.36750996112823486 10.046070098876953      
1324 0.028730420395731926 0.363918662071228 10.043676376342773      
1325 0.02513911761343479 0.365115761756897 10.044873237609863      
1326 0.026336219161748886 0.363918662071228 10.047266960144043      
1327 0.02992752194404602 0.363918662071228 10.04846477508545      
1328 0.033518824726343155 0.365115761756897 10.052056312561035      
1329 0.031124621629714966 0.3627215623855591 10.046070098876953      
1330 0.02753331884741783 0.363918662071228 10.044873237609863      
1331 0.026336219161748886 0.363918662071228 10.042478561401367      
1332 0.028730420395731926 0.365115761756897 10.040084838867188      
1333 0.028730420395731926 0.363918662071228 10.040084838867188      
1334 0.031124621629714966 0.3603273630142212 10.042478561401367      
1335 0.02992752194404602 0.3627215623855591 10.044873237609863      
1336 0.02992752194404602 0.36750996112823486 10.044873237609863      
1337 0.02992752194404602 0.365115761756897 10.044873237609863      
1338 0.0347159244120121 0.363918662071228 10.042478561401367      
1339 0.02992752194404602 0.365115761756897 10.043676376342773      
1340 0.02513911761343479 0.36152446269989014 10.044873237609863      
1341 0.021547814831137657 0.3603273630142212 10.04846477508545      
1342 0.026336219161748886 0.36152446269989014 10.049661636352539      
1343 0.02513911761343479 0.3627215623855591 10.047266960144043      
1344 0.02513911761343479 0.35913026332855225 10.050858497619629      
1345 0.028730420395731926 0.3603273630142212 10.047266960144043      
1346 0.02753331884741783 0.3603273630142212 10.047266960144043      
1347 0.02753331884741783 0.3603273630142212 10.044873237609863      
1348 0.02513911761343479 0.3603273630142212 10.041281700134277      
1349 0.026336219161748886 0.3627215623855591 10.041281700134277      
1350 0.023942016065120697 0.3627215623855591 10.044873237609863      
1351 0.02513911761343479 0.35913026332855225 10.043676376342773      
1352 0.02753331884741783 0.3579331636428833 10.044873237609863      
1353 0.026336219161748886 0.35673606395721436 10.050858497619629      
1354 0.02753331884741783 0.35673606395721436 10.043676376342773      
1355 0.02753331884741783 0.3579331636428833 10.046070098876953      
1356 0.02513911761343479 0.3627215623855591 10.047266960144043      
1357 0.026336219161748886 0.363918662071228 10.043676376342773      
1358 0.028730420395731926 0.363918662071228 10.047266960144043      
1359 0.02753331884741783 0.363918662071228 10.046070098876953      
1360 0.02753331884741783 0.363918662071228 10.049661636352539      
1361 0.02753331884741783 0.363918662071228 10.044873237609863      
1362 0.026336219161748886 0.363918662071228 10.049661636352539      
1363 0.02513911761343479 0.36152446269989014 10.04846477508545      
1364 0.02992752194404602 0.363918662071228 10.046070098876953      
1365 0.026336219161748886 0.3627215623855591 10.04846477508545      
1366 0.026336219161748886 0.3627215623855591 10.043676376342773      
1367 0.028730420395731926 0.36750996112823486 10.046070098876953      
1368 0.02992752194404602 0.3627215623855591 10.046070098876953      
1369 0.02753331884741783 0.36152446269989014 10.046070098876953      
1370 0.02513911761343479 0.363918662071228 10.044873237609863      
1371 0.02513911761343479 0.363918662071228 10.047266960144043      
1372 0.02513911761343479 0.3663128614425659 10.047266960144043      
1373 0.028730420395731926 0.365115761756897 10.044873237609863      
