1 0.1364694982767105 0.36990416049957275 10.032901763916016      
2 -0.05147533491253853 0.3627215623855591 10.040084838867188      
3 -0.22385786473751068 0.365115761756897 10.029311180114746      
4 0.0586579404771328 0.36152446269989014 10.034099578857422      
5 -0.07062894850969315 0.35434186458587646 10.017339706420898      
6 -0.17717093229293823 0.365115761756897 10.053253173828125      
7 0.2346317619085312 0.3555389642715454 10.04846477508545      
8 -0.008379706181585789 0.35434186458587646 10.034099578857422      
9 0.0454898327589035 0.3579331636428833 10.040084838867188      
10 0.2885012924671173 0.36990416049957275 10.06043529510498      
11 -0.08499415963888168 0.36750996112823486 10.0580415725708      
12 0.11372458189725876 0.3579331636428833 10.040084838867188      
13 0.16400282084941864 0.3555389642715454 10.036493301391602      
14 -0.1867477297782898 0.3711012601852417 10.067618370056152      
15 0.05985504388809204 0.36152446269989014 10.038887977600098      
16 0.17477671802043915 0.35673606395721436 10.029311180114746      
17 -0.22026655077934265 0.3734954595565796 10.068815231323242      
18 0.1041477769613266 0.3627215623855591 10.050858497619629      
19 0.023942016065120697 0.3627215623855591 10.054450035095215      
20 -0.2861070930957794 0.3531447649002075 10.013748168945312      
21 0.15562310814857483 0.35913026332855225 10.02452278137207      
22 -0.07661445438861847 0.3579331636428833 10.062829971313477      
23 -0.14006079733371735 0.3663128614425659 10.06043529510498      
24 0.26336219906806946 0.3663128614425659 10.052056312561035      
25 -0.020350715145468712 0.36152446269989014 10.049661636352539      
26 0.13527239859104156 0.35434186458587646 10.055646896362305      
27 -0.11372458189725876 0.38067805767059326 10.056844711303711      
28 -0.038307227194309235 0.36990416049957275 10.044873237609863      
29 0.30526071786880493 0.35673606395721436 10.0580415725708      
30 -0.16639702022075653 0.3627215623855591 10.044873237609863      
31 0.13527239859104156 0.363918662071228 10.044873237609863      
32 0.19871874153614044 0.3627215623855591 10.032901763916016      
33 -0.20709845423698425 0.37469255924224854 10.053253173828125      
34 0.12210428714752197 0.3555389642715454 10.040084838867188      
35 0.15562310814857483 0.36750996112823486 10.056844711303711      
36 -0.243011474609375 0.38307225704193115 10.06043529510498      
37 0.09457096457481384 0.365115761756897 10.050858497619629      
38 0.12330138683319092 0.3663128614425659 10.046070098876953      
39 -0.22385786473751068 0.37469255924224854 10.068815231323242      
40 0.16160862147808075 0.3687070608139038 10.056844711303711      
41 -0.0347159244120121 0.37229835987091064 10.06043529510498      
42 -0.22625206410884857 0.37469255924224854 10.042478561401367      
43 0.21667525172233582 0.34596213698387146 10.014945983886719      
44 -0.14604631066322327 0.3579331636428833 10.041281700134277      
45 -0.02513911761343479 0.3579331636428833 10.038887977600098      
46 0.31124621629714966 0.3579331636428833 10.047266960144043      
47 -0.2082955539226532 0.3770867586135864 10.035296440124512      
48 0.16879121959209442 0.3627215623855591 10.052056312561035      
49 0.31603461503982544 0.365115761756897 10.065223693847656      
50 -0.15921440720558167 0.37828385829925537 10.06043529510498      
51 0.11372458189725876 0.37828385829925537 10.06043529510498      
52 0.3100491166114807 0.365115761756897 10.053253173828125      
53 -0.18794482946395874 0.3770867586135864 10.05923843383789      
54 0.16998831927776337 0.35913026332855225 10.055646896362305      
55 0.10175357013940811 0.363918662071228 10.042478561401367      
56 -0.26336219906806946 0.37469255924224854 10.044873237609863      
57 0.16759411990642548 0.3627215623855591 10.049661636352539      
58 -0.02274491637945175 0.3627215623855591 10.052056312561035      
59 -0.25258827209472656 0.3711012601852417 10.034099578857422      
60 0.10175357013940811 0.35913026332855225 10.030508041381836      
61 -0.1759738177061081 0.3663128614425659 10.020931243896484      
62 -0.29209262132644653 0.3687070608139038 10.020931243896484      
63 0.1604115068912506 0.35434186458587646 10.018536567687988      
64 -0.1149216815829277 0.3687070608139038 10.043676376342773      
65 -0.021547814831137657 0.36990416049957275 10.071209907531738      
66 0.3148375153541565 0.36152446269989014 10.053253173828125      
67 -0.16759411990642548 0.3687070608139038 10.050858497619629      
68 0.08140286058187485 0.363918662071228 10.041281700134277      
69 0.28730419278144836 0.36152446269989014 10.049661636352539      
70 -0.2801215946674347 0.35913026332855225 10.019734382629395      
71 -0.005985504016280174 0.3531447649002075 10.032901763916016      
72 0.14006079733371735 0.35913026332855225 10.052056312561035      
73 -0.27413609623908997 0.3663128614425659 10.044873237609863      
74 0.03232172131538391 0.34356793761253357 10.020931243896484      
75 0.152031809091568 0.3531447649002075 10.042478561401367      
76 -0.23343466222286224 0.365115761756897 10.064026832580566      
77 0.21667525172233582 0.365115761756897 10.054450035095215      
78 -0.08379705995321274 0.37229835987091064 10.034099578857422      
79 -0.31842881441116333 0.36990416049957275 10.02452278137207      
80 0.17836803197860718 0.35673606395721436 10.030508041381836      
81 -0.13048399984836578 0.3627215623855591 10.065223693847656      
82 -0.08259996026754379 0.3663128614425659 10.067618370056152      
83 0.363918662071228 0.3687070608139038 10.074800491333008      
84 -0.043095629662275314 0.3711012601852417 10.066421508789062      
85 0.3603273630142212 0.35434186458587646 10.050858497619629      
86 0.3603273630142212 0.35434186458587646 10.050858497619629      
87 0.023942016065120697 0.36990416049957275 10.061633110046387      
88 0.3172317147254944 0.3627215623855591 10.070012092590332      
89 -0.1759738177061081 0.3627215623855591 10.05923843383789      
90 0.05506663769483566 0.36990416049957275 10.042478561401367      
91 0.24660277366638184 0.3663128614425659 10.052056312561035      
92 -0.2513911724090576 0.37229835987091064 10.055646896362305      
93 0.11611878126859665 0.3555389642715454 10.042478561401367      
94 0.08619125932455063 0.365115761756897 10.054450035095215      
95 -0.2777273952960968 0.3663128614425659 10.047266960144043      
96 0.04668693244457245 0.3663128614425659 10.044873237609863      
97 0.12330138683319092 0.35434186458587646 10.065223693847656      
98 -0.18076223134994507 0.3711012601852417 10.072406768798828      
99 0.19153612852096558 0.365115761756897 10.05923843383789      
100 -0.043095629662275314 0.3663128614425659 10.043676376342773      
101 -0.07302315533161163 0.3734954595565796 10.062829971313477      
102 0.3447650372982025 0.3579331636428833 10.05923843383789      
103 -0.10295066982507706 0.38307225704193115 10.08318042755127      
104 0.020350715145468712 0.37469255924224854 10.067618370056152      
105 0.3471592366695404 0.3687070608139038 10.062829971313477      
106 -0.14245499670505524 0.3734954595565796 10.0580415725708      
107 0.13287819921970367 0.37229835987091064 10.054450035095215      
108 0.3208230137825012 0.3627215623855591 10.052056312561035      
109 -0.1843535304069519 0.365115761756897 10.040084838867188      
110 0.1149216815829277 0.3627215623855591 10.055646896362305      
111 0.29209262132644653 0.3579331636428833 10.037690162658691      
112 -0.2106897532939911 0.3687070608139038 10.056844711303711      
113 0.08499415963888168 0.363918662071228 10.053253173828125      
114 0.1364694982767105 0.3627215623855591 10.052056312561035      
115 -0.2621650993824005 0.3627215623855591 10.035296440124512      
116 0.1412578970193863 0.363918662071228 10.06043529510498      
117 -0.10295066982507706 0.3531447649002075 10.041281700134277      
118 -0.0011971008498221636 0.35075053572654724 9.996989250183105      
119 0.15322890877723694 0.3411737382411957 10.013748168945312      
120 -0.05267243832349777 0.3579331636428833 10.040084838867188      
121 -0.24660277366638184 0.363918662071228 10.035296440124512      
122 0.22385786473751068 0.34356793761253357 10.022128105163574      
123 -0.20350714027881622 0.35673606395721436 10.034099578857422      
124 -0.08379705995321274 0.3495534360408783 10.022128105163574      
125 0.3076549172401428 0.35673606395721436 10.036493301391602      
126 -0.16759411990642548 0.3531447649002075 10.02691650390625      
127 0.0694318488240242 0.3579331636428833 10.019734382629395      
128 0.25498247146606445 0.3471592366695404 10.02811336517334      
129 -0.23822307586669922 0.3627215623855591 10.035296440124512      
130 0.04668693244457245 0.35075053572654724 10.02811336517334      
131 0.22744916379451752 0.3411737382411957 10.002974510192871      
132 -0.2513911724090576 0.363918662071228 10.034099578857422      
133 0.017956512048840523 0.3603273630142212 10.037690162658691      
134 0.17717093229293823 0.3555389642715454 10.035296440124512      
135 -0.27413609623908997 0.3711012601852417 10.05923843383789      
136 -0.11851298063993454 0.3627215623855591 10.02571964263916      
137 -0.2621650993824005 0.3603273630142212 10.020931243896484      
138 -0.2621650993824005 0.3603273630142212 10.020931243896484      
139 -0.16759411990642548 0.363918662071228 10.056844711303711      
140 -0.20470423996448517 0.3531447649002075 10.022128105163574      
141 0.21428105235099792 0.3555389642715454 10.004171371459961      
142 0.21428105235099792 0.3555389642715454 10.004171371459961      
143 -0.181959331035614 0.35913026332855225 10.038887977600098      
144 0.29807811975479126 0.3711012601852417 10.05923843383789      
145 -0.09935937076807022 0.38067805767059326 10.071209907531738      
146 0.12210428714752197 0.3711012601852417 10.062829971313477      
147 0.32441434264183044 0.3687070608139038 10.074800491333008      
148 -0.21787235140800476 0.3818751573562622 10.054450035095215      
149 0.07661445438861847 0.37229835987091064 10.073603630065918      
150 0.22864626348018646 0.365115761756897 10.065223693847656      
151 -0.17717093229293823 0.3770867586135864 10.074800491333008      
152 0.13407529890537262 0.37469255924224854 10.061633110046387      
153 -0.0454898327589035 0.3711012601852417 10.043676376342773      
154 -0.29209262132644653 0.3794809579849243 10.064026832580566      
155 0.06823474913835526 0.36750996112823486 10.068815231323242      
156 -0.031124621629714966 0.3663128614425659 10.049661636352539      
157 -0.25977087020874023 0.363918662071228 10.040084838867188      
158 0.17836803197860718 0.3531447649002075 10.034099578857422      
159 -0.03711012750864029 0.363918662071228 10.043676376342773      
160 -0.10893617570400238 0.3734954595565796 10.056844711303711      
161 0.3315969407558441 0.3603273630142212 10.065223693847656      
162 -0.1628057211637497 0.37828385829925537 10.06043529510498      
163 0.033518824726343155 0.36990416049957275 10.062829971313477      
164 0.34596213698387146 0.3687070608139038 10.071209907531738      
165 -0.11133038252592087 0.38307225704193115 10.08078670501709      
166 0.10055647045373917 0.3663128614425659 10.071209907531738      
167 0.35075053572654724 0.36152446269989014 10.066421508789062      
168 -0.14006079733371735 0.3770867586135864 10.066421508789062      
169 0.22625206410884857 0.37229835987091064 10.073603630065918      
170 0.31124621629714966 0.37229835987091064 10.071209907531738      
171 -0.23702596127986908 0.3818751573562622 10.073603630065918      
172 0.13407529890537262 0.363918662071228 10.054450035095215      
173 0.2190694510936737 0.3758896589279175 10.079588890075684      
174 -0.1472434103488922 0.3842693865299225 10.08437728881836      
175 0.21667525172233582 0.37469255924224854 10.072406768798828      
176 0.18914192914962769 0.3687070608139038 10.068815231323242      
177 -0.15322890877723694 0.37229835987091064 10.079588890075684      
178 0.2214636504650116 0.37828385829925537 10.08437728881836      
179 -0.0011971008498221636 0.3758896589279175 10.08078670501709      
180 -0.1628057211637497 0.3818751573562622 10.046070098876953      
181 0.30286651849746704 0.3627215623855591 10.054450035095215      
182 -0.0802057534456253 0.3711012601852417 10.074800491333008      
183 -0.08858546614646912 0.3663128614425659 10.044873237609863      
184 0.2944868206977844 0.3627215623855591 10.036493301391602      
185 -0.16400282084941864 0.3603273630142212 10.02811336517334      
186 -0.023942016065120697 0.3579331636428833 10.018536567687988      
187 0.1759738177061081 0.3447650372982025 10.004171371459961      
188 -0.23822307586669922 0.3687070608139038 10.031704902648926      
189 0.03950432687997818 0.3627215623855591 10.018536567687988      
190 0.20350714027881622 0.3387795388698578 9.99339771270752      
191 -0.2968810200691223 0.34835633635520935 10.001777648925781      
192 0.07302315533161163 0.3387795388698578 10.007762908935547      
193 0.2082955539226532 0.3531447649002075 10.02571964263916      
194 -0.3100491166114807 0.3555389642715454 10.010157585144043      
195 0.08978256583213806 0.3603273630142212 10.032901763916016      
196 -0.11013327538967133 0.363918662071228 10.043676376342773      
197 -0.26815059781074524 0.3770867586135864 10.061633110046387      
198 0.243011474609375 0.36152446269989014 10.062829971313477      
199 -0.22385786473751068 0.36152446269989014 10.038887977600098      
200 -0.33279404044151306 0.3531447649002075 9.999382972717285      
201 0.1711854189634323 0.3387795388698578 10.004171371459961      
202 -0.14365209639072418 0.35673606395721436 10.011354446411133      
203 -0.1604115068912506 0.3579331636428833 10.030508041381836      
204 0.2454056739807129 0.34596213698387146 10.020931243896484      
205 -0.20709845423698425 0.3603273630142212 10.030508041381836      
206 0.2513911724090576 0.3471592366695404 10.038887977600098      
207 -0.24420857429504395 0.36750996112823486 10.041281700134277      
208 -0.24420857429504395 0.36750996112823486 10.041281700134277      
209 0.06703764945268631 0.365115761756897 10.034099578857422      
210 -0.28131869435310364 0.36750996112823486 10.040084838867188      
211 0.05267243832349777 0.3603273630142212 10.049661636352539      
212 0.1735796183347702 0.35434186458587646 10.043676376342773      
213 -0.28969839215278625 0.35913026332855225 10.040084838867188      
214 0.13168109953403473 0.36152446269989014 10.06043529510498      
215 -0.13527239859104156 0.3663128614425659 10.031704902648926      
216 -0.4034229815006256 0.365115761756897 10.005369186401367      
217 0.08978256583213806 0.35075053572654724 10.030508041381836      
218 -0.15322890877723694 0.35075053572654724 10.029311180114746      
219 -0.1280897855758667 0.35075053572654724 10.023324966430664      
220 0.31842881441116333 0.36152446269989014 10.050858497619629      
221 -0.16879121959209442 0.36750996112823486 10.038887977600098      
222 0.07900865375995636 0.36152446269989014 10.042478561401367      
223 0.36750996112823486 0.3794809579849243 10.08198356628418      
224 -0.09816227108240128 0.3926490843296051 10.077195167541504      
225 0.09816227108240128 0.37469255924224854 10.062829971313477      
226 0.3315969407558441 0.3687070608139038 10.054450035095215      
227 -0.11133038252592087 0.3818751573562622 10.08437728881836      
228 0.0694318488240242 0.3818751573562622 10.095151901245117      
229 0.18794482946395874 0.3663128614425659 10.073603630065918      
230 -0.23104046285152435 0.3711012601852417 10.055646896362305      
231 0.1496376097202301 0.3603273630142212 10.06043529510498      
232 0.17477671802043915 0.3770867586135864 10.08198356628418      
233 -0.1843535304069519 0.38067805767059326 10.073603630065918      
234 0.22744916379451752 0.35913026332855225 10.050858497619629      
235 0.15322890877723694 0.3758896589279175 10.08437728881836      
236 -0.20231004059314728 0.36990416049957275 10.0580415725708      
237 0.16998831927776337 0.365115761756897 10.0580415725708      
238 -0.0802057534456253 0.37469255924224854 10.064026832580566      
239 -0.11851298063993454 0.37469255924224854 10.072406768798828      
240 0.32680854201316833 0.35913026332855225 10.053253173828125      
241 -0.08858546614646912 0.36990416049957275 10.06043529510498      
242 -0.015562310814857483 0.3519476354122162 10.042478561401367      
243 0.32202014327049255 0.3579331636428833 10.035296440124512      
244 -0.07541735470294952 0.363918662071228 10.04846477508545      
245 0.15442600846290588 0.37828385829925537 10.078392028808594      
246 0.2944868206977844 0.36750996112823486 10.065223693847656      
247 -0.15682020783424377 0.3711012601852417 10.044873237609863      
248 0.05147533491253853 0.365115761756897 10.037690162658691      
249 0.29807811975479126 0.3447650372982025 10.036493301391602      
250 -0.1388636976480484 0.35913026332855225 10.056844711303711      
251 0.06344634294509888 0.3663128614425659 10.042478561401367      
252 0.20470423996448517 0.35913026332855225 10.035296440124512      
253 -0.2406172752380371 0.3663128614425659 10.055646896362305      
254 0.12210428714752197 0.3531447649002075 10.02811336517334      
255 -0.04668693244457245 0.35913026332855225 10.035296440124512      
256 -0.2082955539226532 0.36990416049957275 10.044873237609863      
257 0.2513911724090576 0.35434186458587646 10.031704902648926      
258 -0.05027823522686958 0.35913026332855225 10.041281700134277      
259 -0.2059013396501541 0.3711012601852417 10.043676376342773      
260 0.28131869435310364 0.3519476354122162 10.036493301391602      
261 -0.04189852997660637 0.3519476354122162 10.038887977600098      
262 -0.13287819921970367 0.3471592366695404 10.013748168945312      
263 0.2322375625371933 0.35673606395721436 10.037690162658691      
264 -0.10055647045373917 0.3603273630142212 10.044873237609863      
265 0.1364694982767105 0.363918662071228 10.037690162658691      
266 0.28969839215278625 0.3495534360408783 10.036493301391602      
267 -0.2669534981250763 0.3770867586135864 10.06043529510498      
268 0.05386953800916672 0.363918662071228 10.046070098876953      
269 0.10654197633266449 0.35673606395721436 10.023324966430664      
270 -0.2908954918384552 0.3627215623855591 10.02571964263916      
271 0.1041477769613266 0.35434186458587646 10.040084838867188      
272 -0.24181437492370605 0.3770867586135864 10.071209907531738      
273 0.16160862147808075 0.37469255924224854 10.08318042755127      
274 -0.06224924325942993 0.37229835987091064 10.054450035095215      
275 -0.31124621629714966 0.38307225704193115 10.06043529510498      
276 0.2190694510936737 0.3734954595565796 10.056844711303711      
277 -0.11851298063993454 0.3770867586135864 10.056844711303711      
278 -0.11971008777618408 0.36750996112823486 10.035296440124512      
279 0.27653029561042786 0.3531447649002075 10.022128105163574      
280 -0.25498247146606445 0.36152446269989014 10.006566047668457      
281 0.03232172131538391 0.3531447649002075 10.022128105163574      
282 0.23702596127986908 0.3447650372982025 10.019734382629395      
283 -0.19632454216480255 0.35913026332855225 10.022128105163574      
284 -0.015562310814857483 0.35434186458587646 10.032901763916016      
285 0.23582886159420013 0.35913026332855225 10.043676376342773      
286 -0.2454056739807129 0.35913026332855225 10.042478561401367      
287 0.16160862147808075 0.3579331636428833 10.038887977600098      
288 0.2059013396501541 0.3770867586135864 10.04846477508545      
289 -0.24181437492370605 0.39624038338661194 10.085575103759766      
290 0.22744916379451752 0.35673606395721436 10.074800491333008      
291 0.08978256583213806 0.3711012601852417 10.068815231323242      
292 -0.1496376097202301 0.37828385829925537 10.070012092590332      
293 0.19033902883529663 0.36750996112823486 10.054450035095215      
294 0.14365209639072418 0.37828385829925537 10.068815231323242      
295 -0.20709845423698425 0.3818751573562622 10.066421508789062      
296 0.22266076505184174 0.3758896589279175 10.05923843383789      
297 -0.014365210197865963 0.3866635859012604 10.068815231323242      
298 -0.033518824726343155 0.3878606855869293 10.104728698730469      
299 0.34596213698387146 0.38307225704193115 10.091560363769531      
300 -0.023942016065120697 0.3878606855869293 10.102334022521973      
301 0.09816227108240128 0.3794809579849243 10.078392028808594      
302 0.3663128614425659 0.365115761756897 10.067618370056152      
303 -0.16400282084941864 0.36750996112823486 10.068815231323242      
304 0.08499415963888168 0.36152446269989014 10.061633110046387      
305 0.37828385829925537 0.3579331636428833 10.054450035095215      
306 -0.07182604819536209 0.38067805767059326 10.08437728881836      
307 0.1951274424791336 0.3663128614425659 10.070012092590332      
308 0.30885201692581177 0.35434186458587646 10.055646896362305      
309 -0.13766659796237946 0.37229835987091064 10.08078670501709      
310 0.0933738648891449 0.37229835987091064 10.055646896362305      
311 0.15682020783424377 0.365115761756897 10.073603630065918      
312 -0.19393034279346466 0.363918662071228 10.055646896362305      
313 0.1711854189634323 0.365115761756897 10.056844711303711      
314 -0.03711012750864029 0.3711012601852417 10.072406768798828      
315 -0.2346317619085312 0.3687070608139038 10.040084838867188      
316 0.13048399984836578 0.3627215623855591 10.038887977600098      
317 -0.04189852997660637 0.365115761756897 10.036493301391602      
318 -0.13287819921970367 0.3794809579849243 10.056844711303711      
319 0.3148375153541565 0.35673606395721436 10.040084838867188      
320 -0.02992752194404602 0.3627215623855591 10.040084838867188      
321 -0.16759411990642548 0.365115761756897 10.040084838867188      
322 0.2298433631658554 0.3519476354122162 10.020931243896484      
323 0.03711012750864029 0.36990416049957275 10.041281700134277      
324 0.03711012750864029 0.36990416049957275 10.041281700134277      
325 -0.1388636976480484 0.3603273630142212 10.052056312561035      
326 0.10055647045373917 0.3579331636428833 10.041281700134277      
327 0.16759411990642548 0.35913026332855225 10.040084838867188      
328 -0.21188685297966003 0.3687070608139038 10.06043529510498      
329 0.05386953800916672 0.365115761756897 10.065223693847656      
330 0.10654197633266449 0.3603273630142212 10.02811336517334      
331 -0.3603273630142212 0.35673606395721436 10.012551307678223      
332 0.031124621629714966 0.35434186458587646 10.016142845153809      
333 -0.0802057534456253 0.34835633635520935 10.017339706420898      
334 -0.3148375153541565 0.365115761756897 10.022128105163574      
335 0.15322890877723694 0.35434186458587646 10.036493301391602      
336 -0.20231004059314728 0.35434186458587646 10.041281700134277      
337 -0.16998831927776337 0.3579331636428833 10.037690162658691      
338 0.2693476974964142 0.3603273630142212 10.044873237609863      
339 -0.13048399984836578 0.37229835987091064 10.043676376342773      
340 -0.05267243832349777 0.363918662071228 10.050858497619629      
341 0.31364041566848755 0.35673606395721436 10.047266960144043      
342 -0.15562310814857483 0.37469255924224854 10.055646896362305      
343 0.07062894850969315 0.3687070608139038 10.056844711303711      
344 0.3232172429561615 0.3770867586135864 10.087968826293945      
345 -0.1999158412218094 0.3758896589279175 10.0580415725708      
346 0.07302315533161163 0.37469255924224854 10.052056312561035      
347 0.19871874153614044 0.3663128614425659 10.044873237609863      
348 -0.3076549172401428 0.3758896589279175 10.047266960144043      
349 0.12330138683319092 0.3555389642715454 10.050858497619629      
350 -0.040701430290937424 0.363918662071228 10.034099578857422      
351 -0.24181437492370605 0.3734954595565796 10.05923843383789      
352 0.14844051003456116 0.36152446269989014 10.067618370056152      
353 0.0454898327589035 0.3734954595565796 10.064026832580566      
354 -0.22625206410884857 0.3878606855869293 10.071209907531738      
355 0.21667525172233582 0.37469255924224854 10.067618370056152      
356 -0.09696517139673233 0.36750996112823486 10.044873237609863      
357 -0.06224924325942993 0.3734954595565796 10.0580415725708      
358 0.3770867586135864 0.3734954595565796 10.072406768798828      
359 -0.0347159244120121 0.38307225704193115 10.089165687561035      
360 0.06464344263076782 0.37469255924224854 10.05923843383789      
361 0.34596213698387146 0.3687070608139038 10.071209907531738      
362 -0.10295066982507706 0.38307225704193115 10.085575103759766      
363 0.05506663769483566 0.36750996112823486 10.062829971313477      
364 0.29807811975479126 0.35913026332855225 10.046070098876953      
365 -0.1472434103488922 0.3627215623855591 10.052056312561035      
366 0.10773907601833344 0.3603273630142212 10.034099578857422      
367 0.24420857429504395 0.3471592366695404 10.02691650390625      
368 -0.15682020783424377 0.37469255924224854 10.065223693847656      
369 0.14006079733371735 0.35434186458587646 10.023324966430664      
370 0.13287819921970367 0.365115761756897 10.054450035095215      
371 -0.19033902883529663 0.38546648621559143 10.067618370056152      
372 0.2513911724090576 0.3627215623855591 10.0580415725708      
373 -0.023942016065120697 0.37469255924224854 10.0580415725708      
374 -0.24660277366638184 0.3842693865299225 10.064026832580566      
375 0.13287819921970367 0.363918662071228 10.040084838867188      
376 -0.05267243832349777 0.3519476354122162 10.032901763916016      
377 -0.22385786473751068 0.363918662071228 10.034099578857422      
378 0.243011474609375 0.34835633635520935 10.010157585144043      
379 -0.12449848651885986 0.3579331636428833 10.031704902648926      
380 0.23822307586669922 0.34596213698387146 10.006566047668457      
381 -0.15562310814857483 0.3579331636428833 10.004171371459961      
382 0.07182604819536209 0.36750996112823486 10.041281700134277      
383 0.3232172429561615 0.3579331636428833 10.036493301391602      
384 -0.1843535304069519 0.35673606395721436 10.031704902648926      
385 0.047884032130241394 0.34835633635520935 10.016142845153809      
386 0.25737667083740234 0.3423708379268646 10.006566047668457      
387 -0.23104046285152435 0.363918662071228 10.035296440124512      
388 0.06703764945268631 0.36990416049957275 10.0580415725708      
389 0.16879121959209442 0.3734954595565796 10.053253173828125      
390 -0.23104046285152435 0.3603273630142212 10.030508041381836      
391 0.12210428714752197 0.34356793761253357 9.995792388916016      
392 -0.04429273307323456 0.3471592366695404 10.022128105163574      
393 -0.30047231912612915 0.3687070608139038 10.02691650390625      
394 0.2346317619085312 0.36990416049957275 10.04846477508545      
395 -0.11851298063993454 0.37229835987091064 10.031704902648926      
396 -0.11851298063993454 0.3663128614425659 10.036493301391602      
397 0.24779987335205078 0.3519476354122162 10.040084838867188      
398 -0.1604115068912506 0.363918662071228 10.046070098876953      
399 -0.09816227108240128 0.365115761756897 10.054450035095215      
400 0.3100491166114807 0.35434186458587646 10.053253173828125      
401 -0.21188685297966003 0.3687070608139038 10.049661636352539      
402 -0.021547814831137657 0.3627215623855591 10.036493301391602      
403 0.22266076505184174 0.3447650372982025 10.037690162658691      
404 -0.333991140127182 0.3579331636428833 9.998186111450195      
405 0.031124621629714966 0.34835633635520935 9.99459457397461      
406 0.17956513166427612 0.3555389642715454 10.042478561401367      
407 -0.2849099934101105 0.363918662071228 10.038887977600098      
408 0.19273324310779572 0.3603273630142212 10.041281700134277      
409 -0.023942016065120697 0.37469255924224854 10.049661636352539      
410 -0.24779987335205078 0.38067805767059326 10.0580415725708      
411 0.090979665517807 0.365115761756897 10.053253173828125      
412 0.0071826050989329815 0.363918662071228 10.040084838867188      
413 -0.21787235140800476 0.37828385829925537 10.062829971313477      
414 0.27892449498176575 0.36990416049957275 10.055646896362305      
415 -0.1388636976480484 0.3866635859012604 10.065223693847656      
416 -0.10534487664699554 0.3758896589279175 10.075998306274414      
417 0.3519476354122162 0.363918662071228 10.050858497619629      
418 -0.033518824726343155 0.3758896589279175 10.05923843383789      
419 0.1041477769613266 0.37229835987091064 10.072406768798828      
420 0.33997663855552673 0.36750996112823486 10.052056312561035      
421 -0.08858546614646912 0.3842693865299225 10.079588890075684      
422 0.06823474913835526 0.36990416049957275 10.065223693847656      
423 0.3196259140968323 0.36750996112823486 10.06043529510498      
424 -0.10055647045373917 0.38905778527259827 10.08318042755127      
425 0.2059013396501541 0.3794809579849243 10.070012092590332      
426 0.2717418968677521 0.37469255924224854 10.065223693847656      
427 -0.1951274424791336 0.38307225704193115 10.078392028808594      
428 0.09816227108240128 0.35913026332855225 10.046070098876953      
429 -0.1280897855758667 0.3794809579849243 10.072406768798828      
430 0.15562310814857483 0.365115761756897 10.042478561401367      
431 0.12928688526153564 0.35673606395721436 10.052056312561035      
432 -0.1759738177061081 0.3758896589279175 10.070012092590332      
433 0.25498247146606445 0.3758896589279175 10.075998306274414      
434 -0.014365210197865963 0.36750996112823486 10.056844711303711      
435 -0.22625206410884857 0.36750996112823486 10.049661636352539      
436 0.24420857429504395 0.3531447649002075 10.044873237609863      
437 -0.09816227108240128 0.35913026332855225 10.032901763916016      
438 -0.043095629662275314 0.3603273630142212 10.031704902648926      
439 0.2944868206977844 0.36152446269989014 10.044873237609863      
440 -0.05506663769483566 0.3663128614425659 10.049661636352539      
441 0.0347159244120121 0.3758896589279175 10.041281700134277      
442 0.2513911724090576 0.34356793761253357 10.02811336517334      
443 -0.21547815203666687 0.35434186458587646 10.020931243896484      
444 0.0694318488240242 0.35913026332855225 10.041281700134277      
445 0.29209262132644653 0.3471592366695404 10.029311180114746      
446 -0.2513911724090576 0.34596213698387146 10.016142845153809      
447 -0.043095629662275314 0.33279404044151306 9.996989250183105      
448 0.047884032130241394 0.32680854201316833 9.989806175231934      
449 -0.38546648621559143 0.3447650372982025 9.987412452697754      
450 0.05027823522686958 0.36152446269989014 10.014945983886719      
451 -0.09816227108240128 0.363918662071228 10.042478561401367      
452 -0.25977087020874023 0.3663128614425659 10.02452278137207      
453 0.28131869435310364 0.3555389642715454 10.022128105163574      
454 -0.05267243832349777 0.36152446269989014 10.016142845153809      
455 -0.011971008032560349 0.3495534360408783 10.020931243896484      
456 0.17717093229293823 0.3471592366695404 10.001777648925781      
457 -0.15682020783424377 0.363918662071228 10.019734382629395      
458 -0.14245499670505524 0.363918662071228 10.041281700134277      
459 0.27653029561042786 0.3627215623855591 10.062829971313477      
460 -0.16639702022075653 0.37828385829925537 10.066421508789062      
461 0.09696517139673233 0.365115761756897 10.049661636352539      
462 0.30286651849746704 0.35913026332855225 10.054450035095215      
463 -0.23942017555236816 0.36750996112823486 10.053253173828125      
464 0.09576806426048279 0.36152446269989014 10.056844711303711      
465 0.181959331035614 0.3579331636428833 10.056844711303711      
466 -0.272938996553421 0.3770867586135864 10.049661636352539      
467 0.09696517139673233 0.36152446269989014 10.042478561401367      
468 0.25498247146606445 0.3579331636428833 10.052056312561035      
469 -0.2454056739807129 0.3603273630142212 10.041281700134277      
470 0.1280897855758667 0.37469255924224854 10.073603630065918      
471 -0.11611878126859665 0.3794809579849243 10.055646896362305      
472 -0.2693476974964142 0.36990416049957275 10.043676376342773      
473 0.21428105235099792 0.35434186458587646 10.044873237609863      
474 -0.090979665517807 0.36152446269989014 10.047266960144043      
475 -0.16400282084941864 0.3627215623855591 10.04846477508545      
476 0.2801215946674347 0.363918662071228 10.031704902648926      
477 -0.15322890877723694 0.36990416049957275 10.020931243896484      
478 0.004788403399288654 0.35913026332855225 10.02691650390625      
479 0.2645592987537384 0.3519476354122162 10.02452278137207      
480 -0.16519992053508759 0.3687070608139038 10.02452278137207      
481 0.11372458189725876 0.35673606395721436 10.041281700134277      
482 0.3519476354122162 0.35913026332855225 10.044873237609863      
483 -0.12689268589019775 0.3866635859012604 10.090363502502441      
484 0.21547815203666687 0.37229835987091064 10.085575103759766      
485 0.3016694188117981 0.3687070608139038 10.053253173828125      
486 -0.19033902883529663 0.3794809579849243 10.073603630065918      
487 0.0454898327589035 0.365115761756897 10.052056312561035      
488 -0.22744916379451752 0.37229835987091064 10.047266960144043      
489 0.17956513166427612 0.35075053572654724 10.036493301391602      
490 0.1173158809542656 0.36750996112823486 10.054450035095215      
491 -0.19033902883529663 0.395043283700943 10.073603630065918      
492 0.20470423996448517 0.37828385829925537 10.075998306274414      
493 -0.031124621629714966 0.37229835987091064 10.053253173828125      
494 -0.040701430290937424 0.3818751573562622 10.071209907531738      
495 0.3818751573562622 0.363918662071228 10.050858497619629      
496 -0.043095629662275314 0.37469255924224854 10.052056312561035      
497 -0.016759412363171577 0.365115761756897 10.034099578857422      
498 0.27653029561042786 0.3555389642715454 10.042478561401367      
499 -0.19393034279346466 0.3603273630142212 10.029311180114746      
500 -0.03950432687997818 0.36750996112823486 10.013748168945312      
501 0.1735796183347702 0.34835633635520935 10.005369186401367      
502 -0.2322375625371933 0.3687070608139038 10.018536567687988      
503 -0.008379706181585789 0.36750996112823486 10.014945983886719      
504 0.2777273952960968 0.3411737382411957 10.016142845153809      
505 -0.18076223134994507 0.34356793761253357 10.023324966430664      
506 -0.011971008032560349 0.3579331636428833 10.012551307678223      
507 0.12210428714752197 0.34596213698387146 10.016142845153809      
508 -0.2214636504650116 0.3519476354122162 10.035296440124512      
509 0.1628057211637497 0.35673606395721436 10.030508041381836      
510 -0.02753331884741783 0.35673606395721436 10.049661636352539      
511 -0.22505496442317963 0.36152446269989014 10.019734382629395      
512 0.2561795711517334 0.3447650372982025 10.014945983886719      
513 -0.09816227108240128 0.3579331636428833 10.036493301391602      
514 -0.27413609623908997 0.3687070608139038 10.031704902648926      
515 0.2645592987537384 0.36990416049957275 10.065223693847656      
516 -0.026336219161748886 0.3687070608139038 10.050858497619629      
517 -0.1388636976480484 0.3687070608139038 10.038887977600098      
518 0.2561795711517334 0.3531447649002075 10.029311180114746      
519 -0.22625206410884857 0.35673606395721436 10.013748168945312      
520 -0.08858546614646912 0.36152446269989014 10.013748168945312      
521 0.22744916379451752 0.33518823981285095 10.012551307678223      
522 -0.33039984107017517 0.3387795388698578 9.99100399017334      
523 0.019153613597154617 0.3471592366695404 10.008959770202637      
524 0.11971008777618408 0.36152446269989014 10.037690162658691      
525 -0.304063618183136 0.3711012601852417 10.05923843383789      
526 0.040701430290937424 0.37229835987091064 10.054450035095215      
527 0.15921440720558167 0.36152446269989014 10.054450035095215      
528 -0.33997663855552673 0.35434186458587646 10.018536567687988      
529 0.090979665517807 0.3471592366695404 10.019734382629395      
530 -0.10654197633266449 0.3603273630142212 10.006566047668457      
531 -0.3100491166114807 0.365115761756897 10.030508041381836      
532 0.13407529890537262 0.3734954595565796 10.055646896362305      
533 -0.1951274424791336 0.3627215623855591 10.041281700134277      
534 -0.14484919607639313 0.3579331636428833 10.02811336517334      
535 0.27892449498176575 0.3555389642715454 10.041281700134277      
536 -0.09935937076807022 0.3734954595565796 10.053253173828125      
537 0.08259996026754379 0.3758896589279175 10.067618370056152      
538 0.34356793761253357 0.38307225704193115 10.095151901245117      
539 0.15801730751991272 0.38307225704193115 10.08318042755127      
540 0.333991140127182 0.37828385829925537 10.08198356628418      
541 -0.18914192914962769 0.3902548849582672 10.08318042755127      
542 0.12330138683319092 0.37229835987091064 10.075998306274414      
543 0.25258827209472656 0.3711012601852417 10.050858497619629      
544 -0.17238251864910126 0.38546648621559143 10.068815231323242      
545 0.2585737705230713 0.36750996112823486 10.079588890075684      
546 0.07422025501728058 0.38905778527259827 10.091560363769531      
547 -0.18076223134994507 0.39624038338661194 10.073603630065918      
548 0.19153612852096558 0.35673606395721436 10.064026832580566      
549 0.05267243832349777 0.3770867586135864 10.068815231323242      
550 -0.23582886159420013 0.37828385829925537 10.071209907531738      
551 0.2693476974964142 0.3579331636428833 10.0580415725708      
552 -0.013168109580874443 0.3687070608139038 10.061633110046387      
553 -0.1412578970193863 0.38067805767059326 10.065223693847656      
554 0.2944868206977844 0.34835633635520935 10.031704902648926      
555 -0.07062894850969315 0.3495534360408783 10.044873237609863      
556 -0.05147533491253853 0.34835633635520935 10.02571964263916      
557 0.25498247146606445 0.3555389642715454 10.046070098876953      
558 -0.16639702022075653 0.363918662071228 10.047266960144043      
559 0.2908954918384552 0.363918662071228 10.04846477508545      
560 0.24779987335205078 0.35913026332855225 10.04846477508545      
561 -0.17836803197860718 0.36750996112823486 10.052056312561035      
562 0.07182604819536209 0.3663128614425659 10.044873237609863      
563 0.24660277366638184 0.34596213698387146 10.020931243896484      
564 -0.24899697303771973 0.36750996112823486 10.042478561401367      
565 0.07302315533161163 0.3555389642715454 10.02452278137207      
566 0.1759738177061081 0.3519476354122162 10.030508041381836      
567 -0.26096799969673157 0.3663128614425659 10.049661636352539      
568 0.07661445438861847 0.3663128614425659 10.023324966430664      
569 -0.1256955862045288 0.35434186458587646 10.022128105163574      
570 -0.29209262132644653 0.3603273630142212 10.006566047668457      
571 0.09935937076807022 0.3495534360408783 10.016142845153809      
572 -0.08379705995321274 0.35075053572654724 10.031704902648926      
573 -0.32680854201316833 0.35434186458587646 10.005369186401367      
574 0.18315643072128296 0.3387795388698578 10.013748168945312      
575 -0.06224924325942993 0.34835633635520935 10.010157585144043      
576 -0.1711854189634323 0.3687070608139038 10.029311180114746      
577 0.24899697303771973 0.35673606395721436 10.029311180114746      
578 -0.12090718746185303 0.35075053572654724 10.016142845153809      
579 0.013168109580874443 0.35913026332855225 10.020931243896484      
580 0.2621650993824005 0.3423708379268646 10.029311180114746      
581 -0.20350714027881622 0.3531447649002075 10.042478561401367      
582 0.05626374110579491 0.3663128614425659 10.042478561401367      
583 0.17477671802043915 0.3663128614425659 10.041281700134277      
584 -0.32441434264183044 0.35673606395721436 10.016142845153809      
585 0.08738835901021957 0.35673606395721436 10.032901763916016      
586 0.1604115068912506 0.35673606395721436 10.036493301391602      
587 -0.31603461503982544 0.363918662071228 10.02811336517334      
588 0.13527239859104156 0.3555389642715454 10.043676376342773      
589 -0.028730420395731926 0.3627215623855591 10.046070098876953      
590 -0.3124433159828186 0.3687070608139038 10.042478561401367      
591 0.18315643072128296 0.363918662071228 10.044873237609863      
592 -0.09696517139673233 0.363918662071228 10.034099578857422      
593 -0.06344634294509888 0.35434186458587646 10.04846477508545      
594 0.3016694188117981 0.35434186458587646 10.034099578857422      
595 -0.14006079733371735 0.36152446269989014 10.018536567687988      
596 0.02274491637945175 0.3579331636428833 10.035296440124512      
597 -0.13407529890537262 0.3687070608139038 10.053253173828125      
598 0.06224924325942993 0.37229835987091064 10.071209907531738      
599 0.2645592987537384 0.3758896589279175 10.074800491333008      
600 0.2645592987537384 0.3758896589279175 10.074800491333008      
601 0.10175357013940811 0.36152446269989014 10.022128105163574      
602 0.272938996553421 0.35673606395721436 10.017339706420898      
603 -0.18914192914962769 0.3663128614425659 10.054450035095215      
604 0.11851298063993454 0.35434186458587646 10.023324966430664      
605 0.020350715145468712 0.35913026332855225 10.02691650390625      
606 -0.22026655077934265 0.36990416049957275 10.014945983886719      
607 0.15921440720558167 0.35913026332855225 10.036493301391602      
608 -0.028730420395731926 0.363918662071228 10.038887977600098      
609 -0.2214636504650116 0.3734954595565796 10.044873237609863      
610 0.22625206410884857 0.363918662071228 10.052056312561035      
611 -0.02274491637945175 0.3711012601852417 10.0580415725708      
612 -0.12449848651885986 0.37828385829925537 10.067618370056152      
613 0.28371289372444153 0.3531447649002075 10.02811336517334      
614 -0.038307227194309235 0.37229835987091064 10.06043529510498      
615 0.14844051003456116 0.36750996112823486 10.065223693847656      
616 0.40222588181495667 0.3734954595565796 10.062829971313477      
617 -0.14365209639072418 0.39624038338661194 10.075998306274414      
618 0.0011971008498221636 0.37469255924224854 10.062829971313477      
619 0.31364041566848755 0.3555389642715454 10.035296440124512      
620 -0.12330138683319092 0.3663128614425659 10.050858497619629      
621 0.11851298063993454 0.36750996112823486 10.056844711303711      
622 0.2992752194404602 0.363918662071228 10.0580415725708      
623 -0.1280897855758667 0.3734954595565796 10.068815231323242      
624 0.1280897855758667 0.3531447649002075 10.041281700134277      
625 0.1604115068912506 0.35673606395721436 10.041281700134277      
626 -0.2777273952960968 0.3687070608139038 10.041281700134277      
627 0.15801730751991272 0.3627215623855591 10.02691650390625      
628 -0.11971008777618408 0.365115761756897 10.030508041381836      
629 -0.3016694188117981 0.3711012601852417 10.02811336517334      
630 0.07781155407428741 0.3687070608139038 10.02811336517334      
631 -0.03232172131538391 0.36152446269989014 10.036493301391602      
632 -0.15083470940589905 0.37469255924224854 10.062829971313477      
633 0.30526071786880493 0.3447650372982025 10.036493301391602      
634 -0.07541735470294952 0.3627215623855591 10.031704902648926      
635 -0.16519992053508759 0.3663128614425659 10.041281700134277      
636 0.24181437492370605 0.3531447649002075 10.02452278137207      
637 -0.15682020783424377 0.3447650372982025 10.007762908935547      
638 -0.04908113554120064 0.3603273630142212 10.004171371459961      
639 0.20709845423698425 0.3411737382411957 9.982624053955078      
640 -0.31603461503982544 0.3471592366695404 9.986215591430664      
641 0.2861070930957794 0.35434186458587646 10.006566047668457      
642 0.2406172752380371 0.34356793761253357 9.999382972717285      
643 -0.2908954918384552 0.37229835987091064 10.032901763916016      
644 0.040701430290937424 0.365115761756897 10.02811336517334      
645 0.1256955862045288 0.36152446269989014 10.02571964263916      
646 -0.33518823981285095 0.365115761756897 10.020931243896484      
647 0.11611878126859665 0.365115761756897 10.053253173828125      
648 -0.02753331884741783 0.3627215623855591 10.031704902648926      
649 -0.2801215946674347 0.3687070608139038 10.044873237609863      
650 0.24660277366638184 0.3734954595565796 10.067618370056152      
651 -0.13766659796237946 0.3758896589279175 10.054450035095215      
652 -0.13407529890537262 0.3579331636428833 10.040084838867188      
653 0.304063618183136 0.3531447649002075 10.042478561401367      
654 -0.13287819921970367 0.3663128614425659 10.049661636352539      
655 -0.06464344263076782 0.35913026332855225 10.050858497619629      
656 0.36750996112823486 0.365115761756897 10.067618370056152      
657 -0.11252748221158981 0.3842693865299225 10.074800491333008      
658 0.0586579404771328 0.37828385829925537 10.071209907531738      
659 0.3100491166114807 0.3711012601852417 10.073603630065918      
660 -0.15562310814857483 0.3711012601852417 10.038887977600098      
661 0.14844051003456116 0.3603273630142212 10.023324966430664      
662 -0.22744916379451752 0.3794809579849243 10.062829971313477      
663 0.11611878126859665 0.36990416049957275 10.079588890075684      
664 -0.09696517139673233 0.3758896589279175 10.049661636352539      
665 -0.25019407272338867 0.3794809579849243 10.038887977600098      
666 -0.25019407272338867 0.3794809579849243 10.038887977600098      
667 -0.02274491637945175 0.3794809579849243 10.056844711303711      
668 -0.25498247146606445 0.38067805767059326 10.041281700134277      
669 0.2561795711517334 0.3531447649002075 10.02811336517334      
670 -0.07302315533161163 0.365115761756897 10.038887977600098      
671 -0.13287819921970367 0.37469255924224854 10.061633110046387      
672 0.33039984107017517 0.36152446269989014 10.037690162658691      
673 -0.05027823522686958 0.3711012601852417 10.034099578857422      
674 0.04429273307323456 0.3711012601852417 10.043676376342773      
675 0.34835633635520935 0.3758896589279175 10.066421508789062      
676 -0.11013327538967133 0.3794809579849243 10.078392028808594      
677 0.061052143573760986 0.36990416049957275 10.065223693847656      
678 0.3423708379268646 0.35913026332855225 10.055646896362305      
679 -0.13407529890537262 0.37469255924224854 10.087968826293945      
680 0.14365209639072418 0.3627215623855591 10.077195167541504      
681 0.27892449498176575 0.35434186458587646 10.050858497619629      
682 -0.14844051003456116 0.3770867586135864 10.05923843383789      
683 0.05626374110579491 0.36990416049957275 10.054450035095215      
684 0.07182604819536209 0.3519476354122162 10.044873237609863      
685 -0.2561795711517334 0.3579331636428833 10.02811336517334      
686 0.13168109953403473 0.35673606395721436 10.029311180114746      
687 -0.004788403399288654 0.3471592366695404 10.030508041381836      
688 -0.22864626348018646 0.3603273630142212 10.055646896362305      
689 0.1496376097202301 0.35913026332855225 10.035296440124512      
690 -0.004788403399288654 0.35913026332855225 10.04846477508545      
691 -0.18914192914962769 0.3758896589279175 10.062829971313477      
692 0.21428105235099792 0.3531447649002075 10.008959770202637      
693 -0.0694318488240242 0.36152446269989014 10.02571964263916      
694 -0.031124621629714966 0.36152446269989014 10.044873237609863      
695 0.33279404044151306 0.35673606395721436 10.044873237609863      
696 -0.16160862147808075 0.3711012601852417 10.046070098876953      
697 0.002394201699644327 0.3711012601852417 10.034099578857422      
698 0.22026655077934265 0.35075053572654724 10.019734382629395      
699 -0.2513911724090576 0.3579331636428833 10.02691650390625      
700 0.06344634294509888 0.35075053572654724 10.022128105163574      
701 0.24779987335205078 0.3471592366695404 10.020931243896484      
702 -0.27054479718208313 0.363918662071228 10.02691650390625      
703 0.017956512048840523 0.363918662071228 10.032901763916016      
704 0.18794482946395874 0.3555389642715454 10.040084838867188      
705 -0.272938996553421 0.3555389642715454 10.02811336517334      
706 0.07781155407428741 0.3711012601852417 10.049661636352539      
707 -0.12689268589019775 0.35913026332855225 10.035296440124512      
708 -0.304063618183136 0.36750996112823486 10.038887977600098      
709 0.2190694510936737 0.35434186458587646 10.042478561401367      
710 -0.11851298063993454 0.3627215623855591 10.02811336517334      
711 -0.12449848651885986 0.35434186458587646 10.034099578857422      
712 0.272938996553421 0.35434186458587646 10.034099578857422      
713 -0.1256955862045288 0.36750996112823486 10.044873237609863      
714 0.0694318488240242 0.36990416049957275 10.054450035095215      
715 -0.1388636976480484 0.3627215623855591 10.041281700134277      
716 0.04908113554120064 0.3555389642715454 10.040084838867188      
717 0.21787235140800476 0.35673606395721436 10.04846477508545      
718 -0.3363853394985199 0.37229835987091064 10.037690162658691      
719 0.06823474913835526 0.35673606395721436 10.044873237609863      
720 0.14365209639072418 0.35673606395721436 10.042478561401367      
721 -0.32441434264183044 0.3603273630142212 10.029311180114746      
722 0.10055647045373917 0.3531447649002075 10.032901763916016      
723 -0.11611878126859665 0.36990416049957275 10.031704902648926      
724 -0.3280056416988373 0.37229835987091064 10.02571964263916      
725 0.09935937076807022 0.35913026332855225 10.042478561401367      
726 -0.05985504388809204 0.3579331636428833 10.031704902648926      
727 -0.2346317619085312 0.3711012601852417 10.061633110046387      
728 0.2992752194404602 0.36990416049957275 10.073603630065918      
729 -0.033518824726343155 0.3734954595565796 10.067618370056152      
730 -0.06823474913835526 0.37469255924224854 10.067618370056152      
731 0.3758896589279175 0.3734954595565796 10.072406768798828      
732 -0.0035913025494664907 0.3734954595565796 10.061633110046387      
733 0.02753331884741783 0.365115761756897 10.044873237609863      
734 0.3124433159828186 0.3603273630142212 10.041281700134277      
735 -0.1472434103488922 0.3758896589279175 10.070012092590332      
736 0.05626374110579491 0.3627215623855591 10.04846477508545      
737 0.33039984107017517 0.3495534360408783 10.040084838867188      
738 -0.1388636976480484 0.37828385829925537 10.070012092590332      
739 0.21547815203666687 0.3758896589279175 10.074800491333008      
740 0.2753331959247589 0.3734954595565796 10.075998306274414      
741 -0.23582886159420013 0.37469255924224854 10.072406768798828      
742 0.11252748221158981 0.35913026332855225 10.056844711303711      
743 0.12090718746185303 0.3579331636428833 10.067618370056152      
744 -0.20949265360832214 0.36152446269989014 10.062829971313477      
745 0.2106897532939911 0.34356793761253357 10.034099578857422      
746 -0.09816227108240128 0.3531447649002075 10.02571964263916      
747 -0.2849099934101105 0.35673606395721436 10.042478561401367      
748 0.16519992053508759 0.35913026332855225 10.031704902648926      
749 -0.061052143573760986 0.3627215623855591 10.030508041381836      
750 -0.1149216815829277 0.37229835987091064 10.073603630065918      
751 0.3411737382411957 0.34356793761253357 10.035296440124512      
752 -0.06823474913835526 0.3687070608139038 10.042478561401367      
753 -0.043095629662275314 0.3603273630142212 10.050858497619629      
754 0.25977087020874023 0.3531447649002075 10.034099578857422      
755 -0.15322890877723694 0.363918662071228 10.023324966430664      
756 0.061052143573760986 0.3711012601852417 10.036493301391602      
757 0.23343466222286224 0.3579331636428833 10.032901763916016      
758 -0.28730419278144836 0.36152446269989014 10.023324966430664      
759 -0.033518824726343155 0.36152446269989014 10.010157585144043      
760 0.2346317619085312 0.34835633635520935 10.008959770202637      
761 -0.2669534981250763 0.3579331636428833 10.018536567687988      
762 0.05027823522686958 0.34835633635520935 9.996989250183105      
763 -0.27653029561042786 0.3519476354122162 10.012551307678223      
764 -0.27653029561042786 0.3519476354122162 10.012551307678223      
765 -0.0586579404771328 0.35075053572654724 10.02811336517334      
766 -0.2801215946674347 0.36152446269989014 10.008959770202637      
767 0.19632454216480255 0.35075053572654724 10.018536567687988      
768 -0.1173158809542656 0.3603273630142212 10.02691650390625      
769 -0.2908954918384552 0.365115761756897 10.053253173828125      
770 0.21547815203666687 0.3447650372982025 10.018536567687988      
771 -0.18555063009262085 0.3555389642715454 10.018536567687988      
772 -0.13048399984836578 0.34835633635520935 10.010157585144043      
773 0.30286651849746704 0.3603273630142212 10.053253173828125      
774 -0.17956513166427612 0.36990416049957275 10.050858497619629      
775 -0.004788403399288654 0.365115761756897 10.042478561401367      
776 0.181959331035614 0.35434186458587646 10.013748168945312      
777 -0.2885012924671173 0.3579331636428833 10.008959770202637      
778 0.08858546614646912 0.3495534360408783 10.02571964263916      
779 0.16998831927776337 0.3627215623855591 10.049661636352539      
780 -0.2944868206977844 0.36750996112823486 10.043676376342773      
781 0.11611878126859665 0.36152446269989014 10.047266960144043      
782 -0.04908113554120064 0.363918662071228 10.02452278137207      
783 -0.2801215946674347 0.3627215623855591 10.040084838867188      
784 0.17477671802043915 0.3627215623855591 10.072406768798828      
785 -0.07781155407428741 0.3734954595565796 10.05923843383789      
786 -0.27413609623908997 0.3627215623855591 10.046070098876953      
787 0.25977087020874023 0.3495534360408783 10.047266960144043      
788 -0.08140286058187485 0.3663128614425659 10.056844711303711      
789 -0.09816227108240128 0.36750996112823486 10.053253173828125      
790 0.3292027413845062 0.37229835987091064 10.05923843383789      
791 -0.08140286058187485 0.38905778527259827 10.055646896362305      
792 0.12449848651885986 0.3794809579849243 10.065223693847656      
793 0.3411737382411957 0.365115761756897 10.05923843383789      
794 -0.10175357013940811 0.3734954595565796 10.052056312561035      
795 0.09217676520347595 0.3663128614425659 10.066421508789062      
796 0.31124621629714966 0.3687070608139038 10.061633110046387      
797 -0.12928688526153564 0.3770867586135864 10.068815231323242      
798 0.1951274424791336 0.3758896589279175 10.077195167541504      
799 0.3124433159828186 0.3794809579849243 10.086771965026855      
800 -0.1867477297782898 0.3711012601852417 10.066421508789062      
801 0.08259996026754379 0.34356793761253357 10.02571964263916      
802 0.07062894850969315 0.3627215623855591 10.049661636352539      
803 -0.18555063009262085 0.38905778527259827 10.067618370056152      
804 0.2944868206977844 0.3687070608139038 10.0580415725708      
805 -0.005985504016280174 0.36990416049957275 10.054450035095215      
806 -0.18076223134994507 0.3758896589279175 10.055646896362305      
807 0.23104046285152435 0.36750996112823486 10.056844711303711      
808 -0.10893617570400238 0.3794809579849243 10.056844711303711      
809 -0.17717093229293823 0.37828385829925537 10.055646896362305      
810 0.3196259140968323 0.35075053572654724 10.035296440124512      
811 -0.07302315533161163 0.3663128614425659 10.061633110046387      
812 -0.03950432687997818 0.36152446269989014 10.038887977600098      
813 0.28969839215278625 0.3519476354122162 10.031704902648926      
814 -0.12210428714752197 0.3579331636428833 10.035296440124512      
815 0.020350715145468712 0.36990416049957275 10.047266960144043      
816 0.25019407272338867 0.3519476354122162 10.044873237609863      
817 0.11611878126859665 0.37469255924224854 10.065223693847656      
818 0.11611878126859665 0.37469255924224854 10.065223693847656      
819 0.3100491166114807 0.35673606395721436 10.0580415725708      
820 -0.17956513166427612 0.3663128614425659 10.071209907531738      
821 0.0802057534456253 0.3687070608139038 10.047266960144043      
822 0.18076223134994507 0.365115761756897 10.04846477508545      
823 -0.23582886159420013 0.37229835987091064 10.052056312561035      
824 -0.06344634294509888 0.3627215623855591 10.050858497619629      
825 -0.33279404044151306 0.3663128614425659 10.016142845153809      
826 0.19033902883529663 0.3447650372982025 10.018536567687988      
827 -0.08978256583213806 0.3423708379268646 10.029311180114746      
828 -0.33039984107017517 0.3627215623855591 10.013748168945312      
829 0.1628057211637497 0.3579331636428833 10.011354446411133      
830 -0.11013327538967133 0.35075053572654724 10.018536567687988      
831 -0.16759411990642548 0.3603273630142212 10.020931243896484      
832 0.21547815203666687 0.3531447649002075 10.010157585144043      
833 -0.1843535304069519 0.34835633635520935 10.008959770202637      
834 -0.010773907415568829 0.3579331636428833 10.001777648925781      
835 0.2082955539226532 0.3495534360408783 10.02571964263916      
836 -0.34596213698387146 0.35075053572654724 10.001777648925781      
837 0.06823474913835526 0.34596213698387146 10.008959770202637      
838 0.13168109953403473 0.363918662071228 10.046070098876953      
839 -0.28730419278144836 0.37828385829925537 10.035296440124512      
840 0.10055647045373917 0.365115761756897 10.035296440124512      
841 0.18555063009262085 0.3734954595565796 10.072406768798828      
842 -0.2944868206977844 0.3687070608139038 10.02691650390625      
843 0.06224924325942993 0.3555389642715454 10.014945983886719      
844 -0.10773907601833344 0.35913026332855225 10.02811336517334      
845 -0.29807811975479126 0.363918662071228 10.029311180114746      
846 0.15801730751991272 0.35913026332855225 10.037690162658691      
847 -0.13766659796237946 0.363918662071228 10.030508041381836      
848 -0.1412578970193863 0.3603273630142212 10.012551307678223      
849 0.27413609623908997 0.35913026332855225 10.029311180114746      
850 -0.1843535304069519 0.3687070608139038 10.02811336517334      
851 0.004788403399288654 0.36750996112823486 10.043676376342773      
852 0.30526071786880493 0.3711012601852417 10.070012092590332      
853 -0.1388636976480484 0.3794809579849243 10.06043529510498      
854 0.05746084079146385 0.36152446269989014 10.054450035095215      
855 0.28131869435310364 0.35434186458587646 10.038887977600098      
856 -0.26575639843940735 0.36152446269989014 10.018536567687988      
857 0.14245499670505524 0.3531447649002075 10.02691650390625      
858 0.2585737705230713 0.3663128614425659 10.053253173828125      
859 -0.21188685297966003 0.3794809579849243 10.091560363769531      
860 0.20470423996448517 0.3627215623855591 10.067618370056152      
861 0.08978256583213806 0.3758896589279175 10.070012092590332      
862 -0.22625206410884857 0.38905778527259827 10.06043529510498      
863 0.15801730751991272 0.36750996112823486 10.042478561401367      
864 0.017956512048840523 0.3734954595565796 10.046070098876953      
865 -0.19632454216480255 0.38905778527259827 10.061633110046387      
866 0.2454056739807129 0.3711012601852417 10.072406768798828      
867 -0.16400282084941864 0.3770867586135864 10.054450035095215      
868 -0.06584054976701736 0.37229835987091064 10.067618370056152      
869 0.3902548849582672 0.3603273630142212 10.0580415725708      
870 -0.11851298063993454 0.3794809579849243 10.073603630065918      
871 0.09217676520347595 0.36152446269989014 10.0580415725708      
872 0.38905778527259827 0.365115761756897 10.053253173828125      
873 -0.05147533491253853 0.37229835987091064 10.064026832580566      
874 0.02992752194404602 0.37469255924224854 10.041281700134277      
875 0.25977087020874023 0.3531447649002075 10.037690162658691      
876 -0.11611878126859665 0.3531447649002075 10.042478561401367      
877 0.05027823522686958 0.35673606395721436 10.029311180114746      
878 0.25498247146606445 0.34356793761253357 10.031704902648926      
879 -0.15921440720558167 0.3603273630142212 10.056844711303711      
880 0.1280897855758667 0.3579331636428833 10.04846477508545      
881 -0.24899697303771973 0.37469255924224854 10.068815231323242      
882 0.181959331035614 0.36750996112823486 10.064026832580566      
883 -0.031124621629714966 0.35913026332855225 10.047266960144043      
884 -0.30885201692581177 0.3603273630142212 10.011354446411133      
885 0.02992752194404602 0.3471592366695404 9.999382972717285      
886 -0.12210428714752197 0.35075053572654724 10.008959770202637      
887 -0.30286651849746704 0.3603273630142212 10.020931243896484      
888 0.22026655077934265 0.35434186458587646 10.02811336517334      
889 -0.10654197633266449 0.35434186458587646 10.022128105163574      
890 -0.13287819921970367 0.3495534360408783 10.007762908935547      
891 0.26096799969673157 0.35434186458587646 10.031704902648926      
892 -0.14006079733371735 0.3531447649002075 10.020931243896484      
893 -0.14006079733371735 0.3579331636428833 10.020931243896484      
894 0.26096799969673157 0.34835633635520935 10.013748168945312      
895 -0.1975216418504715 0.365115761756897 10.036493301391602      
896 0.043095629662275314 0.37229835987091064 10.041281700134277      
897 0.2406172752380371 0.3579331636428833 10.029311180114746      
898 -0.3734954595565796 0.35434186458587646 9.99220085144043      
899 -0.009576806798577309 0.35434186458587646 10.001777648925781      
900 0.1496376097202301 0.3519476354122162 10.031704902648926      
901 -0.25737667083740234 0.34356793761253357 10.019734382629395      
902 0.09576806426048279 0.3495534360408783 10.032901763916016      
903 -0.27653029561042786 0.365115761756897 10.032901763916016      
904 0.2753331959247589 0.3687070608139038 10.077195167541504      
905 -0.15801730751991272 0.3734954595565796 10.064026832580566      
906 -0.12449848651885986 0.3531447649002075 10.029311180114746      
907 -0.12449848651885986 0.3531447649002075 10.029311180114746      
908 -0.18794482946395874 0.3711012601852417 10.050858497619629      
909 0.11971008777618408 0.3687070608139038 10.047266960144043      
910 0.3627215623855591 0.3687070608139038 10.074800491333008      
911 -0.12330138683319092 0.3734954595565796 10.053253173828125      
912 0.05147533491253853 0.365115761756897 10.038887977600098      
913 0.23582886159420013 0.35673606395721436 10.042478561401367      
914 -0.3232172429561615 0.3687070608139038 10.020931243896484      
915 0.1149216815829277 0.35913026332855225 10.040084838867188      
916 0.152031809091568 0.3734954595565796 10.046070098876953      
917 -0.3363853394985199 0.37229835987091064 10.041281700134277      
918 0.14245499670505524 0.3555389642715454 10.04846477508545      
919 -0.07900865375995636 0.365115761756897 10.02571964263916      
920 -0.28969839215278625 0.3579331636428833 10.02811336517334      
921 0.11372458189725876 0.35673606395721436 10.038887977600098      
922 -0.004788403399288654 0.37469255924224854 10.0580415725708      
923 -0.19393034279346466 0.37828385829925537 10.05923843383789      
924 0.28730419278144836 0.365115761756897 10.056844711303711      
925 -0.05386953800916672 0.37229835987091064 10.065223693847656      
926 -0.09935937076807022 0.3687070608139038 10.05923843383789      
927 0.3495534360408783 0.365115761756897 10.06043529510498      
928 -0.12689268589019775 0.3711012601852417 10.042478561401367      
929 0.05985504388809204 0.3495534360408783 10.02571964263916      
930 0.3064578175544739 0.35075053572654724 10.044873237609863      
931 -0.1256955862045288 0.36152446269989014 10.054450035095215      
932 0.040701430290937424 0.363918662071228 10.052056312561035      
933 0.3148375153541565 0.3531447649002075 10.044873237609863      
934 -0.17717093229293823 0.35434186458587646 10.042478561401367      
935 0.07182604819536209 0.3555389642715454 10.038887977600098      
936 0.22266076505184174 0.35075053572654724 10.041281700134277      
937 -0.2322375625371933 0.3579331636428833 10.035296440124512      
938 0.13168109953403473 0.3471592366695404 10.046070098876953      
939 0.07422025501728058 0.36990416049957275 10.041281700134277      
940 -0.31364041566848755 0.37828385829925537 10.020931243896484      
941 0.1149216815829277 0.3579331636428833 10.034099578857422      
942 -0.033518824726343155 0.35673606395721436 10.037690162658691      
943 -0.23343466222286224 0.37469255924224854 10.047266960144043      
944 0.10534487664699554 0.35913026332855225 10.035296440124512      
945 0.0071826050989329815 0.35434186458587646 10.04846477508545      
946 -0.1041477769613266 0.3687070608139038 10.075998306274414      
947 0.2753331959247589 0.3794809579849243 10.08078670501709      
948 0.03232172131538391 0.3794809579849243 10.071209907531738      
949 0.02992752194404602 0.365115761756897 10.064026832580566      
950 0.25019407272338867 0.35673606395721436 10.02811336517334      
951 -0.03232172131538391 0.363918662071228 10.020931243896484      
952 0.038307227194309235 0.3579331636428833 10.029311180114746      
953 0.11971008777618408 0.3555389642715454 10.037690162658691      
954 -0.12689268589019775 0.3627215623855591 10.016142845153809      
955 -0.02753331884741783 0.35434186458587646 10.018536567687988      
956 0.09816227108240128 0.3603273630142212 10.022128105163574      
957 -0.09217676520347595 0.3579331636428833 10.047266960144043      
958 0.0454898327589035 0.35673606395721436 10.016142845153809      
959 0.1496376097202301 0.35434186458587646 10.019734382629395      
960 -0.03232172131538391 0.3531447649002075 10.022128105163574      
961 -0.005985504016280174 0.35434186458587646 10.02452278137207      
962 -0.1280897855758667 0.3663128614425659 10.029311180114746      
963 0.04668693244457245 0.36152446269989014 10.042478561401367      
964 -0.019153613597154617 0.36152446269989014 10.047266960144043      
965 -0.07661445438861847 0.3663128614425659 10.032901763916016      
966 0.061052143573760986 0.3627215623855591 10.04846477508545      
967 0.05147533491253853 0.3663128614425659 10.073603630065918      
968 0.04908113554120064 0.3758896589279175 10.06043529510498      
969 0.090979665517807 0.37828385829925537 10.068815231323242      
970 -0.019153613597154617 0.37828385829925537 10.068815231323242      
971 0.03950432687997818 0.365115761756897 10.056844711303711      
972 0.05267243832349777 0.3734954595565796 10.068815231323242      
973 0.061052143573760986 0.36750996112823486 10.056844711303711      
974 0.06344634294509888 0.365115761756897 10.055646896362305      
975 0.05746084079146385 0.37229835987091064 10.053253173828125      
976 0.05506663769483566 0.3770867586135864 10.054450035095215      
977 0.05746084079146385 0.37469255924224854 10.0580415725708      
978 0.04429273307323456 0.36990416049957275 10.055646896362305      
979 0.040701430290937424 0.36152446269989014 10.049661636352539      
980 0.028730420395731926 0.3579331636428833 10.040084838867188      
981 0.021547814831137657 0.3603273630142212 10.046070098876953      
982 0.014365210197865963 0.365115761756897 10.052056312561035      
983 0.005985504016280174 0.3627215623855591 10.042478561401367      
984 0.005985504016280174 0.3663128614425659 10.042478561401367      
985 0.0071826050989329815 0.36152446269989014 10.04846477508545      
986 0.002394201699644327 0.36152446269989014 10.041281700134277      
987 0.019153613597154617 0.36152446269989014 10.036493301391602      
988 0.017956512048840523 0.3603273630142212 10.040084838867188      
989 0.028730420395731926 0.35913026332855225 10.049661636352539      
990 0.02753331884741783 0.36152446269989014 10.044873237609863      
991 0.023942016065120697 0.35913026332855225 10.044873237609863      
992 0.02992752194404602 0.35913026332855225 10.046070098876953      
993 0.021547814831137657 0.363918662071228 10.041281700134277      
994 0.02992752194404602 0.363918662071228 10.044873237609863      
995 0.02992752194404602 0.3687070608139038 10.043676376342773      
996 0.028730420395731926 0.3687070608139038 10.052056312561035      
997 0.035913024097681046 0.3627215623855591 10.036493301391602      
998 0.023942016065120697 0.3603273630142212 10.047266960144043      
999 0.023942016065120697 0.3603273630142212 10.041281700134277      
1000 0.02753331884741783 0.35913026332855225 10.049661636352539      
1001 0.028730420395731926 0.363918662071228 10.046070098876953      
1002 0.02753331884741783 0.36152446269989014 10.046070098876953      
1003 0.03232172131538391 0.36750996112823486 10.038887977600098      
1004 0.02753331884741783 0.3627215623855591 10.040084838867188      
1005 0.02753331884741783 0.36152446269989014 10.042478561401367      
1006 0.021547814831137657 0.36152446269989014 10.041281700134277      
1007 0.020350715145468712 0.36152446269989014 10.040084838867188      
1008 0.02274491637945175 0.35913026332855225 10.046070098876953      
1009 0.02274491637945175 0.35913026332855225 10.042478561401367      
1010 0.021547814831137657 0.3603273630142212 10.041281700134277      
1011 0.021547814831137657 0.363918662071228 10.042478561401367      
1012 0.019153613597154617 0.3663128614425659 10.043676376342773      
1013 0.02274491637945175 0.365115761756897 10.04846477508545      
1014 0.019153613597154617 0.363918662071228 10.046070098876953      
1015 0.02513911761343479 0.3663128614425659 10.043676376342773      
1016 0.020350715145468712 0.36152446269989014 10.043676376342773      
1017 0.02513911761343479 0.365115761756897 10.044873237609863      
1018 0.02513911761343479 0.363918662071228 10.044873237609863      
1019 0.019153613597154617 0.36152446269989014 10.041281700134277      
1020 0.020350715145468712 0.363918662071228 10.043676376342773      
1021 0.02274491637945175 0.3627215623855591 10.046070098876953      
1022 0.02274491637945175 0.363918662071228 10.042478561401367      
1023 0.02753331884741783 0.3663128614425659 10.042478561401367      
1024 0.02513911761343479 0.36152446269989014 10.043676376342773      
1025 0.02513911761343479 0.363918662071228 10.047266960144043      
1026 0.02513911761343479 0.36152446269989014 10.04846477508545      
1027 0.02513911761343479 0.36152446269989014 10.047266960144043      
1028 0.023942016065120697 0.365115761756897 10.044873237609863      
1029 0.021547814831137657 0.36152446269989014 10.042478561401367      
1030 0.026336219161748886 0.36152446269989014 10.042478561401367      
1031 0.026336219161748886 0.3603273630142212 10.043676376342773      
1032 0.02274491637945175 0.3603273630142212 10.04846477508545      
1033 0.02753331884741783 0.3603273630142212 10.044873237609863      
1034 0.02753331884741783 0.3627215623855591 10.047266960144043      
1035 0.028730420395731926 0.3627215623855591 10.046070098876953      
1036 0.023942016065120697 0.3627215623855591 10.044873237609863      
1037 0.023942016065120697 0.36152446269989014 10.046070098876953      
1038 0.028730420395731926 0.3579331636428833 10.041281700134277      
1039 0.02753331884741783 0.35913026332855225 10.044873237609863      
1040 0.023942016065120697 0.3627215623855591 10.046070098876953      
1041 0.02274491637945175 0.3603273630142212 10.049661636352539      
1042 0.026336219161748886 0.3627215623855591 10.04846477508545      
1043 0.023942016065120697 0.36152446269989014 10.046070098876953      
1044 0.02753331884741783 0.3663128614425659 10.044873237609863      
1045 0.028730420395731926 0.365115761756897 10.043676376342773      
1046 0.02992752194404602 0.363918662071228 10.044873237609863      
1047 0.02753331884741783 0.36152446269989014 10.043676376342773      
1048 0.023942016065120697 0.36152446269989014 10.042478561401367      
1049 0.02274491637945175 0.3627215623855591 10.04846477508545      
1050 0.02513911761343479 0.36152446269989014 10.049661636352539      
1051 0.02513911761343479 0.36152446269989014 10.049661636352539      
1052 0.026336219161748886 0.3663128614425659 10.044873237609863      
1053 0.02753331884741783 0.35913026332855225 10.043676376342773      
1054 0.026336219161748886 0.36152446269989014 10.050858497619629      
1055 0.02274491637945175 0.365115761756897 10.052056312561035      
1056 0.021547814831137657 0.365115761756897 10.049661636352539      
1057 0.02274491637945175 0.36152446269989014 10.044873237609863      
1058 0.02274491637945175 0.363918662071228 10.046070098876953      
1059 0.021547814831137657 0.36152446269989014 10.042478561401367      
1060 0.020350715145468712 0.3603273630142212 10.040084838867188      
1061 0.021547814831137657 0.3627215623855591 10.044873237609863      
1062 0.026336219161748886 0.363918662071228 10.046070098876953      
1063 0.02753331884741783 0.35913026332855225 10.046070098876953      
1064 0.028730420395731926 0.36152446269989014 10.046070098876953      
1065 0.02992752194404602 0.3663128614425659 10.038887977600098      
1066 0.031124621629714966 0.365115761756897 10.041281700134277      
1067 0.028730420395731926 0.363918662071228 10.041281700134277      
1068 0.026336219161748886 0.36750996112823486 10.041281700134277      
1069 0.02753331884741783 0.3663128614425659 10.041281700134277      
1070 0.02274491637945175 0.365115761756897 10.044873237609863      
1071 0.02513911761343479 0.363918662071228 10.037690162658691      
1072 0.026336219161748886 0.365115761756897 10.037690162658691      
1073 0.02753331884741783 0.3627215623855591 10.037690162658691      
1074 0.02992752194404602 0.3603273630142212 10.032901763916016      
1075 0.02513911761343479 0.363918662071228 10.034099578857422      
1076 0.02513911761343479 0.363918662071228 10.040084838867188      
1077 0.026336219161748886 0.365115761756897 10.038887977600098      
1078 0.028730420395731926 0.36750996112823486 10.042478561401367      
1079 0.02274491637945175 0.365115761756897 10.042478561401367      
1080 0.021547814831137657 0.3687070608139038 10.042478561401367      
1081 0.02274491637945175 0.36750996112823486 10.042478561401367      
1082 0.02513911761343479 0.365115761756897 10.038887977600098      
1083 0.023942016065120697 0.363918662071228 10.046070098876953      
1084 0.02753331884741783 0.365115761756897 10.041281700134277      
1085 0.026336219161748886 0.3663128614425659 10.042478561401367      
1086 0.02753331884741783 0.365115761756897 10.044873237609863      
1087 0.02753331884741783 0.3663128614425659 10.044873237609863      
1088 0.026336219161748886 0.3663128614425659 10.04846477508545      
1089 0.02753331884741783 0.3663128614425659 10.044873237609863      
1090 0.028730420395731926 0.3627215623855591 10.044873237609863      
1091 0.031124621629714966 0.36152446269989014 10.04846477508545      
1092 0.028730420395731926 0.363918662071228 10.043676376342773      
1093 0.026336219161748886 0.3627215623855591 10.042478561401367      
1094 0.026336219161748886 0.363918662071228 10.044873237609863      
1095 0.026336219161748886 0.365115761756897 10.043676376342773      
1096 0.028730420395731926 0.3687070608139038 10.042478561401367      
1097 0.02992752194404602 0.3687070608139038 10.049661636352539      
1098 0.02992752194404602 0.365115761756897 10.04846477508545      
1099 0.02992752194404602 0.36152446269989014 10.046070098876953      
1100 0.028730420395731926 0.3627215623855591 10.047266960144043      
1101 0.028730420395731926 0.3627215623855591 10.043676376342773      
1102 0.028730420395731926 0.3663128614425659 10.044873237609863      
1103 0.02992752194404602 0.3663128614425659 10.047266960144043      
1104 0.03232172131538391 0.36152446269989014 10.043676376342773      
1105 0.02992752194404602 0.3603273630142212 10.042478561401367      
1106 0.02753331884741783 0.35913026332855225 10.038887977600098      
1107 0.02513911761343479 0.35673606395721436 10.041281700134277      
1108 0.02513911761343479 0.3603273630142212 10.038887977600098      
1109 0.02513911761343479 0.3627215623855591 10.041281700134277      
1110 0.023942016065120697 0.36750996112823486 10.040084838867188      
1111 0.02274491637945175 0.36750996112823486 10.044873237609863      
1112 0.026336219161748886 0.3687070608139038 10.043676376342773      
1113 0.031124621629714966 0.3627215623855591 10.041281700134277      
1114 0.02513911761343479 0.36152446269989014 10.043676376342773      
1115 0.023942016065120697 0.3627215623855591 10.046070098876953      
1116 0.026336219161748886 0.363918662071228 10.044873237609863      
1117 0.02513911761343479 0.3663128614425659 10.04846477508545      
1118 0.026336219161748886 0.365115761756897 10.046070098876953      
1119 0.026336219161748886 0.3627215623855591 10.050858497619629      
1120 0.02753331884741783 0.3603273630142212 10.050858497619629      
1121 0.02753331884741783 0.3603273630142212 10.047266960144043      
1122 0.02513911761343479 0.36152446269989014 10.047266960144043      
1123 0.02992752194404602 0.363918662071228 10.049661636352539      
1124 0.026336219161748886 0.365115761756897 10.044873237609863      
1125 0.026336219161748886 0.3603273630142212 10.040084838867188      
1126 0.02753331884741783 0.36152446269989014 10.043676376342773      
1127 0.02753331884741783 0.3603273630142212 10.044873237609863      
1128 0.03232172131538391 0.363918662071228 10.042478561401367      
1129 0.03232172131538391 0.365115761756897 10.038887977600098      
1130 0.031124621629714966 0.36750996112823486 10.041281700134277      
1131 0.02992752194404602 0.3687070608139038 10.041281700134277      
1132 0.033518824726343155 0.3627215623855591 10.043676376342773      
1133 0.028730420395731926 0.3627215623855591 10.044873237609863      
1134 0.02513911761343479 0.3603273630142212 10.044873237609863      
1135 0.026336219161748886 0.365115761756897 10.042478561401367      
1136 0.028730420395731926 0.365115761756897 10.044873237609863      
1137 0.028730420395731926 0.3687070608139038 10.040084838867188      
1138 0.023942016065120697 0.365115761756897 10.043676376342773      
1139 0.026336219161748886 0.363918662071228 10.046070098876953      
1140 0.026336219161748886 0.3627215623855591 10.041281700134277      
1141 0.02753331884741783 0.3663128614425659 10.037690162658691      
1142 0.026336219161748886 0.3663128614425659 10.040084838867188      
1143 0.028730420395731926 0.3627215623855591 10.038887977600098      
1144 0.023942016065120697 0.363918662071228 10.044873237609863      
1145 0.02513911761343479 0.36152446269989014 10.044873237609863      
1146 0.02513911761343479 0.36152446269989014 10.042478561401367      
1147 0.02513911761343479 0.3603273630142212 10.043676376342773      
1148 0.02513911761343479 0.35913026332855225 10.037690162658691      
1149 0.023942016065120697 0.3627215623855591 10.038887977600098      
1150 0.021547814831137657 0.365115761756897 10.042478561401367      
1151 0.021547814831137657 0.363918662071228 10.043676376342773      
1152 0.02274491637945175 0.36152446269989014 10.043676376342773      
1153 0.026336219161748886 0.36152446269989014 10.047266960144043      
1154 0.02513911761343479 0.3603273630142212 10.044873237609863      
1155 0.023942016065120697 0.3603273630142212 10.042478561401367      
1156 0.026336219161748886 0.3627215623855591 10.047266960144043      
1157 0.020350715145468712 0.3663128614425659 10.044873237609863      
1158 0.02513911761343479 0.3663128614425659 10.04846477508545      
1159 0.028730420395731926 0.363918662071228 10.044873237609863      
1160 0.02513911761343479 0.363918662071228 10.046070098876953      
1161 0.02513911761343479 0.36152446269989014 10.047266960144043      
1162 0.026336219161748886 0.3555389642715454 10.047266960144043      
1163 0.02992752194404602 0.36152446269989014 10.046070098876953      
1164 0.02753331884741783 0.3663128614425659 10.049661636352539      
1165 0.02513911761343479 0.3627215623855591 10.04846477508545      
1166 0.028730420395731926 0.3603273630142212 10.044873237609863      
1167 0.02753331884741783 0.36152446269989014 10.044873237609863      
1168 0.02992752194404602 0.3603273630142212 10.040084838867188      
1169 0.033518824726343155 0.3579331636428833 10.046070098876953      
1170 0.028730420395731926 0.36152446269989014 10.046070098876953      
1171 0.026336219161748886 0.363918662071228 10.049661636352539      
1172 0.02513911761343479 0.363918662071228 10.049661636352539      
1173 0.023942016065120697 0.3663128614425659 10.047266960144043      
1174 0.023942016065120697 0.363918662071228 10.043676376342773      
1175 0.02274491637945175 0.365115761756897 10.047266960144043      
1176 0.023942016065120697 0.3627215623855591 10.043676376342773      
1177 0.026336219161748886 0.3627215623855591 10.041281700134277      
1178 0.026336219161748886 0.3603273630142212 10.041281700134277      
1179 0.02753331884741783 0.36152446269989014 10.038887977600098      
1180 0.026336219161748886 0.35913026332855225 10.040084838867188      
1181 0.023942016065120697 0.36152446269989014 10.046070098876953      
1182 0.023942016065120697 0.363918662071228 10.042478561401367      
1183 0.023942016065120697 0.3663128614425659 10.044873237609863      
1184 0.026336219161748886 0.36152446269989014 10.043676376342773      
1185 0.028730420395731926 0.365115761756897 10.044873237609863      
1186 0.023942016065120697 0.365115761756897 10.042478561401367      
1187 0.020350715145468712 0.36152446269989014 10.041281700134277      
1188 0.023942016065120697 0.36152446269989014 10.041281700134277      
1189 0.02753331884741783 0.363918662071228 10.046070098876953      
1190 0.02753331884741783 0.365115761756897 10.047266960144043      
1191 0.02753331884741783 0.365115761756897 10.04846477508545      
1192 0.02513911761343479 0.363918662071228 10.043676376342773      
1193 0.02513911761343479 0.3627215623855591 10.04846477508545      
1194 0.023942016065120697 0.3663128614425659 10.050858497619629      
1195 0.02992752194404602 0.36750996112823486 10.04846477508545      
1196 0.028730420395731926 0.3663128614425659 10.046070098876953      
1197 0.026336219161748886 0.3663128614425659 10.041281700134277      
1198 0.02753331884741783 0.3663128614425659 10.040084838867188      
1199 0.02513911761343479 0.3663128614425659 10.042478561401367      
1200 0.02513911761343479 0.3663128614425659 10.042478561401367      
1201 0.028730420395731926 0.363918662071228 10.044873237609863      
1202 0.026336219161748886 0.3627215623855591 10.041281700134277      
1203 0.028730420395731926 0.363918662071228 10.040084838867188      
1204 0.028730420395731926 0.3627215623855591 10.038887977600098      
1205 0.02992752194404602 0.3603273630142212 10.043676376342773      
1206 0.02513911761343479 0.363918662071228 10.046070098876953      
1207 0.028730420395731926 0.3627215623855591 10.040084838867188      
1208 0.031124621629714966 0.3663128614425659 10.041281700134277      
1209 0.02513911761343479 0.3627215623855591 10.044873237609863      
1210 0.026336219161748886 0.363918662071228 10.037690162658691      
1211 0.023942016065120697 0.365115761756897 10.042478561401367      
1212 0.020350715145468712 0.363918662071228 10.043676376342773      
1213 0.020350715145468712 0.3627215623855591 10.043676376342773      
1214 0.021547814831137657 0.363918662071228 10.047266960144043      
1215 0.02274491637945175 0.36152446269989014 10.042478561401367      
1216 0.03232172131538391 0.365115761756897 10.037690162658691      
1217 0.031124621629714966 0.3627215623855591 10.037690162658691      
1218 0.03232172131538391 0.365115761756897 10.035296440124512      
1219 0.02992752194404602 0.363918662071228 10.040084838867188      
1220 0.031124621629714966 0.365115761756897 10.047266960144043      
1221 0.02513911761343479 0.363918662071228 10.04846477508545      
1222 0.028730420395731926 0.36152446269989014 10.04846477508545      
1223 0.028730420395731926 0.3627215623855591 10.046070098876953      
1224 0.02513911761343479 0.365115761756897 10.043676376342773      
1225 0.02753331884741783 0.3663128614425659 10.044873237609863      
1226 0.020350715145468712 0.365115761756897 10.042478561401367      
1227 0.019153613597154617 0.3627215623855591 10.041281700134277      
1228 0.02513911761343479 0.36152446269989014 10.049661636352539      
1229 0.02513911761343479 0.36152446269989014 10.049661636352539      
1230 0.02753331884741783 0.365115761756897 10.046070098876953      
1231 0.028730420395731926 0.3687070608139038 10.044873237609863      
1232 0.028730420395731926 0.36750996112823486 10.047266960144043      
1233 0.028730420395731926 0.36750996112823486 10.044873237609863      
1234 0.02992752194404602 0.3627215623855591 10.046070098876953      
1235 0.02753331884741783 0.363918662071228 10.042478561401367      
1236 0.02513911761343479 0.36152446269989014 10.047266960144043      
1237 0.02513911761343479 0.365115761756897 10.041281700134277      
1238 0.021547814831137657 0.363918662071228 10.040084838867188      
1239 0.023942016065120697 0.365115761756897 10.041281700134277      
1240 0.02513911761343479 0.363918662071228 10.038887977600098      
1241 0.02513911761343479 0.3627215623855591 10.041281700134277      
1242 0.026336219161748886 0.363918662071228 10.044873237609863      
1243 0.026336219161748886 0.3687070608139038 10.043676376342773      
1244 0.02513911761343479 0.3663128614425659 10.043676376342773      
1245 0.026336219161748886 0.3687070608139038 10.038887977600098      
1246 0.02753331884741783 0.36152446269989014 10.043676376342773      
1247 0.02753331884741783 0.36152446269989014 10.040084838867188      
1248 0.023942016065120697 0.36152446269989014 10.042478561401367      
1249 0.02513911761343479 0.365115761756897 10.046070098876953      
1250 0.02753331884741783 0.36750996112823486 10.040084838867188      
1251 0.023942016065120697 0.365115761756897 10.040084838867188      
1252 0.02753331884741783 0.363918662071228 10.047266960144043      
1253 0.02753331884741783 0.365115761756897 10.043676376342773      
1254 0.02753331884741783 0.363918662071228 10.041281700134277      
1255 0.02753331884741783 0.36152446269989014 10.042478561401367      
1256 0.02753331884741783 0.3603273630142212 10.044873237609863      
1257 0.02513911761343479 0.3627215623855591 10.042478561401367      
1258 0.019153613597154617 0.3627215623855591 10.041281700134277      
1259 0.026336219161748886 0.363918662071228 10.044873237609863      
1260 0.02513911761343479 0.363918662071228 10.042478561401367      
1261 0.02513911761343479 0.3603273630142212 10.038887977600098      
1262 0.026336219161748886 0.3603273630142212 10.042478561401367      
1263 0.02513911761343479 0.3627215623855591 10.043676376342773      
1264 0.023942016065120697 0.3663128614425659 10.047266960144043      
1265 0.026336219161748886 0.3663128614425659 10.04846477508545      
1266 0.026336219161748886 0.3663128614425659 10.047266960144043      
1267 0.02274491637945175 0.36750996112823486 10.044873237609863      
1268 0.02274491637945175 0.36750996112823486 10.042478561401367      
1269 0.020350715145468712 0.36152446269989014 10.044873237609863      
1270 0.02513911761343479 0.36152446269989014 10.047266960144043      
1271 0.02992752194404602 0.3603273630142212 10.044873237609863      
1272 0.028730420395731926 0.3627215623855591 10.047266960144043      
1273 0.02753331884741783 0.365115761756897 10.040084838867188      
1274 0.021547814831137657 0.363918662071228 10.040084838867188      
1275 0.02513911761343479 0.365115761756897 10.044873237609863      
1276 0.02753331884741783 0.36152446269989014 10.041281700134277      
1277 0.031124621629714966 0.3627215623855591 10.038887977600098      
1278 0.02992752194404602 0.365115761756897 10.046070098876953      
1279 0.02753331884741783 0.35913026332855225 10.044873237609863      
1280 0.023942016065120697 0.35913026332855225 10.046070098876953      
1281 0.021547814831137657 0.3603273630142212 10.049661636352539      
1282 0.02513911761343479 0.36152446269989014 10.044873237609863      
1283 0.02513911761343479 0.3579331636428833 10.04846477508545      
1284 0.026336219161748886 0.363918662071228 10.04846477508545      
1285 0.026336219161748886 0.3663128614425659 10.043676376342773      
1286 0.026336219161748886 0.365115761756897 10.043676376342773      
1287 0.02274491637945175 0.3663128614425659 10.038887977600098      
1288 0.023942016065120697 0.365115761756897 10.043676376342773      
1289 0.020350715145468712 0.3627215623855591 10.04846477508545      
1290 0.02513911761343479 0.363918662071228 10.046070098876953      
1291 0.026336219161748886 0.363918662071228 10.044873237609863      
1292 0.02753331884741783 0.365115761756897 10.043676376342773      
1293 0.028730420395731926 0.365115761756897 10.043676376342773      
1294 0.026336219161748886 0.36152446269989014 10.044873237609863      
1295 0.028730420395731926 0.363918662071228 10.046070098876953      
1296 0.02513911761343479 0.363918662071228 10.041281700134277      
1297 0.02513911761343479 0.363918662071228 10.038887977600098      
1298 0.017956512048840523 0.3627215623855591 10.043676376342773      
1299 0.020350715145468712 0.3627215623855591 10.043676376342773      
1300 0.02274491637945175 0.3627215623855591 10.040084838867188      
1301 0.02274491637945175 0.36152446269989014 10.043676376342773      
1302 0.02513911761343479 0.35913026332855225 10.04846477508545      
1303 0.028730420395731926 0.363918662071228 10.049661636352539      
1304 0.02753331884741783 0.35913026332855225 10.049661636352539      
1305 0.023942016065120697 0.363918662071228 10.046070098876953      
1306 0.026336219161748886 0.363918662071228 10.047266960144043      
1307 0.023942016065120697 0.3687070608139038 10.047266960144043      
1308 0.02513911761343479 0.363918662071228 10.047266960144043      
1309 0.02753331884741783 0.36152446269989014 10.047266960144043      
1310 0.028730420395731926 0.3603273630142212 10.044873237609863      
1311 0.02753331884741783 0.35913026332855225 10.042478561401367      
1312 0.023942016065120697 0.3627215623855591 10.042478561401367      
1313 0.020350715145468712 0.36152446269989014 10.046070098876953      
1314 0.023942016065120697 0.36152446269989014 10.044873237609863      
1315 0.020350715145468712 0.36152446269989014 10.04846477508545      
1316 0.020350715145468712 0.36152446269989014 10.038887977600098      
1317 0.021547814831137657 0.363918662071228 10.042478561401367      
1318 0.021547814831137657 0.365115761756897 10.043676376342773      
1319 0.023942016065120697 0.35913026332855225 10.043676376342773      
1320 0.023942016065120697 0.3603273630142212 10.04846477508545      
1321 0.02513911761343479 0.35913026332855225 10.044873237609863      
1322 0.02753331884741783 0.35913026332855225 10.044873237609863      
1323 0.02753331884741783 0.3579331636428833 10.047266960144043      
1324 0.023942016065120697 0.36152446269989014 10.046070098876953      
1325 0.023942016065120697 0.3627215623855591 10.046070098876953      
1326 0.023942016065120697 0.363918662071228 10.042478561401367      
1327 0.02513911761343479 0.3603273630142212 10.047266960144043      
1328 0.026336219161748886 0.36152446269989014 10.044873237609863      
1329 0.02513911761343479 0.3627215623855591 10.044873237609863      
1330 0.02513911761343479 0.363918662071228 10.044873237609863      
1331 0.026336219161748886 0.3603273630142212 10.042478561401367      
1332 0.02992752194404602 0.3603273630142212 10.043676376342773      
1333 0.031124621629714966 0.365115761756897 10.044873237609863      
1334 0.023942016065120697 0.365115761756897 10.049661636352539      
1335 0.02274491637945175 0.365115761756897 10.047266960144043      
1336 0.02753331884741783 0.365115761756897 10.046070098876953      
1337 0.02274491637945175 0.3663128614425659 10.044873237609863      
1338 0.016759412363171577 0.36750996112823486 10.047266960144043      
1339 0.02274491637945175 0.3627215623855591 10.044873237609863      
1340 0.021547814831137657 0.3627215623855591 10.044873237609863      
1341 0.021547814831137657 0.36152446269989014 10.04846477508545      
1342 0.019153613597154617 0.35913026332855225 10.047266960144043      
1343 0.020350715145468712 0.35913026332855225 10.044873237609863      
1344 0.023942016065120697 0.36152446269989014 10.046070098876953      
1345 0.02753331884741783 0.36152446269989014 10.049661636352539      
1346 0.026336219161748886 0.365115761756897 10.049661636352539      
1347 0.026336219161748886 0.3627215623855591 10.04846477508545      
1348 0.02753331884741783 0.3663128614425659 10.043676376342773      
1349 0.026336219161748886 0.36750996112823486 10.042478561401367      
1350 0.02753331884741783 0.3603273630142212 10.041281700134277      
1351 0.02513911761343479 0.35913026332855225 10.041281700134277      
1352 0.02274491637945175 0.363918662071228 10.042478561401367      
1353 0.026336219161748886 0.3663128614425659 10.038887977600098      
1354 0.02274491637945175 0.3687070608139038 10.043676376342773      
1355 0.02274491637945175 0.365115761756897 10.047266960144043      
1356 0.03232172131538391 0.365115761756897 10.041281700134277      
1357 0.02992752194404602 0.3603273630142212 10.044873237609863      
1358 0.02992752194404602 0.36750996112823486 10.042478561401367      
1359 0.026336219161748886 0.3663128614425659 10.047266960144043      
1360 0.023942016065120697 0.3663128614425659 10.042478561401367      
1361 0.02274491637945175 0.36750996112823486 10.046070098876953      
1362 0.020350715145468712 0.365115761756897 10.043676376342773      
1363 0.02753331884741783 0.3663128614425659 10.042478561401367      
1364 0.028730420395731926 0.363918662071228 10.04846477508545      
1365 0.028730420395731926 0.365115761756897 10.046070098876953      
1366 0.02753331884741783 0.365115761756897 10.042478561401367      
1367 0.023942016065120697 0.3627215623855591 10.042478561401367      
1368 0.023942016065120697 0.3627215623855591 10.042478561401367      
1369 0.02274491637945175 0.3603273630142212 10.037690162658691      
1370 0.026336219161748886 0.3627215623855591 10.042478561401367      
1371 0.02753331884741783 0.35913026332855225 10.041281700134277      
1372 0.02274491637945175 0.3603273630142212 10.041281700134277      
1373 0.023942016065120697 0.36152446269989014 10.042478561401367      
