1 -0.7194576263427734 0.3711012601852417 9.987412452697754      
2 0.6248866319656372 0.33039984107017517 9.996989250183105      
3 -0.8271966576576233 0.35075053572654724 9.985017776489258      
4 0.6308721303939819 0.32441434264183044 9.983820915222168      
5 -0.35913026332855225 0.34596213698387146 10.022128105163574      
6 0.1951274424791336 0.34356793761253357 10.018536567687988      
7 0.07302315533161163 0.3495534360408783 10.000580787658691      
8 -0.24420857429504395 0.36750996112823486 10.046070098876953      
9 0.5027823448181152 0.3687070608139038 10.064026832580566      
10 -0.4106055796146393 0.38905778527259827 10.08318042755127      
11 0.9445125460624695 0.3687070608139038 10.064026832580566      
12 -0.6272808313369751 0.41778820753097534 10.103530883789062      
13 0.9002198576927185 0.3770867586135864 10.101137161254883      
14 -0.6105214357376099 0.40462008118629456 10.096348762512207      
15 0.6404489278793335 0.3627215623855591 10.044873237609863      
16 -0.5434837937355042 0.4058171808719635 10.061633110046387      
17 -0.04668693244457245 0.3998316824436188 10.062829971313477      
18 0.26815059781074524 0.38307225704193115 10.042478561401367      
19 -0.45489832758903503 0.38067805767059326 10.056844711303711      
20 0.6727706789970398 0.36152446269989014 10.040084838867188      
21 -0.8056488633155823 0.3866635859012604 10.055646896362305      
22 0.8307880163192749 0.333991140127182 10.018536567687988      
23 -0.8403648138046265 0.363918662071228 10.022128105163574      
24 0.7541735172271729 0.3471592366695404 10.034099578857422      
25 -0.7134721279144287 0.3711012601852417 10.037690162658691      
26 0.569819986820221 0.3387795388698578 10.02811336517334      
27 -0.38546648621559143 0.3842693865299225 10.061633110046387      
28 -0.3555389642715454 0.3758896589279175 10.020931243896484      
29 0.6739677786827087 0.3663128614425659 10.044873237609863      
30 -0.6859387755393982 0.3758896589279175 10.040084838867188      
31 0.9959878921508789 0.35434186458587646 10.049661636352539      
32 0.828393816947937 0.3663128614425659 10.035296440124512      
33 0.828393816947937 0.3663128614425659 10.035296440124512      
34 0.5793967843055725 0.3758896589279175 10.071209907531738      
35 -0.38067805767059326 0.38905778527259827 10.074800491333008      
36 0.22505496442317963 0.3687070608139038 10.052056312561035      
37 -0.04429273307323456 0.3687070608139038 10.08198356628418      
38 -0.6332663297653198 0.38905778527259827 10.050858497619629      
39 0.8906430602073669 0.3519476354122162 10.042478561401367      
40 -0.8319851160049438 0.38546648621559143 10.053253173828125      
41 0.8152256608009338 0.3387795388698578 9.99100399017334      
42 -0.7194576263427734 0.3687070608139038 10.02452278137207      
43 0.6260837316513062 0.34356793761253357 9.99220085144043      
44 -0.6308721303939819 0.39384618401527405 10.042478561401367      
45 0.28131869435310364 0.3495534360408783 10.02571964263916      
46 -0.3711012601852417 0.365115761756897 9.99220085144043      
47 -0.06584054976701736 0.3531447649002075 9.996989250183105      
48 0.28131869435310364 0.34835633635520935 10.018536567687988      
49 -0.42856210470199585 0.3627215623855591 10.055646896362305      
50 0.6991068720817566 0.35673606395721436 10.019734382629395      
51 -0.6811503767967224 0.37229835987091064 10.029311180114746      
52 0.751779317855835 0.3387795388698578 10.036493301391602      
53 -0.6919242739677429 0.3758896589279175 10.032901763916016      
54 0.5279214978218079 0.3423708379268646 10.038887977600098      
55 -0.31603461503982544 0.3711012601852417 10.074800491333008      
56 0.24181437492370605 0.3663128614425659 10.08078670501709      
57 0.17238251864910126 0.36750996112823486 10.035296440124512      
58 -0.3100491166114807 0.38307225704193115 10.047266960144043      
59 0.6153098344802856 0.3770867586135864 10.070012092590332      
60 -0.7445967197418213 0.38905778527259827 10.042478561401367      
61 0.9253589510917664 0.35075053572654724 10.040084838867188      
62 -0.8655039072036743 0.3974374830722809 10.056844711303711      
63 0.5638344883918762 0.3902548849582672 10.08437728881836      
64 -0.40462008118629456 0.39863458275794983 10.099940299987793      
65 0.17956513166427612 0.3770867586135864 10.035296440124512      
66 0.016759412363171577 0.35913026332855225 10.055646896362305      
67 -0.3016694188117981 0.38067805767059326 10.068815231323242      
68 0.5195417404174805 0.3579331636428833 10.043676376342773      
69 -0.569819986820221 0.3770867586135864 10.037690162658691      
70 0.8463503122329712 0.35075053572654724 10.030508041381836      
71 -0.9169792532920837 0.3974374830722809 10.055646896362305      
72 0.8044517636299133 0.33039984107017517 9.971850395202637      
73 -0.7589619159698486 0.3579331636428833 9.989806175231934      
74 0.2992752194404602 0.3256114423274994 9.99220085144043      
75 -0.3734954595565796 0.34835633635520935 9.986215591430664      
76 -0.0802057534456253 0.3423708379268646 9.99100399017334      
77 0.2992752194404602 0.3423708379268646 10.018536567687988      
78 -0.4106055796146393 0.35434186458587646 10.040084838867188      
79 0.6775590777397156 0.34596213698387146 10.005369186401367      
80 -0.7242460250854492 0.3770867586135864 10.02452278137207      
81 0.9157821536064148 0.3256114423274994 10.022128105163574      
82 -0.8451532125473022 0.37469255924224854 10.044873237609863      
83 0.7793126702308655 0.3387795388698578 10.031704902648926      
84 -0.6943184733390808 0.3687070608139038 10.020931243896484      
85 0.5590460896492004 0.3531447649002075 10.062829971313477      
86 0.21428105235099792 0.3866635859012604 10.073603630065918      
87 0.6859387755393982 0.3734954595565796 10.065223693847656      
88 0.6859387755393982 0.3734954595565796 10.065223693847656      
89 -0.6883329749107361 0.3902548849582672 10.053253173828125      
90 0.9361328482627869 0.3579331636428833 10.044873237609863      
91 -0.8738836050033569 0.40462008118629456 10.046070098876953      
92 0.8559271097183228 0.38067805767059326 10.091560363769531      
93 0.6212953329086304 0.365115761756897 10.05923843383789      
94 -0.3447650372982025 0.38905778527259827 10.068815231323242      
95 0.22744916379451752 0.38905778527259827 10.067618370056152      
96 -0.033518824726343155 0.3794809579849243 10.074800491333008      
97 -0.7170634269714355 0.38905778527259827 10.041281700134277      
98 0.8343793153762817 0.34835633635520935 10.029311180114746      
99 -0.8870517015457153 0.38905778527259827 10.065223693847656      
100 0.8020575642585754 0.3363853394985199 9.988609313964844      
101 -0.7410054206848145 0.36750996112823486 10.018536567687988      
102 0.52552729845047 0.3423708379268646 9.999382972717285      
103 -0.7218518257141113 0.3794809579849243 10.022128105163574      
104 0.27653029561042786 0.32441434264183044 9.967061996459961      
105 -0.35075053572654724 0.35075053572654724 9.956287384033203      
106 -0.040701430290937424 0.3531447649002075 9.996989250183105      
107 0.28969839215278625 0.3555389642715454 10.036493301391602      
108 -0.4106055796146393 0.3603273630142212 10.044873237609863      
109 0.8319851160049438 0.3315969407558441 10.012551307678223      
110 -0.8571242094039917 0.363918662071228 10.030508041381836      
111 0.6967126727104187 0.33997663855552673 10.02691650390625      
112 -0.7266402244567871 0.36990416049957275 10.017339706420898      
113 0.5554547905921936 0.3423708379268646 10.012551307678223      
114 -0.30047231912612915 0.3866635859012604 10.067618370056152      
115 0.23942017555236816 0.38546648621559143 10.078392028808594      
116 0.31124621629714966 0.3770867586135864 10.061633110046387      
117 -0.22505496442317963 0.3866635859012604 10.056844711303711      
118 0.7026981711387634 0.3794809579849243 10.08318042755127      
119 -0.6524199843406677 0.39145198464393616 10.066421508789062      
120 0.9900023937225342 0.3531447649002075 10.038887977600098      
121 -0.7721300721168518 0.38307225704193115 10.02452278137207      
122 0.6572083830833435 0.3734954595565796 10.087968826293945      
123 -0.37469255924224854 0.3974374830722809 10.079588890075684      
124 0.22864626348018646 0.38905778527259827 10.06043529510498      
125 0.061052143573760986 0.3711012601852417 10.095151901245117      
126 -0.28969839215278625 0.395043283700943 10.086771965026855      
127 0.48243165016174316 0.35913026332855225 10.037690162658691      
128 -0.7170634269714355 0.38067805767059326 10.046070098876953      
129 0.8319851160049438 0.3447650372982025 10.040084838867188      
130 -0.8367735147476196 0.3878606855869293 10.055646896362305      
131 0.8379706144332886 0.3387795388698578 9.999382972717285      
132 -0.7817068696022034 0.37229835987091064 10.007762908935547      
133 0.25737667083740234 0.3447650372982025 10.011354446411133      
134 -0.3555389642715454 0.34596213698387146 9.96945571899414      
135 -0.15682020783424377 0.3411737382411957 9.959878921508789      
136 0.2849099934101105 0.3256114423274994 9.99339771270752      
137 -0.47644615173339844 0.33518823981285095 10.02691650390625      
138 0.6979097723960876 0.3315969407558441 9.985017776489258      
139 -0.750582218170166 0.363918662071228 10.019734382629395      
140 0.8678981065750122 0.3256114423274994 10.020931243896484      
141 -0.7996633648872375 0.3711012601852417 10.056844711303711      
142 0.7793126702308655 0.3411737382411957 10.032901763916016      
143 -0.667982280254364 0.3711012601852417 10.020931243896484      
144 0.5758054852485657 0.3495534360408783 10.052056312561035      
145 -0.3387795388698578 0.3926490843296051 10.092757225036621      
146 -0.25977087020874023 0.3770867586135864 10.037690162658691      
147 0.689530074596405 0.3758896589279175 10.073603630065918      
148 -0.6368576288223267 0.395043283700943 10.08437728881836      
149 0.9995791912078857 0.3711012601852417 10.068815231323242      
150 -0.8391677141189575 0.4058171808719635 10.047266960144043      
151 0.9169792532920837 0.3770867586135864 10.098742485046387      
152 -0.6631938815116882 0.3842693865299225 10.08437728881836      
153 0.6871358752250671 0.38546648621559143 10.092757225036621      
154 -0.31603461503982544 0.4058171808719635 10.099940299987793      
155 0.27413609623908997 0.3902548849582672 10.074800491333008      
156 -0.038307227194309235 0.37229835987091064 10.077195167541504      
157 -0.729034423828125 0.38546648621559143 10.041281700134277      
158 0.8259995579719543 0.34835633635520935 10.035296440124512      
159 -0.9289502501487732 0.38905778527259827 10.072406768798828      
160 0.7781155705451965 0.3363853394985199 10.000580787658691      
161 -0.7433996200561523 0.3627215623855591 10.013748168945312      
162 0.524330198764801 0.33758243918418884 9.99100399017334      
163 -0.6847416758537292 0.3627215623855591 10.022128105163574      
164 0.2645592987537384 0.3148375153541565 9.983820915222168      
165 -0.3292027413845062 0.3411737382411957 9.962273597717285      
166 -0.02753331884741783 0.3471592366695404 9.99100399017334      
167 0.3016694188117981 0.34835633635520935 10.036493301391602      
168 -0.40222588181495667 0.35434186458587646 10.04846477508545      
169 0.7553706169128418 0.34356793761253357 9.983820915222168      
170 -0.7158663272857666 0.36750996112823486 10.074800491333008      
171 0.7565677165985107 0.3495534360408783 10.044873237609863      
172 -0.6991068720817566 0.3902548849582672 10.05923843383789      
173 0.6416460275650024 0.35434186458587646 10.064026832580566      
174 -0.27054479718208313 0.3878606855869293 10.075998306274414      
175 0.3208230137825012 0.3770867586135864 10.093954086303711      
176 0.24420857429504395 0.3818751573562622 10.049661636352539      
177 -0.2322375625371933 0.3998316824436188 10.074800491333008      
178 0.7254431247711182 0.38067805767059326 10.107122421264648      
179 -0.6524199843406677 0.3842693865299225 10.08078670501709      
180 0.9588778018951416 0.3579331636428833 10.043676376342773      
181 -0.872686505317688 0.39624038338661194 10.030508041381836      
182 0.8343793153762817 0.3663128614425659 10.067618370056152      
183 -0.39384618401527405 0.38905778527259827 10.066421508789062      
184 0.2861070930957794 0.37828385829925537 10.06043529510498      
185 -0.3124433159828186 0.3842693865299225 10.066421508789062      
186 0.4836287498474121 0.3495534360408783 10.02691650390625      
187 -0.6584054827690125 0.363918662071228 10.022128105163574      
188 0.8068459630012512 0.33997663855552673 10.02571964263916      
189 -0.9493009448051453 0.38546648621559143 10.038887977600098      
190 0.7841010689735413 0.33039984107017517 9.979032516479492      
191 -0.6715735793113708 0.3495534360408783 9.979032516479492      
192 0.5734112858772278 0.31603461503982544 9.989806175231934      
193 -0.3100491166114807 0.33758243918418884 9.977835655212402      
194 -0.0933738648891449 0.3555389642715454 10.005369186401367      
195 0.2861070930957794 0.3411737382411957 10.017339706420898      
196 -0.4165911078453064 0.3495534360408783 10.040084838867188      
197 0.707486629486084 0.34596213698387146 9.995792388916016      
198 -0.667982280254364 0.3687070608139038 10.02691650390625      
199 0.9301473498344421 0.33518823981285095 10.041281700134277      
200 -0.7936778664588928 0.3842693865299225 10.073603630065918      
201 0.812831461429596 0.363918662071228 10.043676376342773      
202 -0.6356605291366577 0.3998316824436188 10.052056312561035      
203 0.7122750282287598 0.3734954595565796 10.103530883789062      
204 0.2753331959247589 0.4106055796146393 10.110713958740234      
205 -0.17956513166427612 0.38546648621559143 10.042478561401367      
206 0.7457938194274902 0.38307225704193115 10.107122421264648      
207 -0.6129156351089478 0.39863458275794983 10.11789608001709      
208 0.9493009448051453 0.3734954595565796 10.073603630065918      
209 -0.8056488633155823 0.4010287821292877 10.061633110046387      
210 0.8798691034317017 0.39145198464393616 10.121487617492676      
211 -0.6596025824546814 0.38905778527259827 10.119093894958496      
212 0.5829881429672241 0.37469255924224854 10.065223693847656      
213 -0.45010992884635925 0.3902548849582672 10.062829971313477      
214 0.22864626348018646 0.36750996112823486 10.041281700134277      
215 -0.19393034279346466 0.3495534360408783 10.037690162658691      
216 -0.7769184708595276 0.35434186458587646 9.980229377746582      
217 0.7469909191131592 0.32202014327049255 10.005369186401367      
218 -0.9959878921508789 0.3627215623855591 10.02691650390625      
219 0.751779317855835 0.3196259140968323 9.962273597717285      
220 -0.8786720037460327 0.3579331636428833 9.952696800231934      
221 0.45489832758903503 0.31603461503982544 9.963470458984375      
222 -0.7410054206848145 0.33997663855552673 10.002974510192871      
223 0.22026655077934265 0.30286651849746704 9.946710586547852      
224 -0.3770867586135864 0.3315969407558441 9.952696800231934      
225 -0.016759412363171577 0.3447650372982025 9.99220085144043      
226 0.26336219906806946 0.33997663855552673 10.019734382629395      
227 -0.33997663855552673 0.3531447649002075 10.019734382629395      
228 0.9217676520347595 0.3387795388698578 10.032901763916016      
229 -0.7613561153411865 0.3794809579849243 10.08437728881836      
230 0.7960720658302307 0.35913026332855225 10.049661636352539      
231 -0.6655880808830261 0.38307225704193115 10.041281700134277      
232 0.6105214357376099 0.36990416049957275 10.098742485046387      
233 0.3232172429561615 0.3842693865299225 10.090363502502441      
234 0.243011474609375 0.3734954595565796 10.056844711303711      
235 -0.2190694510936737 0.3818751573562622 10.070012092590332      
236 0.6667851805686951 0.38067805767059326 10.104728698730469      
237 -0.6189011335372925 0.3974374830722809 10.086771965026855      
238 0.9241618514060974 0.36750996112823486 10.0580415725708      
239 -0.93254154920578 0.4165911078453064 10.072406768798828      
240 0.5518634915351868 0.3842693865299225 10.065223693847656      
241 -0.46806642413139343 0.3866635859012604 10.040084838867188      
242 0.21787235140800476 0.3531447649002075 10.020931243896484      
243 -0.1280897855758667 0.3495534360408783 10.054450035095215      
244 -0.37469255924224854 0.3687070608139038 10.031704902648926      
245 0.3818751573562622 0.3315969407558441 9.953893661499023      
246 -0.7218518257141113 0.35673606395721436 10.006566047668457      
247 0.7386112213134766 0.333991140127182 10.029311180114746      
248 -0.9038111567497253 0.36990416049957275 10.02571964263916      
249 0.7745242714881897 0.3016694188117981 9.925163269042969      
250 -0.8236053586006165 0.33997663855552673 9.95748519897461      
251 0.2322375625371933 0.3100491166114807 9.964667320251465      
252 -0.35434186458587646 0.33997663855552673 10.008959770202637      
253 -0.04668693244457245 0.34835633635520935 9.998186111450195      
254 0.29209262132644653 0.34356793761253357 10.029311180114746      
255 -0.3579331636428833 0.3411737382411957 10.02811336517334      
256 0.7493851184844971 0.34596213698387146 9.988609313964844      
257 -0.6440402865409851 0.3687070608139038 10.029311180114746      
258 0.9133879542350769 0.3471592366695404 10.06043529510498      
259 -0.8631097078323364 0.4010287821292877 10.095151901245117      
260 0.8259995579719543 0.37828385829925537 10.073603630065918      
261 -0.6392518281936646 0.3902548849582672 10.056844711303711      
262 0.6488286852836609 0.37229835987091064 10.125079154968262      
263 0.2513911724090576 0.38067805767059326 10.113107681274414      
264 -0.22744916379451752 0.39145198464393616 10.065223693847656      
265 0.6631938815116882 0.3878606855869293 10.11550235748291      
266 -0.6428431272506714 0.39384618401527405 10.098742485046387      
267 0.9349357485771179 0.36750996112823486 10.0580415725708      
268 -0.9193734526634216 0.4106055796146393 10.0580415725708      
269 0.8631097078323364 0.3734954595565796 10.086771965026855      
270 -0.7134721279144287 0.39863458275794983 10.111910820007324      
271 0.569819986820221 0.38307225704193115 10.047266960144043      
272 -0.507570743560791 0.395043283700943 10.043676376342773      
273 0.11851298063993454 0.3579331636428833 10.036493301391602      
274 -0.1711854189634323 0.3423708379268646 10.011354446411133      
275 -0.7146692276000977 0.34596213698387146 9.988609313964844      
276 0.7769184708595276 0.3256114423274994 10.013748168945312      
277 -0.9205705523490906 0.3603273630142212 10.018536567687988      
278 0.7601590156555176 0.3148375153541565 9.940725326538086      
279 -0.7972691655158997 0.34596213698387146 9.961075782775879      
280 0.5303156971931458 0.3208230137825012 10.011354446411133      
281 -0.7493851184844971 0.363918662071228 10.032901763916016      
282 0.3016694188117981 0.3124433159828186 9.947908401489258      
283 -0.34835633635520935 0.3411737382411957 9.983820915222168      
284 0.090979665517807 0.35075053572654724 10.035296440124512      
285 0.3423708379268646 0.35673606395721436 10.079588890075684      
286 -0.25737667083740234 0.35913026332855225 10.034099578857422      
287 0.9624691009521484 0.35075053572654724 10.08078670501709      
288 -0.7529764175415039 0.395043283700943 10.113107681274414      
289 0.7936778664588928 0.3603273630142212 10.046070098876953      
290 -0.6272808313369751 0.3842693865299225 10.030508041381836      
291 0.6356605291366577 0.3770867586135864 10.127472877502441      
292 -0.28371289372444153 0.4082113802433014 10.11550235748291      
293 0.39863458275794983 0.3818751573562622 10.090363502502441      
294 -0.32202014327049255 0.4082113802433014 10.097545623779297      
295 0.6141127347946167 0.38067805767059326 10.097545623779297      
296 -0.7026981711387634 0.37828385829925537 10.047266960144043      
297 0.9313444495201111 0.3555389642715454 10.037690162658691      
298 -0.7110779285430908 0.38546648621559143 10.102334022521973      
299 0.5614402890205383 0.3711012601852417 10.046070098876953      
300 -0.5063736438751221 0.3758896589279175 10.02811336517334      
301 0.21547815203666687 0.3519476354122162 10.030508041381836      
302 -0.18555063009262085 0.3447650372982025 10.030508041381836      
303 -0.30526071786880493 0.3579331636428833 9.99100399017334      
304 0.36990416049957275 0.3292027413845062 9.962273597717285      
305 -0.7050924301147461 0.3447650372982025 9.998186111450195      
306 0.7374141216278076 0.32680854201316833 10.002974510192871      
307 -0.8451532125473022 0.3603273630142212 9.981427192687988      
308 0.8104372620582581 0.3064578175544739 9.944316864013672      
309 -0.8212111592292786 0.3471592366695404 9.983820915222168      
310 0.5626373887062073 0.3196259140968323 9.99339771270752      
311 -0.365115761756897 0.33997663855552673 9.964667320251465      
312 0.1041477769613266 0.3387795388698578 10.019734382629395      
313 0.37229835987091064 0.34356793761253357 10.072406768798828      
314 -0.23822307586669922 0.35673606395721436 10.046070098876953      
315 0.7745242714881897 0.3579331636428833 10.012551307678223      
316 -0.5650315880775452 0.3902548849582672 10.091560363769531      
317 0.9600749015808105 0.3495534360408783 10.08078670501709      
318 -0.8104372620582581 0.40222588181495667 10.08318042755127      
319 0.8463503122329712 0.3902548849582672 10.08078670501709      
320 -0.6859387755393982 0.4106055796146393 10.072406768798828      
321 0.3387795388698578 0.3926490843296051 10.074800491333008      
322 0.25498247146606445 0.3842693865299225 10.053253173828125      
323 -0.18914192914962769 0.40462008118629456 10.109517097473145      
324 0.6129156351089478 0.3998316824436188 10.153809547424316      
325 -0.690727174282074 0.4010287821292877 10.074800491333008      
326 0.9373299479484558 0.363918662071228 10.044873237609863      
327 -0.9373299479484558 0.39624038338661194 10.054450035095215      
328 0.8367735147476196 0.36990416049957275 10.086771965026855      
329 -0.7577648162841797 0.3842693865299225 10.074800491333008      
330 0.5327098965644836 0.3471592366695404 9.989806175231934      
331 -0.5829881429672241 0.35913026332855225 10.006566047668457      
332 0.13168109953403473 0.3280056416988373 10.004171371459961      
333 -0.2645592987537384 0.33518823981285095 9.988609313964844      
334 -0.7003039717674255 0.3447650372982025 9.99100399017334      
335 0.7386112213134766 0.31842881441116333 10.000580787658691      
336 -0.8678981065750122 0.3495534360408783 9.981427192687988      
337 0.8415619134902954 0.2932897210121155 9.931148529052734      
338 -0.7553706169128418 0.3495534360408783 10.004171371459961      
339 0.6141127347946167 0.3363853394985199 10.041281700134277      
340 -0.7050924301147461 0.36990416049957275 10.042478561401367      
341 0.4225766062736511 0.32441434264183044 9.964667320251465      
342 -0.24899697303771973 0.365115761756897 10.022128105163574      
343 0.2561795711517334 0.36990416049957275 10.095151901245117      
344 0.7697358727455139 0.37229835987091064 10.077195167541504      
345 -0.5841852426528931 0.40462008118629456 10.101137161254883      
346 0.9804255962371826 0.3579331636428833 10.091560363769531      
347 -0.7637503147125244 0.40222588181495667 10.090363502502441      
348 0.8798691034317017 0.3794809579849243 10.064026832580566      
349 -0.7050924301147461 0.4082113802433014 10.061633110046387      
350 -0.3100491166114807 0.3998316824436188 10.072406768798828      
351 0.22266076505184174 0.3818751573562622 10.02811336517334      
352 0.026336219161748886 0.36750996112823486 10.044873237609863      
353 -0.363918662071228 0.3866635859012604 10.075998306274414      
354 0.5135562419891357 0.3603273630142212 10.089165687561035      
355 -0.9540894031524658 0.37469255924224854 10.031704902648926      
356 0.8020575642585754 0.3495534360408783 10.070012092590332      
357 -0.767341673374176 0.3818751573562622 10.086771965026855      
358 0.5279214978218079 0.3627215623855591 9.995792388916016      
359 0.5279214978218079 0.3627215623855591 9.995792388916016      
360 0.1412578970193863 0.3387795388698578 10.010157585144043      
361 -0.27054479718208313 0.33758243918418884 10.011354446411133      
362 -0.3423708379268646 0.3627215623855591 9.987412452697754      
363 0.3315969407558441 0.3315969407558441 9.96825885772705      
364 -0.608127236366272 0.33518823981285095 10.001777648925781      
365 0.7457938194274902 0.3148375153541565 9.99220085144043      
366 -0.8152256608009338 0.34356793761253357 9.961075782775879      
367 0.8056488633155823 0.30047231912612915 9.929951667785645      
368 -0.6955155730247498 0.3447650372982025 10.006566047668457      
369 0.39863458275794983 0.3232172429561615 9.97065258026123      
370 -0.29209262132644653 0.3627215623855591 10.020931243896484      
371 0.15921440720558167 0.35913026332855225 10.047266960144043      
372 0.3579331636428833 0.3519476354122162 10.053253173828125      
373 -0.2537853717803955 0.3627215623855591 10.035296440124512      
374 0.812831461429596 0.37469255924224854 10.046070098876953      
375 -0.5722141861915588 0.3926490843296051 10.109517097473145      
376 0.9624691009521484 0.3711012601852417 10.097545623779297      
377 -0.8176198601722717 0.4082113802433014 10.055646896362305      
378 0.9002198576927185 0.4010287821292877 10.096348762512207      
379 -0.7038952708244324 0.4141969084739685 10.097545623779297      
380 0.6560112833976746 0.3902548849582672 10.131064414978027      
381 0.12928688526153564 0.3734954595565796 10.056844711303711      
382 -0.2753331959247589 0.3926490843296051 10.104728698730469      
383 0.5267243981361389 0.36990416049957275 10.098742485046387      
384 -0.7194576263427734 0.3734954595565796 10.02571964263916      
385 0.8355764150619507 0.3531447649002075 10.020931243896484      
386 -0.9911994934082031 0.4010287821292877 10.073603630065918      
387 0.7649474143981934 0.333991140127182 10.032901763916016      
388 -0.8355764150619507 0.35673606395721436 9.995792388916016      
389 0.4644751250743866 0.32441434264183044 9.93474006652832      
390 -0.6955155730247498 0.3555389642715454 9.986215591430664      
391 0.08140286058187485 0.3208230137825012 9.986215591430664      
392 0.2669534981250763 0.31124621629714966 9.922768592834473      
393 -0.7242460250854492 0.3292027413845062 9.961075782775879      
394 0.7649474143981934 0.31603461503982544 9.981427192687988      
395 -0.7553706169128418 0.3447650372982025 9.961075782775879      
396 0.8954314589500427 0.3124433159828186 9.961075782775879      
397 -0.7733271718025208 0.35913026332855225 10.035296440124512      
398 0.5614402890205383 0.33518823981285095 10.007762908935547      
399 -0.7410054206848145 0.33997663855552673 10.005369186401367      
400 0.4644751250743866 0.304063618183136 9.949105262756348      
401 -0.2753331959247589 0.363918662071228 10.036493301391602      
402 0.29209262132644653 0.38067805767059326 10.126276016235352      
403 0.7769184708595276 0.38905778527259827 10.071209907531738      
404 -0.5566518902778625 0.40462008118629456 10.127472877502441      
405 1.0055646896362305 0.365115761756897 10.105925559997559      
406 -0.7984662652015686 0.4058171808719635 10.064026832580566      
407 0.8870517015457153 0.3842693865299225 10.087968826293945      
408 -0.6655880808830261 0.40462008118629456 10.085575103759766      
409 0.6165069341659546 0.37828385829925537 10.121487617492676      
410 0.3280056416988373 0.3687070608139038 10.037690162658691      
411 0.3280056416988373 0.3687070608139038 10.037690162658691      
412 -0.3172317147254944 0.39863458275794983 10.090363502502441      
413 0.5482721924781799 0.36990416049957275 10.06043529510498      
414 -0.9684545993804932 0.3974374830722809 10.064026832580566      
415 0.7757213711738586 0.3363853394985199 10.02811336517334      
416 -0.7972691655158997 0.35913026332855225 9.999382972717285      
417 0.4357447028160095 0.3363853394985199 9.949105262756348      
418 -0.5781996846199036 0.34356793761253357 10.001777648925781      
419 0.1496376097202301 0.3256114423274994 10.005369186401367      
420 -0.27653029561042786 0.333991140127182 9.983820915222168      
421 -0.17717093229293823 0.3423708379268646 9.96945571899414      
422 0.3579331636428833 0.32441434264183044 9.985017776489258      
423 -0.5351040959358215 0.3363853394985199 10.02571964263916      
424 0.7745242714881897 0.3232172429561615 9.996989250183105      
425 -0.7733271718025208 0.3531447649002075 10.037690162658691      
426 0.628477931022644 0.33758243918418884 10.038887977600098      
427 -0.6643909811973572 0.3687070608139038 10.044873237609863      
428 0.5051765441894531 0.3280056416988373 9.985017776489258      
429 -0.2621650993824005 0.36990416049957275 10.049661636352539      
430 0.2777273952960968 0.3758896589279175 10.11550235748291      
431 0.2908954918384552 0.3866635859012604 10.079588890075684      
432 -0.17956513166427612 0.3842693865299225 10.053253173828125      
433 0.7649474143981934 0.38546648621559143 10.091560363769531      
434 -0.6332663297653198 0.40462008118629456 10.128670692443848      
435 0.9684545993804932 0.3711012601852417 10.107122421264648      
436 -0.7912836670875549 0.4129997789859772 10.0580415725708      
437 0.871489405632019 0.38905778527259827 10.096348762512207      
438 -0.6224924325942993 0.40701428055763245 10.122684478759766      
439 0.2693476974964142 0.3974374830722809 10.061633110046387      
440 -0.0071826050989329815 0.3758896589279175 10.066421508789062      
441 -0.3866635859012604 0.3794809579849243 10.071209907531738      
442 0.47884035110473633 0.3495534360408783 10.042478561401367      
443 -0.8152256608009338 0.3579331636428833 9.99339771270752      
444 0.7386112213134766 0.33279404044151306 9.987412452697754      
445 -1.0091559886932373 0.3878606855869293 10.04846477508545      
446 0.8259995579719543 0.33039984107017517 10.017339706420898      
447 -0.7697358727455139 0.35075053572654724 9.989806175231934      
448 0.4991910457611084 0.32202014327049255 9.955090522766113      
449 -0.3256114423274994 0.33518823981285095 9.975440979003906      
450 -0.2753331959247589 0.3363853394985199 9.941922187805176      
451 0.34356793761253357 0.31364041566848755 9.9586820602417      
452 -0.5315127968788147 0.33039984107017517 10.004171371459961      
453 0.7841010689735413 0.32202014327049255 9.989806175231934      
454 -0.6655880808830261 0.34835633635520935 9.980229377746582      
455 0.8930372595787048 0.3280056416988373 10.000580787658691      
456 -0.8056488633155823 0.3818751573562622 10.099940299987793      
457 0.6787561774253845 0.3579331636428833 10.072406768798828      
458 -0.6787561774253845 0.38546648621559143 10.054450035095215      
459 0.5734112858772278 0.3519476354122162 10.02452278137207      
460 -0.18555063009262085 0.39384618401527405 10.093954086303711      
461 -0.17477671802043915 0.3866635859012604 10.128670692443848      
462 0.8212111592292786 0.3866635859012604 10.078392028808594      
463 -0.5351040959358215 0.4082113802433014 10.140641212463379      
464 0.9959878921508789 0.38307225704193115 10.11789608001709      
465 0.912190854549408 0.39145198464393616 10.098742485046387      
466 0.912190854549408 0.39145198464393616 10.098742485046387      
467 0.6524199843406677 0.38307225704193115 10.102334022521973      
468 -0.3411737382411957 0.4034229815006256 10.08078670501709      
469 0.365115761756897 0.38307225704193115 10.05923843383789      
470 -0.05147533491253853 0.3711012601852417 10.079588890075684      
471 -0.3926490843296051 0.3818751573562622 10.065223693847656      
472 0.7936778664588928 0.3363853394985199 10.010157585144043      
473 -0.9804255962371826 0.38546648621559143 10.05923843383789      
474 0.7805097699165344 0.31603461503982544 9.99339771270752      
475 -0.8403648138046265 0.33997663855552673 9.959878921508789      
476 0.43095630407333374 0.31603461503982544 9.928754806518555      
477 -0.6919242739677429 0.3447650372982025 9.981427192687988      
478 0.13048399984836578 0.3172317147254944 9.971850395202637      
479 -0.3124433159828186 0.3292027413845062 9.952696800231934      
480 -0.1280897855758667 0.33758243918418884 9.940725326538086      
481 0.363918662071228 0.32441434264183044 9.996989250183105      
482 -0.3794809579849243 0.3387795388698578 10.038887977600098      
483 0.8427590131759644 0.3363853394985199 9.99100399017334      
484 -0.6308721303939819 0.3555389642715454 9.998186111450195      
485 0.6260837316513062 0.3495534360408783 10.042478561401367      
486 -0.6823474764823914 0.3842693865299225 10.047266960144043      
487 0.5674257874488831 0.34835633635520935 10.020931243896484      
488 -0.1999158412218094 0.3878606855869293 10.074800491333008      
489 0.29807811975479126 0.3878606855869293 10.123882293701172      
490 0.41778820753097534 0.3878606855869293 10.070012092590332      
491 -0.17836803197860718 0.3926490843296051 10.061633110046387      
492 0.7338228225708008 0.39384618401527405 10.125079154968262      
493 -0.5877765417098999 0.4058171808719635 10.15141487121582      
494 0.9804255962371826 0.36750996112823486 10.097545623779297      
495 -0.8056488633155823 0.4118026793003082 10.061633110046387      
496 0.8547300100326538 0.38546648621559143 10.102334022521973      
497 -0.6943184733390808 0.39863458275794983 10.096348762512207      
498 0.3208230137825012 0.3842693865299225 10.068815231323242      
499 -0.043095629662275314 0.36990416049957275 10.066421508789062      
500 -0.36990416049957275 0.3926490843296051 10.08078670501709      
501 0.42377370595932007 0.35075053572654724 10.022128105163574      
502 -0.7469909191131592 0.34356793761253357 9.998186111450195      
503 0.7745242714881897 0.31603461503982544 10.001777648925781      
504 -1.0211269855499268 0.3770867586135864 10.041281700134277      
505 0.7805097699165344 0.31842881441116333 9.971850395202637      
506 -0.7757213711738586 0.33758243918418884 9.947908401489258      
507 0.44771572947502136 0.31124621629714966 9.955090522766113      
508 -0.7194576263427734 0.35673606395721436 10.007762908935547      
509 -0.19033902883529663 0.34835633635520935 9.95748519897461      
510 0.35913026332855225 0.3280056416988373 9.985017776489258      
511 -0.35075053572654724 0.33518823981285095 10.02571964263916      
512 0.8068459630012512 0.33997663855552673 10.007762908935547      
513 -0.6524199843406677 0.39145198464393616 10.02571964263916      
514 0.93254154920578 0.34356793761253357 10.02452278137207      
515 -0.7649474143981934 0.3878606855869293 10.098742485046387      
516 0.8176198601722717 0.37469255924224854 10.077195167541504      
517 -0.5961562395095825 0.395043283700943 10.056844711303711      
518 0.6584054827690125 0.3627215623855591 10.064026832580566      
519 -0.22625206410884857 0.40222588181495667 10.109517097473145      
520 0.3471592366695404 0.395043283700943 10.111910820007324      
521 -0.5710170865058899 0.40940847992897034 10.122684478759766      
522 0.933738648891449 0.36990416049957275 10.072406768798828      
523 -0.8738836050033569 0.40701428055763245 10.037690162658691      
524 0.8343793153762817 0.38067805767059326 10.071209907531738      
525 -0.6991068720817566 0.3842693865299225 10.103530883789062      
526 0.6177040338516235 0.37828385829925537 10.08198356628418      
527 -0.42377370595932007 0.395043283700943 10.040084838867188      
528 0.23702596127986908 0.36990416049957275 10.029311180114746      
529 -0.09696517139673233 0.34835633635520935 10.064026832580566      
530 -0.3495534360408783 0.363918662071228 10.035296440124512      
531 0.7948749661445618 0.3280056416988373 10.013748168945312      
532 -1.016338586807251 0.37828385829925537 10.046070098876953      
533 0.7948749661445618 0.32441434264183044 9.989806175231934      
534 -0.8104372620582581 0.3423708379268646 9.955090522766113      
535 0.44173020124435425 0.31603461503982544 9.945513725280762      
536 -0.6703764796257019 0.34356793761253357 9.989806175231934      
537 0.18794482946395874 0.3208230137825012 9.971850395202637      
538 -0.34596213698387146 0.33758243918418884 9.950302124023438      
539 -0.033518824726343155 0.3387795388698578 9.982624053955078      
540 0.35075053572654724 0.3280056416988373 10.018536567687988      
541 -0.43335050344467163 0.3387795388698578 10.020931243896484      
542 0.8140285611152649 0.33997663855552673 9.99220085144043      
543 -0.6153098344802856 0.363918662071228 10.02452278137207      
544 0.7003039717674255 0.35075053572654724 10.047266960144043      
545 -0.6248866319656372 0.3758896589279175 10.042478561401367      
546 0.6619967818260193 0.36990416049957275 10.073603630065918      
547 -0.26575639843940735 0.41778820753097534 10.121487617492676      
548 0.3734954595565796 0.3974374830722809 10.128670692443848      
549 0.30047231912612915 0.38307225704193115 10.065223693847656      
550 -0.2561795711517334 0.395043283700943 10.056844711303711      
551 0.667982280254364 0.38307225704193115 10.092757225036621      
552 -0.6703764796257019 0.40940847992897034 10.104728698730469      
553 0.9301473498344421 0.3758896589279175 10.052056312561035      
554 -0.6572083830833435 0.3974374830722809 10.110713958740234      
555 0.5985504388809204 0.3818751573562622 10.065223693847656      
556 -0.4189853072166443 0.3842693865299225 10.036493301391602      
557 0.181959331035614 0.3663128614425659 10.019734382629395      
558 -0.07062894850969315 0.3519476354122162 10.05923843383789      
559 -0.3411737382411957 0.3770867586135864 10.047266960144043      
560 0.39863458275794983 0.3495534360408783 10.000580787658691      
561 -0.7050924301147461 0.35434186458587646 9.999382972717285      
562 0.8008604645729065 0.31124621629714966 10.005369186401367      
563 -0.9457096457481384 0.35913026332855225 10.008959770202637      
564 0.8248024582862854 0.30526071786880493 9.938331604003906      
565 -0.7841010689735413 0.3555389642715454 9.952696800231934      
566 0.46327802538871765 0.3280056416988373 9.980229377746582      
567 -0.31603461503982544 0.333991140127182 9.947908401489258      
568 -0.014365210197865963 0.34596213698387146 9.976638793945312      
569 0.40222588181495667 0.3387795388698578 10.047266960144043      
570 -0.25498247146606445 0.3627215623855591 10.0580415725708      
571 0.7876923680305481 0.3711012601852417 10.017339706420898      
572 -0.6548141837120056 0.4129997789859772 10.070012092590332      
573 0.9145850539207458 0.3519476354122162 10.067618370056152      
574 -0.7745242714881897 0.3866635859012604 10.092757225036621      
575 0.7769184708595276 0.35913026332855225 10.046070098876953      
576 -0.6212953329086304 0.38067805767059326 10.031704902648926      
577 0.6320692300796509 0.35673606395721436 10.08078670501709      
578 0.28371289372444153 0.36990416049957275 10.036493301391602      
579 -0.272938996553421 0.3998316824436188 10.0580415725708      
580 0.629675030708313 0.39624038338661194 10.097545623779297      
581 -0.7314286231994629 0.4034229815006256 10.090363502502441      
582 0.8822633028030396 0.3519476354122162 10.014945983886719      
583 -0.910993754863739 0.38546648621559143 10.022128105163574      
584 0.8248024582862854 0.36152446269989014 10.066421508789062      
585 -0.7493851184844971 0.39384618401527405 10.108319282531738      
586 -0.5015852451324463 0.3878606855869293 10.046070098876953      
587 0.13287819921970367 0.3531447649002075 10.014945983886719      
588 -0.1843535304069519 0.33518823981285095 10.023324966430664      
589 -0.3627215623855591 0.3579331636428833 10.012551307678223      
590 0.7326257228851318 0.3256114423274994 9.998186111450195      
591 -0.9373299479484558 0.3579331636428833 10.016142845153809      
592 0.8212111592292786 0.3016694188117981 9.945513725280762      
593 -0.7553706169128418 0.34596213698387146 9.944316864013672      
594 0.5339069962501526 0.3423708379268646 9.99220085144043      
595 -0.7242460250854492 0.3687070608139038 10.02691650390625      
596 0.32202014327049255 0.32202014327049255 9.952696800231934      
597 -0.29568392038345337 0.35913026332855225 9.983820915222168      
598 0.10773907601833344 0.36152446269989014 10.044873237609863      
599 0.38067805767059326 0.3579331636428833 10.079588890075684      
600 -0.26575639843940735 0.363918662071228 10.041281700134277      
601 0.8643068075180054 0.3687070608139038 10.011354446411133      
602 -0.5650315880775452 0.3842693865299225 10.090363502502441      
603 0.768538773059845 0.37469255924224854 10.064026832580566      
604 -0.6224924325942993 0.3926490843296051 10.041281700134277      
605 0.6500257849693298 0.38546648621559143 10.126276016235352      
606 -0.16759411990642548 0.4189853072166443 10.153809547424316      
607 0.4321534037590027 0.40701428055763245 10.123882293701172      
608 0.24899697303771973 0.3866635859012604 10.06043529510498      
609 -0.2561795711517334 0.4129997789859772 10.095151901245117      
610 0.5770025849342346 0.3974374830722809 10.127472877502441      
611 -0.7314286231994629 0.39624038338661194 10.062829971313477      
612 0.8978256583213806 0.3687070608139038 10.023324966430664      
613 -0.9672574996948242 0.39863458275794983 10.071209907531738      
614 0.829590916633606 0.3603273630142212 10.074800491333008      
615 -0.52552729845047 0.37828385829925537 10.02452278137207      
616 0.11611878126859665 0.34356793761253357 10.010157585144043      
617 -0.26096799969673157 0.3363853394985199 10.02571964263916      
618 -0.4118026793003082 0.35673606395721436 9.996989250183105      
619 0.3711012601852417 0.32202014327049255 9.963470458984375      
620 -0.727837324142456 0.33279404044151306 9.979032516479492      
621 0.7852981686592102 0.3124433159828186 9.99220085144043      
622 -0.8690952062606812 0.35673606395721436 10.002974510192871      
623 0.8379706144332886 0.3124433159828186 9.941922187805176      
624 -0.8259995579719543 0.3447650372982025 9.953893661499023      
625 0.48722004890441895 0.3208230137825012 9.964667320251465      
626 -0.3411737382411957 0.33279404044151306 9.959878921508789      
627 -0.02992752194404602 0.333991140127182 9.964667320251465      
628 0.35673606395721436 0.33997663855552673 10.032901763916016      
629 -0.31603461503982544 0.35673606395721436 10.056844711303711      
630 0.7912836670875549 0.3531447649002075 9.99459457397461      
631 -0.6021417379379272 0.38546648621559143 10.071209907531738      
632 0.9876081943511963 0.36990416049957275 10.101137161254883      
633 -0.7350199222564697 0.40462008118629456 10.126276016235352      
634 0.849941611289978 0.37828385829925537 10.067618370056152      
635 -0.6093243360519409 0.3974374830722809 10.050858497619629      
636 0.7086837291717529 0.39145198464393616 10.1382474899292      
637 -0.2059013396501541 0.42616790533065796 10.14782428741455      
638 0.6931213736534119 0.3974374830722809 10.120290756225586      
639 -0.690727174282074 0.4034229815006256 10.093954086303711      
640 -0.690727174282074 0.4034229815006256 10.093954086303711      
641 -0.93254154920578 0.4118026793003082 10.085575103759766      
642 0.7565677165985107 0.36152446269989014 10.0580415725708      
643 -0.7529764175415039 0.37229835987091064 10.074800491333008      
644 0.524330198764801 0.35434186458587646 9.99339771270752      
645 -0.50876784324646 0.3663128614425659 10.010157585144043      
646 0.17238251864910126 0.3447650372982025 10.018536567687988      
647 -0.1149216815829277 0.33758243918418884 10.035296440124512      
648 -0.27413609623908997 0.3758896589279175 10.022128105163574      
649 0.8487445116043091 0.3363853394985199 10.029311180114746      
650 -0.9014169573783875 0.3842693865299225 10.041281700134277      
651 0.8331822156906128 0.31364041566848755 9.95748519897461      
652 -0.7266402244567871 0.34596213698387146 9.953893661499023      
653 0.45489832758903503 0.3292027413845062 9.986215591430664      
654 -0.6560112833976746 0.35913026332855225 10.031704902648926      
655 0.33758243918418884 0.3315969407558441 9.974244117736816      
656 -0.25977087020874023 0.35673606395721436 9.999382972717285      
657 0.090979665517807 0.3555389642715454 10.030508041381836      
658 0.3315969407558441 0.35075053572654724 10.064026832580566      
659 -0.27413609623908997 0.34835633635520935 10.037690162658691      
660 0.9983820915222168 0.33518823981285095 10.032901763916016      
661 -0.7577648162841797 0.38067805767059326 10.098742485046387      
662 0.751779317855835 0.3687070608139038 10.068815231323242      
663 -0.6248866319656372 0.38546648621559143 10.052056312561035      
664 0.689530074596405 0.37828385829925537 10.125079154968262      
665 -0.28371289372444153 0.4141969084739685 10.110713958740234      
666 0.3016694188117981 0.3902548849582672 10.087968826293945      
667 0.2513911724090576 0.3734954595565796 10.042478561401367      
668 0.6512228846549988 0.39145198464393616 10.111910820007324      
669 -0.7338228225708008 0.4106055796146393 10.087968826293945      
670 0.8858546018600464 0.3663128614425659 10.02691650390625      
671 -0.973242998123169 0.3902548849582672 10.044873237609863      
672 0.8463503122329712 0.35434186458587646 10.064026832580566      
673 -0.5482721924781799 0.37828385829925537 10.02691650390625      
674 0.15682020783424377 0.3495534360408783 10.019734382629395      
675 -0.21547815203666687 0.333991140127182 10.017339706420898      
676 -0.4213795065879822 0.35673606395721436 10.005369186401367      
677 0.3411737382411957 0.333991140127182 9.971850395202637      
678 -0.7230489253997803 0.33997663855552673 9.971850395202637      
679 0.7529764175415039 0.3124433159828186 9.989806175231934      
680 -0.8966285586357117 0.3579331636428833 9.99100399017334      
681 0.8271966576576233 0.3076549172401428 9.940725326538086      
682 -0.7086837291717529 0.3531447649002075 9.979032516479492      
683 0.333991140127182 0.3148375153541565 9.976638793945312      
684 -0.2801215946674347 0.3531447649002075 9.99459457397461      
685 0.0802057534456253 0.3627215623855591 10.029311180114746      
686 0.38067805767059326 0.35673606395721436 10.064026832580566      
687 -0.28730419278144836 0.3471592366695404 10.032901763916016      
688 0.8619126081466675 0.34835633635520935 9.985017776489258      
689 -0.5877765417098999 0.37828385829925537 10.065223693847656      
690 1.0187327861785889 0.3603273630142212 10.11669921875      
691 -0.7206547260284424 0.40940847992897034 10.141838073730469      
692 0.8236053586006165 0.3711012601852417 10.074800491333008      
693 -0.6117185354232788 0.39384618401527405 10.06043529510498      
694 0.6871358752250671 0.38067805767059326 10.11430549621582      
695 -0.24779987335205078 0.40940847992897034 10.104728698730469      
696 -0.2537853717803955 0.4034229815006256 10.08437728881836      
697 0.5793967843055725 0.38307225704193115 10.086771965026855      
698 -0.6943184733390808 0.39624038338661194 10.062829971313477      
699 0.9133879542350769 0.3663128614425659 10.035296440124512      
700 -0.9181763529777527 0.4118026793003082 10.070012092590332      
701 0.8643068075180054 0.365115761756897 10.079588890075684      
702 -0.7697358727455139 0.39863458275794983 10.109517097473145      
703 0.5734112858772278 0.365115761756897 10.029311180114746      
704 -0.6033388376235962 0.36750996112823486 10.002974510192871      
705 0.10654197633266449 0.3315969407558441 10.011354446411133      
706 -0.3196259140968323 0.3292027413845062 9.987412452697754      
707 -0.32441434264183044 0.35075053572654724 9.971850395202637      
708 0.7386112213134766 0.31842881441116333 10.007762908935547      
709 -0.8990227580070496 0.363918662071228 10.005369186401367      
710 0.8607155084609985 0.3016694188117981 9.940725326538086      
711 -0.7721300721168518 0.3495534360408783 9.964667320251465      
712 0.4908113479614258 0.3256114423274994 9.986215591430664      
713 -0.7362170219421387 0.35434186458587646 10.035296440124512      
714 0.40701428055763245 0.31842881441116333 9.952696800231934      
715 -0.2717418968677521 0.35673606395721436 9.99100399017334      
716 0.16400282084941864 0.3519476354122162 10.030508041381836      
717 0.395043283700943 0.34835633635520935 10.065223693847656      
718 -0.6141127347946167 0.38067805767059326 10.079588890075684      
719 0.93254154920578 0.3555389642715454 10.073603630065918      
720 -0.7577648162841797 0.39145198464393616 10.093954086303711      
721 0.8104372620582581 0.36750996112823486 10.050858497619629      
722 -0.628477931022644 0.395043283700943 10.046070098876953      
723 -0.23582886159420013 0.4118026793003082 10.11789608001709      
724 0.2992752194404602 0.40462008118629456 10.075998306274414      
725 0.14604631066322327 0.3878606855869293 10.072406768798828      
726 -0.3519476354122162 0.3974374830722809 10.090363502502441      
727 0.5901707410812378 0.36152446269989014 10.093954086303711      
728 -0.7182605266571045 0.38067805767059326 10.034099578857422      
729 0.8259995579719543 0.34835633635520935 10.014945983886719      
730 -0.790086567401886 0.39145198464393616 10.08437728881836      
731 0.4920084476470947 0.34596213698387146 9.983820915222168      
732 -0.629675030708313 0.36152446269989014 10.000580787658691      
733 0.09576806426048279 0.3280056416988373 10.008959770202637      
734 -0.2992752194404602 0.32680854201316833 9.981427192687988      
735 -0.3064578175544739 0.3411737382411957 9.946710586547852      
736 0.31842881441116333 0.31603461503982544 9.946710586547852      
737 -0.6320692300796509 0.3315969407558441 9.989806175231934      
738 0.7625532150268555 0.3196259140968323 9.987412452697754      
739 -0.751779317855835 0.35075053572654724 9.964667320251465      
740 0.9229647517204285 0.31842881441116333 9.96945571899414      
741 -0.7661445140838623 0.3663128614425659 10.073603630065918      
742 0.4429273009300232 0.3531447649002075 10.052056312561035      
743 -0.1951274424791336 0.37229835987091064 10.043676376342773      
744 0.25019407272338867 0.37229835987091064 10.098742485046387      
745 0.30526071786880493 0.3770867586135864 10.08318042755127      
746 -0.2214636504650116 0.3758896589279175 10.05923843383789      
747 0.7829039692878723 0.3579331636428833 10.02571964263916      
748 -0.569819986820221 0.4034229815006256 10.122684478759766      
749 0.9660604000091553 0.3794809579849243 10.103530883789062      
750 -0.7769184708595276 0.4213795065879822 10.086771965026855      
751 0.8487445116043091 0.3974374830722809 10.091560363769531      
752 -0.5734112858772278 0.40701428055763245 10.108319282531738      
753 0.6715735793113708 0.40222588181495667 10.1382474899292      
754 0.1173158809542656 0.3866635859012604 10.073603630065918      
755 -0.3878606855869293 0.3866635859012604 10.071209907531738      
756 0.46327802538871765 0.3603273630142212 10.074800491333008      
757 -0.7829039692878723 0.3627215623855591 9.985017776489258      
758 0.7805097699165344 0.32441434264183044 9.971850395202637      
759 -1.0187327861785889 0.38307225704193115 10.042478561401367      
760 0.7841010689735413 0.3292027413845062 10.014945983886719      
761 -0.7984662652015686 0.35075053572654724 9.979032516479492      
762 0.5135562419891357 0.31124621629714966 9.941922187805176      
763 -0.6751648783683777 0.3471592366695404 10.005369186401367      
764 0.17956513166427612 0.3208230137825012 9.987412452697754      
765 0.4010287821292877 0.3280056416988373 9.977835655212402      
766 -0.5374982953071594 0.34356793761253357 10.02811336517334      
767 0.7637503147125244 0.32441434264183044 9.995792388916016      
768 -0.8032546639442444 0.35913026332855225 9.96945571899414      
769 0.8810662031173706 0.30885201692581177 9.947908401489258      
770 -0.8188169598579407 0.35434186458587646 10.02811336517334      
771 0.5602431893348694 0.33518823981285095 10.019734382629395      
772 -0.6919242739677429 0.3531447649002075 10.036493301391602      
773 -0.1999158412218094 0.3711012601852417 10.070012092590332      
774 0.2932897210121155 0.38067805767059326 10.110713958740234      
775 0.33039984107017517 0.3770867586135864 10.049661636352539      
776 -0.6129156351089478 0.40701428055763245 10.128670692443848      
777 0.993593692779541 0.3770867586135864 10.109517097473145      
778 -0.7781155705451965 0.4118026793003082 10.075998306274414      
779 0.8523358106613159 0.38067805767059326 10.087968826293945      
780 -0.6368576288223267 0.3974374830722809 10.074800491333008      
781 0.7242460250854492 0.3902548849582672 10.1382474899292      
782 -0.34356793761253357 0.4106055796146393 10.102334022521973      
783 0.2537853717803955 0.3866635859012604 10.04846477508545      
784 -0.07781155407428741 0.365115761756897 10.073603630065918      
785 -0.39863458275794983 0.3794809579849243 10.071209907531738      
786 0.43095630407333374 0.3363853394985199 9.988609313964844      
787 -0.9876081943511963 0.3758896589279175 10.053253173828125      
788 0.8236053586006165 0.3256114423274994 10.023324966430664      
789 -0.767341673374176 0.3579331636428833 10.019734382629395      
790 0.5279214978218079 0.35913026332855225 9.977835655212402      
791 -0.6500257849693298 0.37229835987091064 10.005369186401367      
792 0.18914192914962769 0.3256114423274994 10.018536567687988      
793 -0.3758896589279175 0.32680854201316833 9.965864181518555      
794 -0.1843535304069519 0.32441434264183044 9.927556991577148      
795 0.243011474609375 0.31364041566848755 9.975440979003906      
796 -0.5638344883918762 0.32680854201316833 10.017339706420898      
797 0.7410054206848145 0.3172317147254944 9.987412452697754      
798 -0.6643909811973572 0.34596213698387146 9.979032516479492      
799 0.9133879542350769 0.32680854201316833 10.010157585144043      
800 -0.7146692276000977 0.3770867586135864 10.036493301391602      
801 0.456095427274704 0.3363853394985199 9.996989250183105      
802 -0.243011474609375 0.363918662071228 10.041281700134277      
803 0.3411737382411957 0.36750996112823486 10.113107681274414      
804 0.3603273630142212 0.3734954595565796 10.075998306274414      
805 -0.16759411990642548 0.3926490843296051 10.06043529510498      
806 0.8032546639442444 0.3998316824436188 10.111910820007324      
807 -0.5674257874488831 0.4189853072166443 10.163386344909668      
808 0.9816226959228516 0.3794809579849243 10.101137161254883      
809 -0.8056488633155823 0.40940847992897034 10.034099578857422      
810 0.9457096457481384 0.3926490843296051 10.098742485046387      
811 -0.6811503767967224 0.4034229815006256 10.123882293701172      
812 0.24181437492370605 0.3866635859012604 10.02811336517334      
813 -0.05027823522686958 0.36750996112823486 10.055646896362305      
814 -0.4225766062736511 0.3878606855869293 10.077195167541504      
815 0.41778820753097534 0.34596213698387146 9.99339771270752      
816 -0.8188169598579407 0.35434186458587646 9.97065258026123      
817 0.7829039692878723 0.3196259140968323 9.99459457397461      
818 -0.9744400978088379 0.3687070608139038 10.046070098876953      
819 0.790086567401886 0.3280056416988373 9.986215591430664      
820 -0.8224082589149475 0.35673606395721436 9.975440979003906      
821 -0.669179379940033 0.34835633635520935 9.989806175231934      
822 0.16639702022075653 0.31364041566848755 9.959878921508789      
823 -0.5961562395095825 0.3292027413845062 9.943120002746582      
824 -0.40222588181495667 0.3280056416988373 10.017339706420898      
825 0.8319851160049438 0.32680854201316833 9.989806175231934      
826 -0.6667851805686951 0.3579331636428833 9.97065258026123      
827 0.9457096457481384 0.3232172429561615 9.99100399017334      
828 -0.7374141216278076 0.3711012601852417 10.08318042755127      
829 0.7015010714530945 0.3555389642715454 10.054450035095215      
830 -0.6260837316513062 0.3794809579849243 10.046070098876953      
831 0.5949591398239136 0.36990416049957275 10.074800491333008      
832 -0.1364694982767105 0.3974374830722809 10.132261276245117      
833 0.38905778527259827 0.40222588181495667 10.140641212463379      
834 0.7817068696022034 0.3974374830722809 10.11550235748291      
835 -0.2346317619085312 0.3998316824436188 10.05923843383789      
836 0.9469067454338074 0.37469255924224854 10.099940299987793      
837 -0.7996633648872375 0.3998316824436188 10.02452278137207      
838 0.889445960521698 0.3794809579849243 10.08318042755127      
839 -0.6153098344802856 0.4010287821292877 10.103530883789062      
840 0.6596025824546814 0.40701428055763245 10.157401084899902      
841 -0.4034229815006256 0.4118026793003082 10.102334022521973      
842 0.21667525172233582 0.3770867586135864 10.034099578857422      
843 -0.0933738648891449 0.3519476354122162 10.047266960144043      
844 -0.39145198464393616 0.38067805767059326 10.067618370056152      
845 0.8164227604866028 0.34596213698387146 9.999382972717285      
846 -1.0007762908935547 0.3878606855869293 10.06043529510498      
847 0.8427590131759644 0.3411737382411957 10.031704902648926      
848 -0.8068459630012512 0.3531447649002075 9.986215591430664      
849 0.4752490520477295 0.3100491166114807 9.932345390319824      
850 -0.690727174282074 0.3447650372982025 9.99459457397461      
851 0.19632454216480255 0.31364041566848755 10.000580787658691      
852 -0.32202014327049255 0.32680854201316833 9.941922187805176      
853 0.009576806798577309 0.333991140127182 9.961075782775879      
854 0.4297592043876648 0.33518823981285095 10.036493301391602      
855 -0.3208230137825012 0.35434186458587646 10.073603630065918      
856 0.8367735147476196 0.34835633635520935 9.999382972717285      
857 -0.585382342338562 0.38067805767059326 10.020931243896484      
858 0.7206547260284424 0.35075053572654724 10.062829971313477      
859 -0.7122750282287598 0.3770867586135864 10.020931243896484      
860 0.5327098965644836 0.3256114423274994 9.981427192687988      
861 -0.18794482946395874 0.3687070608139038 10.06043529510498      
862 0.31842881441116333 0.3842693865299225 10.103530883789062      
863 0.3531447649002075 0.3818751573562622 10.05923843383789      
864 -0.1412578970193863 0.395043283700943 10.072406768798828      
865 0.7386112213134766 0.37828385829925537 10.097545623779297      
866 -0.5925649404525757 0.4118026793003082 10.133459091186523      
867 0.9684545993804932 0.3734954595565796 10.087968826293945      
868 0.6356605291366577 0.395043283700943 10.103530883789062      
869 -0.40222588181495667 0.40222588181495667 10.086771965026855      
870 -0.40222588181495667 0.40222588181495667 10.086771965026855      
871 0.20350714027881622 0.36990416049957275 10.017339706420898      
872 -0.014365210197865963 0.35434186458587646 10.050858497619629      
873 0.4034229815006256 0.3531447649002075 10.011354446411133      
874 -0.8152256608009338 0.3663128614425659 9.973047256469727      
875 0.828393816947937 0.32441434264183044 10.012551307678223      
876 -0.9672574996948242 0.365115761756897 10.044873237609863      
877 0.8092401623725891 0.3076549172401428 9.959878921508789      
878 -0.7661445140838623 0.3423708379268646 9.949105262756348      
879 0.48722004890441895 0.3172317147254944 9.965864181518555      
880 -0.7122750282287598 0.3579331636428833 10.032901763916016      
881 0.31842881441116333 0.31603461503982544 9.99339771270752      
882 0.4082113802433014 0.3387795388698578 10.001777648925781      
883 -0.42856210470199585 0.3447650372982025 10.052056312561035      
884 0.8427590131759644 0.34356793761253357 10.031704902648926      
885 -0.6715735793113708 0.3770867586135864 10.023324966430664      
886 0.9660604000091553 0.33758243918418884 10.012551307678223      
887 -0.8236053586006165 0.36750996112823486 10.078392028808594      
888 0.7266402244567871 0.3423708379268646 10.049661636352539      
889 -0.6931213736534119 0.3878606855869293 10.036493301391602      
890 0.568622887134552 0.3627215623855591 10.04846477508545      
891 -0.16400282084941864 0.38905778527259827 10.092757225036621      
892 0.36152446269989014 0.3902548849582672 10.119093894958496      
893 0.7912836670875549 0.3878606855869293 10.078392028808594      
894 -0.2214636504650116 0.40701428055763245 10.068815231323242      
895 0.9744400978088379 0.3878606855869293 10.111910820007324      
896 -0.8200140595436096 0.4273650050163269 10.044873237609863      
897 0.9097966551780701 0.38905778527259827 10.092757225036621      
898 -0.6476315855979919 0.4082113802433014 10.137049674987793      
899 0.6212953329086304 0.3878606855869293 10.103530883789062      
900 -0.38307225704193115 0.38905778527259827 10.052056312561035      
901 0.16759411990642548 0.3687070608139038 10.017339706420898      
902 -0.1256955862045288 0.3531447649002075 10.049661636352539      
903 -0.3770867586135864 0.37828385829925537 10.064026832580566      
904 0.5327098965644836 0.35075053572654724 10.022128105163574      
905 -0.9888052940368652 0.38067805767059326 10.042478561401367      
906 0.7876923680305481 0.33039984107017517 10.012551307678223      
907 -0.8415619134902954 0.35673606395721436 10.000580787658691      
908 0.50876784324646 0.3256114423274994 9.95748519897461      
909 -0.6859387755393982 0.3603273630142212 10.016142845153809      
910 0.15682020783424377 0.32202014327049255 9.99100399017334      
911 -0.23343466222286224 0.3315969407558441 9.944316864013672      
912 -0.08379705995321274 0.3555389642715454 9.96825885772705      
913 0.35434186458587646 0.34835633635520935 10.029311180114746      
914 -0.3878606855869293 0.333991140127182 10.037690162658691      
915 0.8044517636299133 0.32680854201316833 9.979032516479492      
916 -0.6344634294509888 0.3603273630142212 9.99220085144043      
917 0.9493009448051453 0.3256114423274994 10.008959770202637      
918 -0.6548141837120056 0.3734954595565796 10.030508041381836      
919 0.5901707410812378 0.36750996112823486 10.046070098876953      
920 -0.1867477297782898 0.40701428055763245 10.108319282531738      
921 0.35075053572654724 0.39145198464393616 10.140641212463379      
922 0.43335050344467163 0.38067805767059326 10.074800491333008      
923 -0.09576806426048279 0.3878606855869293 10.064026832580566      
924 0.7541735172271729 0.3926490843296051 10.099940299987793      
925 -0.6129156351089478 0.4273650050163269 10.166977882385254      
926 0.8966285586357117 0.3878606855869293 10.101137161254883      
927 -0.8607155084609985 0.4082113802433014 10.036493301391602      
928 0.8631097078323364 0.38307225704193115 10.086771965026855      
929 -0.7242460250854492 0.39384618401527405 10.119093894958496      
930 -0.10295066982507706 0.36152446269989014 10.064026832580566      
931 -0.10295066982507706 0.36152446269989014 10.064026832580566      
932 0.35075053572654724 0.3447650372982025 9.983820915222168      
933 -0.730231523513794 0.35913026332855225 9.979032516479492      
934 0.7589619159698486 0.3280056416988373 9.998186111450195      
935 -0.9660604000091553 0.3734954595565796 10.037690162658691      
936 0.7984662652015686 0.3196259140968323 9.983820915222168      
937 -0.7613561153411865 0.3531447649002075 9.971850395202637      
938 0.49799394607543945 0.32680854201316833 9.974244117736816      
939 -0.6105214357376099 0.3627215623855591 10.02811336517334      
940 -0.0802057534456253 0.34835633635520935 9.980229377746582      
941 0.21188685297966003 0.34356793761253357 10.020931243896484      
942 -0.4812345504760742 0.3519476354122162 10.02811336517334      
943 0.6536170840263367 0.35075053572654724 10.016142845153809      
944 -0.828393816947937 0.38905778527259827 10.014945983886719      
945 0.7362170219421387 0.34835633635520935 10.013748168945312      
946 -0.7817068696022034 0.3758896589279175 10.043676376342773      
947 0.4728548228740692 0.363918662071228 10.046070098876953      
948 -0.6727706789970398 0.3627215623855591 10.023324966430664      
949 0.3100491166114807 0.33518823981285095 9.985017776489258      
950 -0.3280056416988373 0.35075053572654724 9.99100399017334      
951 0.035913024097681046 0.34835633635520935 9.999382972717285      
952 0.5111620426177979 0.34356793761253357 10.007762908935547      
953 -0.6476315855979919 0.35434186458587646 9.986215591430664      
954 0.6979097723960876 0.33039984107017517 10.010157585144043      
955 -0.6703764796257019 0.3579331636428833 10.030508041381836      
956 0.5650315880775452 0.36152446269989014 10.053253173828125      
957 -0.5662286877632141 0.3603273630142212 9.999382972717285      
958 0.4141969084739685 0.3423708379268646 10.010157585144043      
959 -0.19632454216480255 0.35075053572654724 10.036493301391602      
960 0.18914192914962769 0.363918662071228 10.053253173828125      
961 0.18315643072128296 0.3627215623855591 10.068815231323242      
962 -0.16879121959209442 0.38067805767059326 10.050858497619629      
963 0.49559974670410156 0.365115761756897 10.064026832580566      
964 -0.4106055796146393 0.37229835987091064 10.055646896362305      
965 0.645237386226654 0.36990416049957275 10.070012092590332      
966 -0.31603461503982544 0.3770867586135864 10.087968826293945      
967 0.44173020124435425 0.3794809579849243 10.053253173828125      
968 -0.16160862147808075 0.3974374830722809 10.085575103759766      
969 0.25498247146606445 0.38067805767059326 10.074800491333008      
970 0.05626374110579491 0.3687070608139038 10.061633110046387      
971 0.013168109580874443 0.3866635859012604 10.089165687561035      
972 0.4321534037590027 0.3926490843296051 10.099940299987793      
973 -0.2059013396501541 0.3878606855869293 10.097545623779297      
974 0.5123591423034668 0.37828385829925537 10.067618370056152      
975 -0.39863458275794983 0.3974374830722809 10.078392028808594      
976 0.2825157940387726 0.3770867586135864 10.053253173828125      
977 -0.3064578175544739 0.37828385829925537 10.056844711303711      
978 0.22864626348018646 0.3603273630142212 10.040084838867188      
979 -0.06464344263076782 0.3866635859012604 10.06043529510498      
980 -0.021547814831137657 0.3974374830722809 10.08078670501709      
981 0.12928688526153564 0.38546648621559143 10.086771965026855      
982 -0.27892449498176575 0.365115761756897 10.054450035095215      
983 0.25977087020874023 0.3519476354122162 10.010157585144043      
984 -0.4537012279033661 0.35913026332855225 10.013748168945312      
985 0.2669534981250763 0.3363853394985199 9.986215591430664      
986 -0.32441434264183044 0.34356793761253357 10.008959770202637      
987 0.08738835901021957 0.3411737382411957 9.980229377746582      
988 -0.19632454216480255 0.34356793761253357 9.977835655212402      
989 -0.06224924325942993 0.34835633635520935 9.99459457397461      
990 0.023942016065120697 0.3363853394985199 9.99220085144043      
991 -0.21667525172233582 0.35075053572654724 10.030508041381836      
992 0.15562310814857483 0.35913026332855225 10.031704902648926      
993 -0.32680854201316833 0.3711012601852417 10.054450035095215      
994 0.1999158412218094 0.3603273630142212 10.044873237609863      
995 -0.243011474609375 0.3711012601852417 10.043676376342773      
996 0.05147533491253853 0.3555389642715454 10.02571964263916      
997 0.28371289372444153 0.3471592366695404 10.002974510192871      
998 -0.019153613597154617 0.34596213698387146 9.999382972717285      
999 -0.10175357013940811 0.34835633635520935 10.016142845153809      
1000 0.09576806426048279 0.3531447649002075 10.013748168945312      
1001 0.09576806426048279 0.3531447649002075 10.013748168945312      
1002 0.10534487664699554 0.3495534360408783 10.02571964263916      
1003 0.03711012750864029 0.35434186458587646 10.019734382629395      
1004 0.0694318488240242 0.36750996112823486 10.04846477508545      
1005 0.05386953800916672 0.365115761756897 10.041281700134277      
1006 0.08499415963888168 0.36990416049957275 10.06043529510498      
1007 0.06464344263076782 0.37828385829925537 10.065223693847656      
1008 0.08140286058187485 0.3794809579849243 10.071209907531738      
1009 0.03950432687997818 0.3794809579849243 10.05923843383789      
1010 0.013168109580874443 0.3770867586135864 10.04846477508545      
1011 0.010773907415568829 0.3770867586135864 10.049661636352539      
1012 0.02274491637945175 0.365115761756897 10.042478561401367      
1013 0.031124621629714966 0.3603273630142212 10.044873237609863      
1014 0.033518824726343155 0.35913026332855225 10.043676376342773      
1015 0.04668693244457245 0.363918662071228 10.036493301391602      
1016 0.038307227194309235 0.3627215623855591 10.035296440124512      
1017 0.033518824726343155 0.365115761756897 10.049661636352539      
1018 0.023942016065120697 0.365115761756897 10.047266960144043      
1019 0.02274491637945175 0.3627215623855591 10.047266960144043      
1020 0.023942016065120697 0.3627215623855591 10.040084838867188      
1021 0.021547814831137657 0.365115761756897 10.037690162658691      
1022 0.03232172131538391 0.365115761756897 10.031704902648926      
1023 0.02274491637945175 0.36750996112823486 10.032901763916016      
1024 0.019153613597154617 0.3627215623855591 10.030508041381836      
1025 0.02513911761343479 0.365115761756897 10.032901763916016      
1026 0.026336219161748886 0.36750996112823486 10.037690162658691      
1027 0.02513911761343479 0.365115761756897 10.037690162658691      
1028 0.028730420395731926 0.365115761756897 10.038887977600098      
1029 0.031124621629714966 0.3687070608139038 10.040084838867188      
1030 0.02513911761343479 0.3711012601852417 10.046070098876953      
1031 0.02992752194404602 0.36750996112823486 10.038887977600098      
1032 0.02992752194404602 0.3663128614425659 10.038887977600098      
1033 0.02753331884741783 0.36750996112823486 10.041281700134277      
1034 0.02753331884741783 0.3687070608139038 10.037690162658691      
1035 0.02753331884741783 0.36750996112823486 10.040084838867188      
1036 0.028730420395731926 0.36990416049957275 10.043676376342773      
1037 0.023942016065120697 0.36750996112823486 10.046070098876953      
1038 0.028730420395731926 0.36750996112823486 10.041281700134277      
1039 0.023942016065120697 0.365115761756897 10.043676376342773      
1040 0.026336219161748886 0.3627215623855591 10.036493301391602      
1041 0.02274491637945175 0.3663128614425659 10.034099578857422      
1042 0.02513911761343479 0.3663128614425659 10.036493301391602      
1043 0.023942016065120697 0.36750996112823486 10.038887977600098      
1044 0.026336219161748886 0.363918662071228 10.042478561401367      
1045 0.02753331884741783 0.365115761756897 10.041281700134277      
1046 0.028730420395731926 0.3663128614425659 10.043676376342773      
1047 0.02753331884741783 0.363918662071228 10.041281700134277      
1048 0.026336219161748886 0.3687070608139038 10.040084838867188      
1049 0.026336219161748886 0.3627215623855591 10.041281700134277      
1050 0.026336219161748886 0.3627215623855591 10.041281700134277      
1051 0.023942016065120697 0.36152446269989014 10.041281700134277      
1052 0.02274491637945175 0.363918662071228 10.044873237609863      
1053 0.023942016065120697 0.36152446269989014 10.042478561401367      
1054 0.023942016065120697 0.36152446269989014 10.042478561401367      
1055 0.02753331884741783 0.3603273630142212 10.044873237609863      
1056 0.02274491637945175 0.363918662071228 10.034099578857422      
1057 0.02274491637945175 0.363918662071228 10.034099578857422      
1058 0.021547814831137657 0.3627215623855591 10.040084838867188      
1059 0.023942016065120697 0.365115761756897 10.041281700134277      
1060 0.026336219161748886 0.3663128614425659 10.041281700134277      
1061 0.02753331884741783 0.365115761756897 10.043676376342773      
1062 0.026336219161748886 0.363918662071228 10.040084838867188      
1063 0.026336219161748886 0.3627215623855591 10.037690162658691      
1064 0.028730420395731926 0.3603273630142212 10.035296440124512      
1065 0.026336219161748886 0.3603273630142212 10.032901763916016      
1066 0.021547814831137657 0.36152446269989014 10.043676376342773      
1067 0.023942016065120697 0.3663128614425659 10.038887977600098      
1068 0.02513911761343479 0.3627215623855591 10.041281700134277      
1069 0.026336219161748886 0.3687070608139038 10.042478561401367      
1070 0.02513911761343479 0.363918662071228 10.041281700134277      
1071 0.028730420395731926 0.3627215623855591 10.044873237609863      
1072 0.026336219161748886 0.365115761756897 10.046070098876953      
1073 0.02753331884741783 0.3627215623855591 10.044873237609863      
1074 0.028730420395731926 0.36152446269989014 10.040084838867188      
1075 0.02992752194404602 0.3627215623855591 10.040084838867188      
1076 0.023942016065120697 0.3663128614425659 10.040084838867188      
1077 0.023942016065120697 0.363918662071228 10.041281700134277      
1078 0.026336219161748886 0.3627215623855591 10.040084838867188      
1079 0.028730420395731926 0.3627215623855591 10.038887977600098      
1080 0.02992752194404602 0.3627215623855591 10.036493301391602      
1081 0.02992752194404602 0.363918662071228 10.042478561401367      
1082 0.02753331884741783 0.3627215623855591 10.041281700134277      
1083 0.02992752194404602 0.363918662071228 10.040084838867188      
1084 0.026336219161748886 0.365115761756897 10.041281700134277      
1085 0.02274491637945175 0.365115761756897 10.043676376342773      
1086 0.023942016065120697 0.36152446269989014 10.043676376342773      
1087 0.02274491637945175 0.35913026332855225 10.043676376342773      
1088 0.02274491637945175 0.363918662071228 10.042478561401367      
1089 0.019153613597154617 0.365115761756897 10.043676376342773      
1090 0.017956512048840523 0.365115761756897 10.040084838867188      
1091 0.016759412363171577 0.3663128614425659 10.046070098876953      
1092 0.016759412363171577 0.3627215623855591 10.046070098876953      
1093 0.016759412363171577 0.363918662071228 10.044873237609863      
1094 0.021547814831137657 0.3627215623855591 10.038887977600098      
1095 0.021547814831137657 0.36152446269989014 10.047266960144043      
1096 0.021547814831137657 0.363918662071228 10.044873237609863      
1097 0.021547814831137657 0.36750996112823486 10.038887977600098      
1098 0.020350715145468712 0.3663128614425659 10.044873237609863      
1099 0.021547814831137657 0.3663128614425659 10.044873237609863      
1100 0.019153613597154617 0.365115761756897 10.040084838867188      
1101 0.020350715145468712 0.3663128614425659 10.037690162658691      
1102 0.02274491637945175 0.365115761756897 10.035296440124512      
1103 0.021547814831137657 0.363918662071228 10.032901763916016      
1104 0.02274491637945175 0.3627215623855591 10.035296440124512      
1105 0.02513911761343479 0.363918662071228 10.040084838867188      
1106 0.026336219161748886 0.3663128614425659 10.042478561401367      
1107 0.023942016065120697 0.365115761756897 10.043676376342773      
1108 0.023942016065120697 0.3663128614425659 10.040084838867188      
1109 0.026336219161748886 0.365115761756897 10.043676376342773      
1110 0.02274491637945175 0.363918662071228 10.043676376342773      
1111 0.02513911761343479 0.363918662071228 10.043676376342773      
1112 0.02753331884741783 0.36152446269989014 10.042478561401367      
1113 0.02513911761343479 0.3627215623855591 10.041281700134277      
1114 0.02753331884741783 0.363918662071228 10.044873237609863      
1115 0.02753331884741783 0.3663128614425659 10.050858497619629      
1116 0.023942016065120697 0.365115761756897 10.04846477508545      
1117 0.023942016065120697 0.365115761756897 10.046070098876953      
1118 0.026336219161748886 0.3687070608139038 10.050858497619629      
1119 0.02513911761343479 0.365115761756897 10.04846477508545      
1120 0.020350715145468712 0.3663128614425659 10.047266960144043      
1121 0.017956512048840523 0.365115761756897 10.043676376342773      
1122 0.02513911761343479 0.363918662071228 10.043676376342773      
1123 0.02513911761343479 0.365115761756897 10.047266960144043      
1124 0.026336219161748886 0.36750996112823486 10.046070098876953      
1125 0.02753331884741783 0.363918662071228 10.053253173828125      
1126 0.026336219161748886 0.3627215623855591 10.049661636352539      
1127 0.02513911761343479 0.3627215623855591 10.040084838867188      
1128 0.02274491637945175 0.36750996112823486 10.037690162658691      
1129 0.023942016065120697 0.3663128614425659 10.041281700134277      
1130 0.02274491637945175 0.365115761756897 10.042478561401367      
1131 0.023942016065120697 0.3663128614425659 10.041281700134277      
1132 0.02274491637945175 0.36152446269989014 10.043676376342773      
1133 0.02274491637945175 0.36750996112823486 10.043676376342773      
1134 0.023942016065120697 0.36750996112823486 10.044873237609863      
1135 0.023942016065120697 0.3687070608139038 10.044873237609863      
1136 0.02274491637945175 0.3663128614425659 10.041281700134277      
1137 0.020350715145468712 0.3627215623855591 10.044873237609863      
1138 0.021547814831137657 0.35913026332855225 10.046070098876953      
1139 0.02274491637945175 0.365115761756897 10.047266960144043      
1140 0.021547814831137657 0.3663128614425659 10.04846477508545      
1141 0.021547814831137657 0.365115761756897 10.041281700134277      
1142 0.019153613597154617 0.3627215623855591 10.040084838867188      
1143 0.017956512048840523 0.363918662071228 10.036493301391602      
1144 0.021547814831137657 0.3627215623855591 10.041281700134277      
1145 0.020350715145468712 0.365115761756897 10.042478561401367      
1146 0.023942016065120697 0.3663128614425659 10.043676376342773      
1147 0.023942016065120697 0.365115761756897 10.042478561401367      
1148 0.02274491637945175 0.3627215623855591 10.040084838867188      
1149 0.02513911761343479 0.363918662071228 10.037690162658691      
1150 0.023942016065120697 0.36152446269989014 10.038887977600098      
1151 0.02274491637945175 0.3627215623855591 10.038887977600098      
1152 0.02274491637945175 0.3627215623855591 10.043676376342773      
1153 0.02274491637945175 0.36152446269989014 10.044873237609863      
1154 0.023942016065120697 0.363918662071228 10.044873237609863      
1155 0.02513911761343479 0.3663128614425659 10.042478561401367      
1156 0.023942016065120697 0.363918662071228 10.040084838867188      
1157 0.023942016065120697 0.365115761756897 10.044873237609863      
1158 0.02274491637945175 0.36152446269989014 10.041281700134277      
1159 0.020350715145468712 0.3603273630142212 10.043676376342773      
1160 0.020350715145468712 0.363918662071228 10.044873237609863      
1161 0.023942016065120697 0.36152446269989014 10.044873237609863      
1162 0.026336219161748886 0.363918662071228 10.044873237609863      
1163 0.021547814831137657 0.3603273630142212 10.042478561401367      
1164 0.019153613597154617 0.3627215623855591 10.041281700134277      
1165 0.019153613597154617 0.36152446269989014 10.043676376342773      
1166 0.021547814831137657 0.3603273630142212 10.043676376342773      
1167 0.02513911761343479 0.36152446269989014 10.042478561401367      
1168 0.020350715145468712 0.3603273630142212 10.049661636352539      
1169 0.020350715145468712 0.3579331636428833 10.047266960144043      
1170 0.019153613597154617 0.36152446269989014 10.04846477508545      
1171 0.02513911761343479 0.363918662071228 10.043676376342773      
1172 0.020350715145468712 0.3663128614425659 10.04846477508545      
1173 0.02274491637945175 0.3627215623855591 10.047266960144043      
1174 0.023942016065120697 0.36152446269989014 10.043676376342773      
1175 0.021547814831137657 0.365115761756897 10.042478561401367      
1176 0.023942016065120697 0.3627215623855591 10.04846477508545      
1177 0.02513911761343479 0.363918662071228 10.044873237609863      
1178 0.021547814831137657 0.365115761756897 10.046070098876953      
1179 0.023942016065120697 0.363918662071228 10.041281700134277      
1180 0.021547814831137657 0.363918662071228 10.038887977600098      
1181 0.023942016065120697 0.363918662071228 10.043676376342773      
1182 0.023942016065120697 0.3627215623855591 10.043676376342773      
1183 0.020350715145468712 0.363918662071228 10.038887977600098      
1184 0.020350715145468712 0.363918662071228 10.042478561401367      
1185 0.02274491637945175 0.3663128614425659 10.042478561401367      
1186 0.020350715145468712 0.3663128614425659 10.046070098876953      
1187 0.021547814831137657 0.365115761756897 10.047266960144043      
1188 0.021547814831137657 0.3627215623855591 10.04846477508545      
1189 0.020350715145468712 0.35673606395721436 10.04846477508545      
1190 0.021547814831137657 0.3603273630142212 10.042478561401367      
1191 0.023942016065120697 0.36152446269989014 10.038887977600098      
1192 0.023942016065120697 0.3627215623855591 10.035296440124512      
1193 0.020350715145468712 0.3627215623855591 10.042478561401367      
1194 0.017956512048840523 0.3627215623855591 10.044873237609863      
1195 0.021547814831137657 0.363918662071228 10.042478561401367      
1196 0.02513911761343479 0.3663128614425659 10.042478561401367      
1197 0.02274491637945175 0.3627215623855591 10.043676376342773      
1198 0.023942016065120697 0.363918662071228 10.043676376342773      
1199 0.026336219161748886 0.3663128614425659 10.041281700134277      
1200 0.02513911761343479 0.363918662071228 10.038887977600098      
1201 0.023942016065120697 0.3603273630142212 10.043676376342773      
1202 0.021547814831137657 0.36152446269989014 10.041281700134277      
1203 0.02274491637945175 0.36152446269989014 10.040084838867188      
1204 0.02513911761343479 0.35913026332855225 10.043676376342773      
1205 0.02274491637945175 0.3603273630142212 10.037690162658691      
1206 0.02274491637945175 0.365115761756897 10.042478561401367      
1207 0.023942016065120697 0.365115761756897 10.042478561401367      
1208 0.023942016065120697 0.363918662071228 10.041281700134277      
1209 0.020350715145468712 0.363918662071228 10.038887977600098      
1210 0.023942016065120697 0.363918662071228 10.037690162658691      
1211 0.026336219161748886 0.363918662071228 10.040084838867188      
1212 0.028730420395731926 0.365115761756897 10.038887977600098      
1213 0.023942016065120697 0.365115761756897 10.042478561401367      
1214 0.02274491637945175 0.3603273630142212 10.041281700134277      
1215 0.026336219161748886 0.363918662071228 10.037690162658691      
1216 0.023942016065120697 0.363918662071228 10.040084838867188      
1217 0.026336219161748886 0.36152446269989014 10.037690162658691      
1218 0.02753331884741783 0.3627215623855591 10.034099578857422      
1219 0.02513911761343479 0.3603273630142212 10.038887977600098      
1220 0.023942016065120697 0.35913026332855225 10.042478561401367      
1221 0.021547814831137657 0.363918662071228 10.042478561401367      
1222 0.02513911761343479 0.3603273630142212 10.046070098876953      
1223 0.02274491637945175 0.363918662071228 10.043676376342773      
1224 0.021547814831137657 0.36750996112823486 10.041281700134277      
1225 0.021547814831137657 0.36152446269989014 10.043676376342773      
1226 0.023942016065120697 0.3627215623855591 10.040084838867188      
1227 0.019153613597154617 0.36152446269989014 10.042478561401367      
1228 0.020350715145468712 0.363918662071228 10.043676376342773      
1229 0.023942016065120697 0.3627215623855591 10.040084838867188      
1230 0.02274491637945175 0.363918662071228 10.041281700134277      
1231 0.026336219161748886 0.36152446269989014 10.041281700134277      
1232 0.02513911761343479 0.35913026332855225 10.040084838867188      
1233 0.023942016065120697 0.363918662071228 10.044873237609863      
1234 0.023942016065120697 0.36152446269989014 10.040084838867188      
1235 0.026336219161748886 0.365115761756897 10.046070098876953      
1236 0.023942016065120697 0.363918662071228 10.040084838867188      
1237 0.019153613597154617 0.36750996112823486 10.038887977600098      
1238 0.021547814831137657 0.3627215623855591 10.041281700134277      
1239 0.021547814831137657 0.3627215623855591 10.043676376342773      
1240 0.020350715145468712 0.3603273630142212 10.042478561401367      
1241 0.023942016065120697 0.365115761756897 10.044873237609863      
1242 0.02274491637945175 0.36750996112823486 10.047266960144043      
1243 0.02513911761343479 0.3663128614425659 10.043676376342773      
1244 0.02513911761343479 0.365115761756897 10.043676376342773      
1245 0.02513911761343479 0.365115761756897 10.040084838867188      
1246 0.02753331884741783 0.3663128614425659 10.043676376342773      
1247 0.021547814831137657 0.365115761756897 10.043676376342773      
1248 0.023942016065120697 0.3627215623855591 10.046070098876953      
1249 0.023942016065120697 0.36152446269989014 10.047266960144043      
1250 0.023942016065120697 0.3627215623855591 10.046070098876953      
1251 0.023942016065120697 0.3603273630142212 10.041281700134277      
1252 0.02274491637945175 0.36152446269989014 10.040084838867188      
1253 0.020350715145468712 0.35913026332855225 10.043676376342773      
1254 0.02274491637945175 0.36152446269989014 10.043676376342773      
1255 0.02274491637945175 0.365115761756897 10.041281700134277      
1256 0.02274491637945175 0.363918662071228 10.038887977600098      
1257 0.02513911761343479 0.3627215623855591 10.043676376342773      
1258 0.021547814831137657 0.36152446269989014 10.041281700134277      
1259 0.026336219161748886 0.36152446269989014 10.037690162658691      
1260 0.02753331884741783 0.363918662071228 10.038887977600098      
1261 0.026336219161748886 0.363918662071228 10.032901763916016      
1262 0.02513911761343479 0.36152446269989014 10.036493301391602      
1263 0.02513911761343479 0.36152446269989014 10.035296440124512      
1264 0.026336219161748886 0.3627215623855591 10.038887977600098      
1265 0.023942016065120697 0.3663128614425659 10.042478561401367      
1266 0.023942016065120697 0.3627215623855591 10.042478561401367      
1267 0.02753331884741783 0.36152446269989014 10.046070098876953      
1268 0.023942016065120697 0.3603273630142212 10.043676376342773      
1269 0.02753331884741783 0.3603273630142212 10.040084838867188      
1270 0.02753331884741783 0.3627215623855591 10.041281700134277      
1271 0.023942016065120697 0.36152446269989014 10.044873237609863      
1272 0.02274491637945175 0.3627215623855591 10.043676376342773      
1273 0.02513911761343479 0.3627215623855591 10.041281700134277      
1274 0.02274491637945175 0.365115761756897 10.038887977600098      
1275 0.020350715145468712 0.36152446269989014 10.038887977600098      
1276 0.020350715145468712 0.3627215623855591 10.037690162658691      
1277 0.02274491637945175 0.3603273630142212 10.043676376342773      
1278 0.02274491637945175 0.36152446269989014 10.043676376342773      
1279 0.02513911761343479 0.365115761756897 10.044873237609863      
1280 0.02274491637945175 0.363918662071228 10.043676376342773      
1281 0.021547814831137657 0.3663128614425659 10.046070098876953      
1282 0.016759412363171577 0.3627215623855591 10.044873237609863      
1283 0.016759412363171577 0.36152446269989014 10.043676376342773      
1284 0.019153613597154617 0.36152446269989014 10.041281700134277      
1285 0.021547814831137657 0.3627215623855591 10.038887977600098      
1286 0.02274491637945175 0.365115761756897 10.038887977600098      
1287 0.02274491637945175 0.365115761756897 10.038887977600098      
1288 0.02274491637945175 0.36750996112823486 10.043676376342773      
1289 0.02513911761343479 0.363918662071228 10.038887977600098      
1290 0.023942016065120697 0.365115761756897 10.042478561401367      
1291 0.021547814831137657 0.3663128614425659 10.042478561401367      
1292 0.02274491637945175 0.3663128614425659 10.040084838867188      
1293 0.02274491637945175 0.363918662071228 10.042478561401367      
1294 0.023942016065120697 0.365115761756897 10.042478561401367      
1295 0.023942016065120697 0.36750996112823486 10.041281700134277      
1296 0.02513911761343479 0.363918662071228 10.037690162658691      
1297 0.02274491637945175 0.36152446269989014 10.038887977600098      
1298 0.02753331884741783 0.3627215623855591 10.040084838867188      
1299 0.028730420395731926 0.3627215623855591 10.041281700134277      
1300 0.028730420395731926 0.3627215623855591 10.043676376342773      
1301 0.02513911761343479 0.363918662071228 10.043676376342773      
1302 0.02513911761343479 0.363918662071228 10.042478561401367      
1303 0.026336219161748886 0.365115761756897 10.040084838867188      
1304 0.026336219161748886 0.365115761756897 10.040084838867188      
1305 0.02753331884741783 0.365115761756897 10.042478561401367      
1306 0.02513911761343479 0.3663128614425659 10.041281700134277      
1307 0.02274491637945175 0.365115761756897 10.044873237609863      
1308 0.02513911761343479 0.3663128614425659 10.042478561401367      
1309 0.02513911761343479 0.365115761756897 10.042478561401367      
1310 0.023942016065120697 0.3627215623855591 10.040084838867188      
1311 0.02753331884741783 0.365115761756897 10.043676376342773      
1312 0.02513911761343479 0.3663128614425659 10.041281700134277      
1313 0.02753331884741783 0.3711012601852417 10.037690162658691      
1314 0.02274491637945175 0.365115761756897 10.034099578857422      
1315 0.02274491637945175 0.365115761756897 10.040084838867188      
1316 0.021547814831137657 0.363918662071228 10.035296440124512      
1317 0.021547814831137657 0.3663128614425659 10.038887977600098      
1318 0.023942016065120697 0.365115761756897 10.038887977600098      
1319 0.023942016065120697 0.36152446269989014 10.040084838867188      
1320 0.019153613597154617 0.36152446269989014 10.040084838867188      
1321 0.021547814831137657 0.36152446269989014 10.042478561401367      
1322 0.02513911761343479 0.3627215623855591 10.044873237609863      
1323 0.023942016065120697 0.363918662071228 10.044873237609863      
1324 0.023942016065120697 0.365115761756897 10.042478561401367      
1325 0.023942016065120697 0.3627215623855591 10.041281700134277      
1326 0.023942016065120697 0.365115761756897 10.041281700134277      
1327 0.020350715145468712 0.3627215623855591 10.040084838867188      
1328 0.020350715145468712 0.365115761756897 10.042478561401367      
1329 0.02513911761343479 0.363918662071228 10.042478561401367      
1330 0.02274491637945175 0.365115761756897 10.043676376342773      
1331 0.02513911761343479 0.363918662071228 10.047266960144043      
1332 0.02513911761343479 0.36152446269989014 10.038887977600098      
1333 0.02753331884741783 0.3627215623855591 10.037690162658691      
1334 0.02753331884741783 0.3627215623855591 10.038887977600098      
1335 0.02513911761343479 0.3603273630142212 10.040084838867188      
1336 0.02513911761343479 0.36152446269989014 10.043676376342773      
1337 0.023942016065120697 0.3627215623855591 10.046070098876953      
1338 0.019153613597154617 0.3603273630142212 10.038887977600098      
1339 0.021547814831137657 0.35913026332855225 10.043676376342773      
1340 0.019153613597154617 0.36152446269989014 10.040084838867188      
1341 0.019153613597154617 0.36152446269989014 10.041281700134277      
1342 0.02274491637945175 0.35673606395721436 10.041281700134277      
1343 0.02274491637945175 0.35673606395721436 10.041281700134277      
1344 0.02274491637945175 0.36152446269989014 10.040084838867188      
1345 0.021547814831137657 0.3663128614425659 10.044873237609863      
1346 0.020350715145468712 0.365115761756897 10.043676376342773      
1347 0.02274491637945175 0.36152446269989014 10.042478561401367      
1348 0.02274491637945175 0.36152446269989014 10.041281700134277      
1349 0.02274491637945175 0.3627215623855591 10.038887977600098      
1350 0.016759412363171577 0.3627215623855591 10.041281700134277      
1351 0.02274491637945175 0.363918662071228 10.041281700134277      
1352 0.02753331884741783 0.36152446269989014 10.032901763916016      
1353 0.028730420395731926 0.3603273630142212 10.032901763916016      
1354 0.031124621629714966 0.3579331636428833 10.036493301391602      
1355 0.026336219161748886 0.3663128614425659 10.041281700134277      
1356 0.02274491637945175 0.363918662071228 10.044873237609863      
1357 0.020350715145468712 0.365115761756897 10.042478561401367      
1358 0.020350715145468712 0.363918662071228 10.042478561401367      
1359 0.020350715145468712 0.365115761756897 10.046070098876953      
1360 0.02274491637945175 0.35913026332855225 10.042478561401367      
1361 0.02513911761343479 0.3603273630142212 10.044873237609863      
1362 0.02513911761343479 0.36152446269989014 10.040084838867188      
1363 0.02753331884741783 0.3603273630142212 10.035296440124512      
1364 0.026336219161748886 0.363918662071228 10.042478561401367      
1365 0.02992752194404602 0.36152446269989014 10.036493301391602      
1366 0.02513911761343479 0.363918662071228 10.038887977600098      
1367 0.02274491637945175 0.3627215623855591 10.040084838867188      
1368 0.02513911761343479 0.3579331636428833 10.042478561401367      
1369 0.023942016065120697 0.35913026332855225 10.043676376342773      
1370 0.023942016065120697 0.35913026332855225 10.038887977600098      
1371 0.02274491637945175 0.35913026332855225 10.038887977600098      
1372 0.02513911761343479 0.3603273630142212 10.040084838867188      
1373 0.023942016065120697 0.3627215623855591 10.041281700134277      
