1 0.10773907601833344 0.3387795388698578 10.006566047668457      
2 -0.18315643072128296 0.35434186458587646 10.008959770202637      
3 -0.4644751250743866 0.3794809579849243 10.056844711303711      
4 -0.3447650372982025 0.3734954595565796 10.040084838867188      
5 -0.16759411990642548 0.363918662071228 10.053253173828125      
6 -0.090979665517807 0.3663128614425659 10.017339706420898      
7 0.3064578175544739 0.3411737382411957 9.981427192687988      
8 0.5997475385665894 0.3315969407558441 9.99459457397461      
9 0.3866635859012604 0.34596213698387146 10.013748168945312      
10 0.45010992884635925 0.3603273630142212 10.038887977600098      
11 0.09696517139673233 0.36750996112823486 10.061633110046387      
12 -0.2753331959247589 0.3794809579849243 10.062829971313477      
13 -0.5530605912208557 0.38067805767059326 10.049661636352539      
14 -0.3603273630142212 0.395043283700943 10.085575103759766      
15 -0.20949265360832214 0.4034229815006256 10.092757225036621      
16 -0.04668693244457245 0.4058171808719635 10.053253173828125      
17 0.3555389642715454 0.3579331636428833 10.007762908935547      
18 0.6667851805686951 0.333991140127182 10.004171371459961      
19 0.6009446382522583 0.3471592366695404 10.040084838867188      
20 0.4429273009300232 0.3734954595565796 10.072406768798828      
21 -0.02992752194404602 0.3794809579849243 10.065223693847656      
22 -0.40940847992897034 0.39863458275794983 10.08078670501709      
23 -0.669179379940033 0.40222588181495667 10.077195167541504      
24 -0.52552729845047 0.38905778527259827 10.06043529510498      
25 -0.32441434264183044 0.3794809579849243 10.061633110046387      
26 0.17717093229293823 0.3734954595565796 10.071209907531738      
27 0.5339069962501526 0.38067805767059326 10.099940299987793      
28 0.7864952683448792 0.3758896589279175 10.071209907531738      
29 0.6703764796257019 0.3711012601852417 10.075998306274414      
30 0.4668693244457245 0.3579331636428833 10.032901763916016      
31 -0.1364694982767105 0.3663128614425659 10.044873237609863      
32 -0.5590460896492004 0.3770867586135864 10.030508041381836      
33 -0.8643068075180054 0.36990416049957275 10.030508041381836      
34 -0.690727174282074 0.35673606395721436 10.017339706420898      
35 -0.35075053572654724 0.3579331636428833 10.02811336517334      
36 0.1735796183347702 0.3531447649002075 10.037690162658691      
37 0.7912836670875549 0.363918662071228 10.056844711303711      
38 0.5111620426177979 0.37229835987091064 10.070012092590332      
39 0.3926490843296051 0.3531447649002075 10.031704902648926      
40 0.10295066982507706 0.3579331636428833 10.046070098876953      
41 -0.2059013396501541 0.3998316824436188 10.102334022521973      
42 -0.629675030708313 0.41539400815963745 10.11430549621582      
43 -0.4644751250743866 0.3974374830722809 10.072406768798828      
44 -0.2968810200691223 0.3758896589279175 10.049661636352539      
45 0.1412578970193863 0.36750996112823486 10.054450035095215      
46 0.507570743560791 0.37469255924224854 10.071209907531738      
47 0.7876923680305481 0.35673606395721436 10.052056312561035      
48 0.6404489278793335 0.3603273630142212 10.047266960144043      
49 0.29807811975479126 0.37828385829925537 10.035296440124512      
50 -0.08738835901021957 0.37229835987091064 10.032901763916016      
51 -0.3770867586135864 0.3603273630142212 10.022128105163574      
52 -0.7350199222564697 0.3818751573562622 10.042478561401367      
53 -0.49559974670410156 0.39624038338661194 10.071209907531738      
54 -0.3256114423274994 0.4010287821292877 10.098742485046387      
55 0.13407529890537262 0.36152446269989014 10.040084838867188      
56 0.5339069962501526 0.3411737382411957 10.02811336517334      
57 0.7541735172271729 0.3411737382411957 10.022128105163574      
58 0.5781996846199036 0.35075053572654724 10.034099578857422      
59 0.3711012601852417 0.37229835987091064 10.066421508789062      
60 0.02753331884741783 0.3734954595565796 10.08318042755127      
61 -0.2406172752380371 0.3818751573562622 10.089165687561035      
62 -0.7589619159698486 0.4106055796146393 10.113107681274414      
63 -0.4944026470184326 0.39863458275794983 10.098742485046387      
64 -0.4165911078453064 0.37828385829925537 10.054450035095215      
65 0.05027823522686958 0.3555389642715454 10.020931243896484      
66 0.4141969084739685 0.3471592366695404 9.996989250183105      
67 0.6799532771110535 0.33758243918418884 10.018536567687988      
68 0.6943184733390808 0.3495534360408783 10.036493301391602      
69 0.45250412821769714 0.3519476354122162 10.035296440124512      
70 -0.18794482946395874 0.37469255924224854 10.031704902648926      
71 -0.5482721924781799 0.363918662071228 9.976638793945312      
72 -0.8774749040603638 0.36152446269989014 9.995792388916016      
73 -0.5638344883918762 0.3758896589279175 10.046070098876953      
74 -0.4118026793003082 0.40462008118629456 10.071209907531738      
75 0.0035913025494664907 0.3902548849582672 10.064026832580566      
76 0.4728548228740692 0.37229835987091064 10.040084838867188      
77 0.7433996200561523 0.3555389642715454 10.035296440124512      
78 0.689530074596405 0.3627215623855591 10.041281700134277      
79 0.4273650050163269 0.3531447649002075 10.029311180114746      
80 -0.18076223134994507 0.3734954595565796 10.032901763916016      
81 -0.5446808934211731 0.3734954595565796 10.008959770202637      
82 -0.8954314589500427 0.36990416049957275 10.005369186401367      
83 -0.6715735793113708 0.34596213698387146 9.973047256469727      
84 -0.37469255924224854 0.34835633635520935 9.999382972717285      
85 0.03950432687997818 0.3687070608139038 10.019734382629395      
86 0.4489128291606903 0.3842693865299225 10.068815231323242      
87 0.7182605266571045 0.3687070608139038 10.0580415725708      
88 0.8044517636299133 0.34356793761253357 10.029311180114746      
89 0.3663128614425659 0.34596213698387146 10.017339706420898      
90 -0.20949265360832214 0.3603273630142212 10.02571964263916      
91 -0.48482584953308105 0.3758896589279175 10.037690162658691      
92 -0.8403648138046265 0.3758896589279175 10.047266960144043      
93 -0.7374141216278076 0.37469255924224854 10.013748168945312      
94 0.18555063009262085 0.3471592366695404 10.02811336517334      
95 0.18555063009262085 0.3471592366695404 10.02811336517334      
96 0.5662286877632141 0.3555389642715454 10.049661636352539      
97 0.6727706789970398 0.365115761756897 10.042478561401367      
98 0.3076549172401428 0.3579331636428833 10.020931243896484      
99 -0.09816227108240128 0.35673606395721436 10.007762908935547      
100 -0.43335050344467163 0.37828385829925537 10.047266960144043      
101 -0.8271966576576233 0.38307225704193115 10.055646896362305      
102 -0.6739677786827087 0.3902548849582672 10.061633110046387      
103 -0.31842881441116333 0.3711012601852417 10.050858497619629      
104 0.19632454216480255 0.35434186458587646 10.038887977600098      
105 0.569819986820221 0.35434186458587646 10.055646896362305      
106 0.8140285611152649 0.3519476354122162 10.053253173828125      
107 0.49559974670410156 0.34356793761253357 10.016142845153809      
108 0.3208230137825012 0.3555389642715454 10.020931243896484      
109 -0.005985504016280174 0.35673606395721436 10.042478561401367      
110 -0.3100491166114807 0.38067805767059326 10.065223693847656      
111 -0.7433996200561523 0.3926490843296051 10.08318042755127      
112 -0.46327802538871765 0.3998316824436188 10.08198356628418      
113 -0.33758243918418884 0.3842693865299225 10.0580415725708      
114 0.09935937076807022 0.3603273630142212 10.035296440124512      
115 0.45489832758903503 0.333991140127182 10.017339706420898      
116 0.7242460250854492 0.333991140127182 10.029311180114746      
117 0.5267243981361389 0.3447650372982025 10.012551307678223      
118 0.3064578175544739 0.3734954595565796 10.050858497619629      
119 0.11133038252592087 0.36750996112823486 10.071209907531738      
120 -0.2214636504650116 0.3878606855869293 10.096348762512207      
121 -0.6727706789970398 0.4129997789859772 10.096348762512207      
122 -0.48482584953308105 0.4118026793003082 10.101137161254883      
123 -0.39384618401527405 0.3902548849582672 10.064026832580566      
124 0.1735796183347702 0.35434186458587646 10.031704902648926      
125 0.5099649429321289 0.35673606395721436 10.041281700134277      
126 0.7625532150268555 0.35434186458587646 10.043676376342773      
127 0.48961424827575684 0.36750996112823486 10.043676376342773      
128 0.46327802538871765 0.3711012601852417 10.072406768798828      
129 0.02274491637945175 0.3734954595565796 10.093954086303711      
130 -0.2992752194404602 0.3770867586135864 10.071209907531738      
131 -0.7984662652015686 0.3902548849582672 10.061633110046387      
132 -0.4776432514190674 0.3794809579849243 10.08078670501709      
133 -0.3734954595565796 0.39384618401527405 10.073603630065918      
134 0.08499415963888168 0.3734954595565796 10.049661636352539      
135 0.4800374507904053 0.3471592366695404 10.012551307678223      
136 0.7206547260284424 0.33997663855552673 10.012551307678223      
137 0.5662286877632141 0.35913026332855225 10.037690162658691      
138 0.4668693244457245 0.35075053572654724 10.038887977600098      
139 -0.13407529890537262 0.3734954595565796 10.037690162658691      
140 -0.3794809579849243 0.3531447649002075 10.012551307678223      
141 -0.8224082589149475 0.3734954595565796 10.011354446411133      
142 -0.6141127347946167 0.3663128614425659 10.007762908935547      
143 -0.44173020124435425 0.363918662071228 10.031704902648926      
144 -0.0071826050989329815 0.3579331636428833 10.02691650390625      
145 0.4429273009300232 0.365115761756897 10.043676376342773      
146 0.7086837291717529 0.34835633635520935 10.010157585144043      
147 0.6524199843406677 0.36152446269989014 10.040084838867188      
148 0.44412440061569214 0.35673606395721436 10.041281700134277      
149 -0.1951274424791336 0.3687070608139038 10.036493301391602      
150 -0.524330198764801 0.3627215623855591 10.014945983886719      
151 -0.849941611289978 0.3627215623855591 10.017339706420898      
152 -0.6177040338516235 0.3603273630142212 10.030508041381836      
153 -0.26096799969673157 0.3711012601852417 10.036493301391602      
154 0.15442600846290588 0.37828385829925537 10.049661636352539      
155 0.568622887134552 0.37469255924224854 10.067618370056152      
156 0.7589619159698486 0.3627215623855591 10.035296440124512      
157 0.36990416049957275 0.3627215623855591 10.029311180114746      
158 -0.11013327538967133 0.3603273630142212 10.012551307678223      
159 -0.11013327538967133 0.3603273630142212 10.012551307678223      
160 -0.4381389021873474 0.3711012601852417 10.030508041381836      
161 -0.6344634294509888 0.3711012601852417 10.023324966430664      
162 -0.3447650372982025 0.35075053572654724 10.005369186401367      
163 0.14006079733371735 0.3495534360408783 10.040084838867188      
164 0.5315127968788147 0.363918662071228 10.041281700134277      
165 0.7314286231994629 0.36990416049957275 10.055646896362305      
166 0.7422025203704834 0.34596213698387146 10.02571964263916      
167 0.23822307586669922 0.35673606395721436 10.000580787658691      
168 -0.10295066982507706 0.35913026332855225 10.017339706420898      
169 -0.33518823981285095 0.4010287821292877 10.08437728881836      
170 -0.6919242739677429 0.4165911078453064 10.111910820007324      
171 -0.44771572947502136 0.395043283700943 10.079588890075684      
172 -0.25977087020874023 0.37828385829925537 10.08437728881836      
173 0.18794482946395874 0.36152446269989014 10.065223693847656      
174 0.5291185975074768 0.36750996112823486 10.070012092590332      
175 0.7541735172271729 0.363918662071228 10.053253173828125      
176 0.3687070608139038 0.35075053572654724 10.010157585144043      
177 0.28131869435310364 0.35434186458587646 10.018536567687988      
178 0.10295066982507706 0.34596213698387146 10.041281700134277      
179 -0.18315643072128296 0.38905778527259827 10.08437728881836      
180 -0.6200982332229614 0.4082113802433014 10.110713958740234      
181 -0.4034229815006256 0.39384618401527405 10.089165687561035      
182 -0.33997663855552673 0.38905778527259827 10.066421508789062      
183 0.11133038252592087 0.363918662071228 10.034099578857422      
184 0.4429273009300232 0.3387795388698578 10.005369186401367      
185 0.7529764175415039 0.333991140127182 10.012551307678223      
186 0.5374982953071594 0.3495534360408783 10.029311180114746      
187 0.38067805767059326 0.3758896589279175 10.071209907531738      
188 -0.07302315533161163 0.37828385829925537 10.067618370056152      
189 -0.25019407272338867 0.3687070608139038 10.067618370056152      
190 -0.7793126702308655 0.3926490843296051 10.08318042755127      
191 -0.5219359993934631 0.39145198464393616 10.067618370056152      
192 -0.3878606855869293 0.3998316824436188 10.08078670501709      
193 0.06224924325942993 0.37828385829925537 10.055646896362305      
194 0.5410895943641663 0.34356793761253357 10.014945983886719      
195 0.7577648162841797 0.3519476354122162 10.040084838867188      
196 0.6967126727104187 0.38905778527259827 10.103530883789062      
197 0.6200982332229614 0.3866635859012604 10.135852813720703      
198 -0.07182604819536209 0.3866635859012604 10.054450035095215      
199 -0.44771572947502136 0.3531447649002075 10.001777648925781      
200 -0.8858546018600464 0.3603273630142212 10.004171371459961      
201 -0.6488286852836609 0.3555389642715454 9.996989250183105      
202 -0.4884171485900879 0.3687070608139038 10.02571964263916      
203 -0.08738835901021957 0.3603273630142212 10.040084838867188      
204 0.42018240690231323 0.35434186458587646 10.017339706420898      
205 0.6979097723960876 0.34835633635520935 10.037690162658691      
206 0.8044517636299133 0.3555389642715454 10.061633110046387      
207 0.5841852426528931 0.365115761756897 10.086771965026855      
208 -0.18315643072128296 0.3974374830722809 10.055646896362305      
209 -0.5183446407318115 0.3711012601852417 10.023324966430664      
210 -0.8774749040603638 0.3663128614425659 10.014945983886719      
211 -0.6883329749107361 0.3603273630142212 9.995792388916016      
212 -0.42856210470199585 0.36152446269989014 10.018536567687988      
213 0.015562310814857483 0.36990416049957275 10.038887977600098      
214 0.6033388376235962 0.36990416049957275 10.071209907531738      
215 0.9600749015808105 0.36152446269989014 10.08078670501709      
216 0.5183446407318115 0.3734954595565796 10.075998306274414      
217 -0.2214636504650116 0.3902548849582672 10.061633110046387      
218 -0.2214636504650116 0.3902548849582672 10.061633110046387      
219 -0.8762778043746948 0.363918662071228 9.995792388916016      
220 -0.6320692300796509 0.365115761756897 10.022128105163574      
221 -0.2825157940387726 0.3663128614425659 10.036493301391602      
222 0.11133038252592087 0.365115761756897 10.029311180114746      
223 0.5279214978218079 0.3519476354122162 10.02691650390625      
224 0.8523358106613159 0.3519476354122162 10.049661636352539      
225 0.7960720658302307 0.3471592366695404 10.022128105163574      
226 0.333991140127182 0.3603273630142212 10.029311180114746      
227 -0.11851298063993454 0.35913026332855225 10.018536567687988      
228 -0.5015852451324463 0.395043283700943 10.04846477508545      
229 -0.7972691655158997 0.4058171808719635 10.064026832580566      
230 -0.5746083855628967 0.39624038338661194 10.079588890075684      
231 -0.26575639843940735 0.37229835987091064 10.061633110046387      
232 0.14006079733371735 0.36990416049957275 10.049661636352539      
233 0.5518634915351868 0.36152446269989014 10.08078670501709      
234 0.8367735147476196 0.35434186458587646 10.047266960144043      
235 0.689530074596405 0.3447650372982025 10.036493301391602      
236 0.25977087020874023 0.3531447649002075 10.019734382629395      
237 -0.040701430290937424 0.35434186458587646 10.031704902648926      
238 -0.3148375153541565 0.40701428055763245 10.101137161254883      
239 -0.6440402865409851 0.4213795065879822 10.126276016235352      
240 -0.3998316824436188 0.39863458275794983 10.073603630065918      
241 -0.2992752194404602 0.3770867586135864 10.067618370056152      
242 0.20231004059314728 0.363918662071228 10.06043529510498      
243 0.5147533416748047 0.3663128614425659 10.06043529510498      
244 0.7625532150268555 0.35075053572654724 10.034099578857422      
245 0.5027823448181152 0.3471592366695404 10.007762908935547      
246 0.26575639843940735 0.36750996112823486 10.030508041381836      
247 -0.090979665517807 0.365115761756897 10.071209907531738      
248 -0.22744916379451752 0.3734954595565796 10.06043529510498      
249 -0.6488286852836609 0.3902548849582672 10.08318042755127      
250 -0.39863458275794983 0.3866635859012604 10.070012092590332      
251 -0.35434186458587646 0.4034229815006256 10.066421508789062      
252 0.06703764945268631 0.3758896589279175 10.041281700134277      
253 0.4273650050163269 0.34356793761253357 10.013748168945312      
254 0.6967126727104187 0.33039984107017517 10.005369186401367      
255 0.5147533416748047 0.3579331636428833 10.02452278137207      
256 0.47884035110473633 0.3711012601852417 10.079588890075684      
257 -0.08619125932455063 0.3818751573562622 10.05923843383789      
258 -0.2908954918384552 0.365115761756897 10.04846477508545      
259 -0.6655880808830261 0.365115761756897 10.049661636352539      
260 -0.52552729845047 0.37469255924224854 10.049661636352539      
261 -0.3998316824436188 0.3842693865299225 10.049661636352539      
262 0.02274491637945175 0.3711012601852417 10.052056312561035      
263 0.4668693244457245 0.3663128614425659 10.055646896362305      
264 0.707486629486084 0.35434186458587646 10.041281700134277      
265 0.7314286231994629 0.37229835987091064 10.08078670501709      
266 0.6165069341659546 0.37469255924224854 10.120290756225586      
267 -0.14245499670505524 0.38307225704193115 10.040084838867188      
268 -0.5159504413604736 0.33758243918418884 9.980229377746582      
269 -0.9097966551780701 0.35075053572654724 9.99100399017334      
270 -0.569819986820221 0.33758243918418884 9.999382972717285      
271 -0.2932897210121155 0.365115761756897 10.04846477508545      
272 -0.047884032130241394 0.3734954595565796 10.053253173828125      
273 0.46567222476005554 0.3555389642715454 10.042478561401367      
274 0.7649474143981934 0.35434186458587646 10.049661636352539      
275 0.727837324142456 0.36152446269989014 10.062829971313477      
276 0.4620809257030487 0.3555389642715454 10.054450035095215      
277 -0.2106897532939911 0.38067805767059326 10.04846477508545      
278 -0.5207388401031494 0.36152446269989014 10.023324966430664      
279 -0.8523358106613159 0.3555389642715454 10.010157585144043      
280 -0.4776432514190674 0.3292027413845062 9.998186111450195      
281 -0.28131869435310364 0.3531447649002075 10.000580787658691      
282 0.07302315533161163 0.37469255924224854 10.02811336517334      
283 0.5530605912208557 0.3687070608139038 10.055646896362305      
284 0.7829039692878723 0.365115761756897 10.055646896362305      
285 0.2669534981250763 0.3495534360408783 9.996989250183105      
286 -0.24779987335205078 0.365115761756897 10.018536567687988      
287 -0.5398924946784973 0.39863458275794983 10.054450035095215      
288 -0.5398924946784973 0.39863458275794983 10.054450035095215      
289 -0.5638344883918762 0.37469255924224854 10.047266960144043      
290 -0.2908954918384552 0.365115761756897 10.038887977600098      
291 0.21308395266532898 0.35913026332855225 10.050858497619629      
292 0.608127236366272 0.365115761756897 10.074800491333008      
293 0.7541735172271729 0.37229835987091064 10.075998306274414      
294 0.7769184708595276 0.3447650372982025 10.038887977600098      
295 0.2322375625371933 0.333991140127182 9.965864181518555      
296 -0.10175357013940811 0.3447650372982025 9.983820915222168      
297 -0.4165911078453064 0.3842693865299225 10.04846477508545      
298 -0.7613561153411865 0.3974374830722809 10.073603630065918      
299 -0.6524199843406677 0.3998316824436188 10.052056312561035      
300 -0.41778820753097534 0.3794809579849243 10.038887977600098      
301 0.18555063009262085 0.34596213698387146 10.02571964263916      
302 0.5662286877632141 0.33758243918418884 10.02691650390625      
303 0.7649474143981934 0.3423708379268646 10.020931243896484      
304 0.49320554733276367 0.363918662071228 10.023324966430664      
305 0.30526071786880493 0.365115761756897 10.029311180114746      
306 0.004788403399288654 0.3627215623855591 10.061633110046387      
307 -0.17717093229293823 0.38905778527259827 10.092757225036621      
308 -0.7026981711387634 0.4165911078453064 10.111910820007324      
309 -0.608127236366272 0.40940847992897034 10.085575103759766      
310 -0.4644751250743866 0.37828385829925537 10.031704902648926      
311 0.20949265360832214 0.3423708379268646 10.031704902648926      
312 0.5506663918495178 0.3447650372982025 10.008959770202637      
313 0.7098808288574219 0.3447650372982025 10.018536567687988      
314 0.45010992884635925 0.36750996112823486 10.022128105163574      
315 0.4165911078453064 0.3711012601852417 10.064026832580566      
316 0.02992752194404602 0.3687070608139038 10.065223693847656      
317 -0.1843535304069519 0.3579331636428833 10.052056312561035      
318 -0.7864952683448792 0.3842693865299225 10.056844711303711      
319 -0.5315127968788147 0.3842693865299225 10.073603630065918      
320 -0.39624038338661194 0.38067805767059326 10.038887977600098      
321 0.004788403399288654 0.3663128614425659 10.044873237609863      
322 0.4704606235027313 0.3519476354122162 10.031704902648926      
323 0.7230489253997803 0.3363853394985199 10.023324966430664      
324 0.646434485912323 0.3663128614425659 10.05923843383789      
325 0.5063736438751221 0.3770867586135864 10.104728698730469      
326 -0.14365209639072418 0.38905778527259827 10.047266960144043      
327 -0.48482584953308105 0.36152446269989014 10.007762908935547      
328 -0.8822633028030396 0.35673606395721436 10.007762908935547      
329 -0.6703764796257019 0.3531447649002075 9.99339771270752      
330 -0.4357447028160095 0.3603273630142212 10.029311180114746      
331 0.48243165016174316 0.37469255924224854 10.042478561401367      
332 0.7422025203704834 0.3531447649002075 10.049661636352539      
333 0.7781155705451965 0.363918662071228 10.077195167541504      
334 0.4920084476470947 0.36990416049957275 10.072406768798828      
335 -0.23702596127986908 0.3878606855869293 10.037690162658691      
336 -0.5566518902778625 0.35913026332855225 9.999382972717285      
337 -0.8810662031173706 0.3555389642715454 10.000580787658691      
338 -0.5889736413955688 0.3663128614425659 10.032901763916016      
339 -0.28969839215278625 0.363918662071228 10.029311180114746      
340 0.05746084079146385 0.363918662071228 10.02452278137207      
341 0.4944026470184326 0.3687070608139038 10.032901763916016      
342 0.8667010068893433 0.3627215623855591 10.053253173828125      
343 0.8738836050033569 0.34356793761253357 10.043676376342773      
344 0.37229835987091064 0.365115761756897 10.02452278137207      
345 -0.13168109953403473 0.3770867586135864 10.038887977600098      
346 -0.4644751250743866 0.3998316824436188 10.061633110046387      
347 -0.8020575642585754 0.40940847992897034 10.064026832580566      
348 -0.4812345504760742 0.3902548849582672 10.064026832580566      
349 -0.26096799969673157 0.3842693865299225 10.061633110046387      
350 0.2059013396501541 0.3758896589279175 10.070012092590332      
351 0.5734112858772278 0.3663128614425659 10.079588890075684      
352 0.8319851160049438 0.3627215623855591 10.068815231323242      
353 0.767341673374176 0.34356793761253357 10.035296440124512      
354 0.23104046285152435 0.34596213698387146 9.996989250183105      
355 -0.12689268589019775 0.34356793761253357 9.989806175231934      
356 -0.4465186297893524 0.38546648621559143 10.040084838867188      
357 -0.7613561153411865 0.40222588181495667 10.078392028808594      
358 -0.5135562419891357 0.3878606855869293 10.061633110046387      
359 -0.31842881441116333 0.37469255924224854 10.050858497619629      
360 0.20231004059314728 0.3555389642715454 10.034099578857422      
361 0.586579442024231 0.35673606395721436 10.054450035095215      
362 0.7972691655158997 0.365115761756897 10.06043529510498      
363 0.4620809257030487 0.36750996112823486 10.030508041381836      
364 0.30286651849746704 0.36750996112823486 10.013748168945312      
365 -0.1975216418504715 0.3519476354122162 10.054450035095215      
366 -0.18555063009262085 0.395043283700943 10.098742485046387      
367 -0.6619967818260193 0.41778820753097534 10.11669921875      
368 -0.4429273009300232 0.395043283700943 10.08078670501709      
369 -0.35673606395721436 0.37469255924224854 10.056844711303711      
370 0.1843535304069519 0.3555389642715454 10.047266960144043      
371 0.5303156971931458 0.35673606395721436 10.035296440124512      
372 0.7374141216278076 0.3519476354122162 10.038887977600098      
373 0.43335050344467163 0.36750996112823486 10.040084838867188      
374 0.3734954595565796 0.36990416049957275 10.056844711303711      
375 -0.008379706181585789 0.3579331636428833 10.05923843383789      
376 -0.2693476974964142 0.3734954595565796 10.070012092590332      
377 -0.6380547285079956 0.39624038338661194 10.097545623779297      
378 -0.49799394607543945 0.40701428055763245 10.091560363769531      
379 -0.3411737382411957 0.4034229815006256 10.087968826293945      
380 0.05506663769483566 0.37229835987091064 10.044873237609863      
381 0.3770867586135864 0.3423708379268646 9.975440979003906      
382 0.6763619780540466 0.3292027413845062 9.985017776489258      
383 0.5746083855628967 0.3627215623855591 10.042478561401367      
384 0.5123591423034668 0.37828385829925537 10.098742485046387      
385 0.0347159244120121 0.3711012601852417 10.054450035095215      
386 -0.3124433159828186 0.3579331636428833 10.02452278137207      
387 -0.7565677165985107 0.3902548849582672 10.05923843383789      
388 -0.4429273009300232 0.38067805767059326 10.050858497619629      
389 -0.29568392038345337 0.39145198464393616 10.071209907531738      
390 0.07781155407428741 0.3842693865299225 10.08198356628418      
391 0.7565677165985107 0.3447650372982025 10.031704902648926      
392 0.7565677165985107 0.3447650372982025 10.031704902648926      
393 0.507570743560791 0.36990416049957275 10.08198356628418      
394 -0.14245499670505524 0.3866635859012604 10.056844711303711      
395 -0.4572925269603729 0.365115761756897 10.02452278137207      
396 -0.8463503122329712 0.37229835987091064 10.030508041381836      
397 -0.6009446382522583 0.37469255924224854 10.038887977600098      
398 -0.25258827209472656 0.38307225704193115 10.065223693847656      
399 0.0454898327589035 0.36990416049957275 10.043676376342773      
400 0.4644751250743866 0.3579331636428833 10.02691650390625      
401 0.7326257228851318 0.34356793761253357 10.035296440124512      
402 0.8475474119186401 0.34835633635520935 10.043676376342773      
403 0.42616790533065796 0.35913026332855225 10.040084838867188      
404 -0.272938996553421 0.37469255924224854 10.042478561401367      
405 -0.5566518902778625 0.3734954595565796 10.017339706420898      
406 -0.8451532125473022 0.37229835987091064 10.02691650390625      
407 -0.6057330369949341 0.37229835987091064 10.038887977600098      
408 -0.26575639843940735 0.36750996112823486 10.034099578857422      
409 0.1173158809542656 0.3758896589279175 10.042478561401367      
410 0.50876784324646 0.3818751573562622 10.056844711303711      
411 0.8870517015457153 0.365115761756897 10.049661636352539      
412 0.812831461429596 0.35913026332855225 10.066421508789062      
413 0.4141969084739685 0.3519476354122162 10.029311180114746      
414 -0.1867477297782898 0.3663128614425659 10.02691650390625      
415 -0.5171475410461426 0.395043283700943 10.050858497619629      
416 -0.8427590131759644 0.38546648621559143 10.052056312561035      
417 -0.5339069962501526 0.37229835987091064 10.043676376342773      
418 -0.2825157940387726 0.36990416049957275 10.049661636352539      
419 0.18555063009262085 0.363918662071228 10.056844711303711      
420 0.6224924325942993 0.365115761756897 10.075998306274414      
421 0.9133879542350769 0.3711012601852417 10.08078670501709      
422 0.6655880808830261 0.35075053572654724 10.042478561401367      
423 0.18914192914962769 0.3555389642715454 10.005369186401367      
424 -0.08858546614646912 0.3627215623855591 10.018536567687988      
425 -0.3687070608139038 0.39863458275794983 10.08198356628418      
426 -0.7481880187988281 0.4010287821292877 10.075998306274414      
427 -0.456095427274704 0.3902548849582672 10.055646896362305      
428 -0.3100491166114807 0.3758896589279175 10.044873237609863      
429 0.14604631066322327 0.3603273630142212 10.061633110046387      
430 0.5231330990791321 0.363918662071228 10.065223693847656      
431 0.7876923680305481 0.3627215623855591 10.067618370056152      
432 0.5039794445037842 0.333991140127182 10.007762908935547      
433 0.1843535304069519 0.3411737382411957 10.000580787658691      
434 0.016759412363171577 0.3495534360408783 10.032901763916016      
435 -0.6775590777397156 0.4010287821292877 10.102334022521973      
436 -0.4465186297893524 0.38307225704193115 10.062829971313477      
437 -0.4465186297893524 0.38307225704193115 10.062829971313477      
438 0.1867477297782898 0.365115761756897 10.05923843383789      
439 0.5027823448181152 0.3579331636428833 10.023324966430664      
440 0.7170634269714355 0.3519476354122162 10.022128105163574      
441 0.3866635859012604 0.3555389642715454 10.010157585144043      
442 0.38067805767059326 0.3579331636428833 10.02571964263916      
443 0.038307227194309235 0.3579331636428833 10.053253173828125      
444 -0.20350714027881622 0.3663128614425659 10.05923843383789      
445 -0.7326257228851318 0.40222588181495667 10.06043529510498      
446 -0.5722141861915588 0.395043283700943 10.056844711303711      
447 -0.39863458275794983 0.3687070608139038 10.02571964263916      
448 0.09217676520347595 0.3579331636428833 10.019734382629395      
449 0.45489832758903503 0.35673606395721436 10.012551307678223      
450 0.7182605266571045 0.3411737382411957 10.020931243896484      
451 0.4225766062736511 0.3818751573562622 10.043676376342773      
452 0.4345476031303406 0.3711012601852417 10.070012092590332      
453 -0.020350715145468712 0.37469255924224854 10.053253173828125      
454 -0.3974374830722809 0.3519476354122162 10.016142845153809      
455 -0.8559271097183228 0.3758896589279175 10.038887977600098      
456 -0.5650315880775452 0.36990416049957275 10.02811336517334      
457 -0.2537853717803955 0.3758896589279175 10.050858497619629      
458 0.04668693244457245 0.3687070608139038 10.044873237609863      
459 0.4345476031303406 0.35913026332855225 10.020931243896484      
460 0.6751648783683777 0.3363853394985199 10.010157585144043      
461 0.6177040338516235 0.3663128614425659 10.05923843383789      
462 0.5099649429321289 0.3711012601852417 10.085575103759766      
463 -0.11372458189725876 0.38546648621559143 10.061633110046387      
464 -0.45489832758903503 0.35673606395721436 10.012551307678223      
465 -0.8631097078323364 0.3603273630142212 10.010157585144043      
466 -0.6380547285079956 0.33997663855552673 9.976638793945312      
467 -0.3363853394985199 0.3471592366695404 10.001777648925781      
468 -0.05386953800916672 0.3627215623855591 10.020931243896484      
469 0.43694180250167847 0.365115761756897 10.034099578857422      
470 0.7182605266571045 0.3471592366695404 10.030508041381836      
471 0.7266402244567871 0.35913026332855225 10.054450035095215      
472 0.4884171485900879 0.363918662071228 10.05923843383789      
473 -0.1951274424791336 0.3818751573562622 10.046070098876953      
474 -0.5111620426177979 0.3711012601852417 10.02571964263916      
475 -0.8786720037460327 0.3663128614425659 10.014945983886719      
476 -0.5770025849342346 0.3663128614425659 10.037690162658691      
477 -0.272938996553421 0.38067805767059326 10.064026832580566      
478 0.08259996026754379 0.38307225704193115 10.044873237609863      
479 0.50876784324646 0.363918662071228 10.0580415725708      
480 0.750582218170166 0.35673606395721436 10.053253173828125      
481 0.7194576263427734 0.3519476354122162 10.044873237609863      
482 0.37469255924224854 0.34596213698387146 10.030508041381836      
483 -0.1604115068912506 0.3555389642715454 10.02452278137207      
484 -0.4321534037590027 0.3818751573562622 10.041281700134277      
485 -0.7876923680305481 0.3866635859012604 10.044873237609863      
486 -0.5973533391952515 0.3794809579849243 10.038887977600098      
487 -0.39624038338661194 0.3627215623855591 10.016142845153809      
488 0.16879121959209442 0.3495534360408783 10.034099578857422      
489 0.5889736413955688 0.3555389642715454 10.044873237609863      
490 0.8607155084609985 0.36990416049957275 10.072406768798828      
491 0.2932897210121155 0.3519476354122162 10.001777648925781      
492 -0.08259996026754379 0.35075053572654724 10.013748168945312      
493 -0.08259996026754379 0.35075053572654724 10.013748168945312      
494 -0.7015010714530945 0.39384618401527405 10.077195167541504      
495 -0.4692635238170624 0.3770867586135864 10.047266960144043      
496 -0.3866635859012604 0.37469255924224854 10.035296440124512      
497 0.18555063009262085 0.365115761756897 10.056844711303711      
498 0.5937620401382446 0.365115761756897 10.062829971313477      
499 0.7912836670875549 0.3603273630142212 10.046070098876953      
500 0.4381389021873474 0.3555389642715454 10.02571964263916      
501 0.26336219906806946 0.35434186458587646 10.013748168945312      
502 -0.038307227194309235 0.3495534360408783 10.034099578857422      
503 -0.3148375153541565 0.3974374830722809 10.079588890075684      
504 -0.706289529800415 0.42377370595932007 10.097545623779297      
505 -0.41539400815963745 0.40701428055763245 10.103530883789062      
506 -0.3100491166114807 0.3974374830722809 10.091560363769531      
507 0.19632454216480255 0.3758896589279175 10.056844711303711      
508 0.5231330990791321 0.35673606395721436 10.031704902648926      
509 0.7194576263427734 0.3447650372982025 10.014945983886719      
510 0.45250412821769714 0.363918662071228 10.030508041381836      
511 0.41539400815963745 0.36152446269989014 10.0580415725708      
512 -0.0011971008498221636 0.36750996112823486 10.062829971313477      
513 -0.3495534360408783 0.36990416049957275 10.05923843383789      
514 -0.690727174282074 0.3758896589279175 10.06043529510498      
515 -0.6117185354232788 0.38905778527259827 10.049661636352539      
516 -0.4189853072166443 0.3902548849582672 10.055646896362305      
517 0.020350715145468712 0.3687070608139038 10.047266960144043      
518 0.48961424827575684 0.35434186458587646 10.005369186401367      
519 0.6607996821403503 0.3423708379268646 10.02571964263916      
520 0.5111620426177979 0.37229835987091064 10.04846477508545      
521 0.4321534037590027 0.3663128614425659 10.054450035095215      
522 -0.07541735470294952 0.36990416049957275 10.032901763916016      
523 -0.4165911078453064 0.36152446269989014 10.022128105163574      
524 -0.8248024582862854 0.3794809579849243 10.02811336517334      
525 -0.5710170865058899 0.37828385829925537 10.043676376342773      
526 -0.2346317619085312 0.3878606855869293 10.064026832580566      
527 0.02274491637945175 0.3842693865299225 10.061633110046387      
528 0.42616790533065796 0.3794809579849243 10.054450035095215      
529 0.7254431247711182 0.35075053572654724 10.032901763916016      
530 0.7398083209991455 0.3603273630142212 10.06043529510498      
531 0.5351040959358215 0.3818751573562622 10.103530883789062      
532 -0.1628057211637497 0.3974374830722809 10.068815231323242      
533 -0.48482584953308105 0.36152446269989014 10.007762908935547      
534 -0.8439561128616333 0.3663128614425659 10.014945983886719      
535 -0.5111620426177979 0.3603273630142212 10.044873237609863      
536 -0.2753331959247589 0.3770867586135864 10.06043529510498      
537 0.07182604819536209 0.3770867586135864 10.038887977600098      
538 0.44173020124435425 0.3818751573562622 10.050858497619629      
539 0.7422025203704834 0.36990416049957275 10.047266960144043      
540 0.7254431247711182 0.34596213698387146 10.052056312561035      
541 0.3603273630142212 0.3495534360408783 10.016142845153809      
542 -0.19273324310779572 0.36990416049957275 10.042478561401367      
543 -0.47644615173339844 0.3878606855869293 10.055646896362305      
544 -0.8271966576576233 0.3842693865299225 10.038887977600098      
545 -0.5901707410812378 0.3663128614425659 10.016142845153809      
546 -0.3627215623855591 0.3555389642715454 10.010157585144043      
547 0.06224924325942993 0.35075053572654724 10.023324966430664      
548 0.5003881454467773 0.36152446269989014 10.065223693847656      
549 0.7781155705451965 0.3447650372982025 10.017339706420898      
550 0.39145198464393616 0.3495534360408783 10.019734382629395      
551 -0.08619125932455063 0.36990416049957275 10.029311180114746      
552 -0.34356793761253357 0.4106055796146393 10.092757225036621      
553 -0.7158663272857666 0.4141969084739685 10.097545623779297      
554 -0.4836287498474121 0.39145198464393616 10.047266960144043      
555 -0.3447650372982025 0.36750996112823486 10.019734382629395      
556 0.09457096457481384 0.363918662071228 10.035296440124512      
557 0.5291185975074768 0.3758896589279175 10.070012092590332      
558 0.8224082589149475 0.3627215623855591 10.055646896362305      
559 0.585382342338562 0.34356793761253357 10.020931243896484      
560 0.2106897532939911 0.3555389642715454 10.018536567687988      
561 -0.1604115068912506 0.365115761756897 10.049661636352539      
562 -0.3016694188117981 0.3926490843296051 10.068815231323242      
563 -0.7529764175415039 0.4010287821292877 10.075998306274414      
564 -0.5829881429672241 0.39145198464393616 10.074800491333008      
565 -0.41539400815963745 0.35673606395721436 10.014945983886719      
566 0.14245499670505524 0.3495534360408783 10.02811336517334      
567 0.5530605912208557 0.3423708379268646 10.029311180114746      
568 0.7745242714881897 0.33279404044151306 10.014945983886719      
569 0.39863458275794983 0.34835633635520935 10.007762908935547      
570 0.24899697303771973 0.35434186458587646 10.014945983886719      
571 -0.031124621629714966 0.35434186458587646 10.049661636352539      
572 -0.28131869435310364 0.3866635859012604 10.072406768798828      
573 -0.6093243360519409 0.39384618401527405 10.095151901245117      
574 -0.45250412821769714 0.39863458275794983 10.096348762512207      
575 -0.3555389642715454 0.4058171808719635 10.104728698730469      
576 0.1364694982767105 0.3711012601852417 10.061633110046387      
577 0.5135562419891357 0.34596213698387146 10.016142845153809      
578 0.7433996200561523 0.33758243918418884 10.016142845153809      
579 0.38067805767059326 0.37469255924224854 10.034099578857422      
580 0.3256114423274994 0.3663128614425659 10.041281700134277      
581 -0.019153613597154617 0.3579331636428833 10.054450035095215      
582 -0.3531447649002075 0.3603273630142212 10.044873237609863      
583 -0.829590916633606 0.3902548849582672 10.0580415725708      
584 -0.5267243981361389 0.3842693865299225 10.068815231323242      
585 -0.32680854201316833 0.39145198464393616 10.071209907531738      
586 0.05506663769483566 0.38546648621559143 10.075998306274414      
587 0.4836287498474121 0.3531447649002075 10.029311180114746      
588 0.7410054206848145 0.33758243918418884 10.019734382629395      
589 0.6512228846549988 0.3663128614425659 10.06043529510498      
590 0.4967968463897705 0.3866635859012604 10.108319282531738      
591 -0.0694318488240242 0.38307225704193115 10.0580415725708      
592 -0.42018240690231323 0.3423708379268646 10.005369186401367      
593 -0.8702923059463501 0.3687070608139038 10.02691650390625      
594 -0.5027823448181152 0.3794809579849243 10.065223693847656      
595 -0.3100491166114807 0.39384618401527405 10.073603630065918      
596 0.04189852997660637 0.3866635859012604 10.071209907531738      
597 0.524330198764801 0.37229835987091064 10.067618370056152      
598 0.8008604645729065 0.35434186458587646 10.05923843383789      
599 0.8738836050033569 0.37229835987091064 10.078392028808594      
600 0.5590460896492004 0.3902548849582672 10.110713958740234      
601 -0.21428105235099792 0.395043283700943 10.05923843383789      
602 -0.5961562395095825 0.3471592366695404 9.961075782775879      
603 -0.9313444495201111 0.3531447649002075 9.979032516479492      
604 -0.6991068720817566 0.3603273630142212 10.010157585144043      
605 -0.3387795388698578 0.35913026332855225 10.016142845153809      
606 0.07182604819536209 0.3663128614425659 10.02571964263916      
607 0.4537012279033661 0.365115761756897 10.04846477508545      
608 0.7793126702308655 0.35075053572654724 10.02811336517334      
609 0.48961424827575684 0.3579331636428833 10.053253173828125      
610 -0.17238251864910126 0.3842693865299225 10.050858497619629      
611 -0.4920084476470947 0.38905778527259827 10.047266960144043      
612 -0.8367735147476196 0.3818751573562622 10.02571964263916      
613 -0.6129156351089478 0.36152446269989014 10.007762908935547      
614 -0.3555389642715454 0.3519476354122162 10.007762908935547      
615 0.13168109953403473 0.3531447649002075 10.049661636352539      
616 0.5315127968788147 0.3794809579849243 10.068815231323242      
617 0.7230489253997803 0.37229835987091064 10.05923843383789      
618 0.7170634269714355 0.3531447649002075 10.042478561401367      
619 0.3471592366695404 0.34596213698387146 10.005369186401367      
620 -0.1041477769613266 0.3603273630142212 10.018536567687988      
621 -0.40940847992897034 0.3998316824436188 10.073603630065918      
622 -0.7864952683448792 0.39863458275794983 10.064026832580566      
623 -0.48722004890441895 0.3734954595565796 10.042478561401367      
624 -0.30047231912612915 0.3734954595565796 10.043676376342773      
625 0.12330138683319092 0.36990416049957275 10.04846477508545      
626 0.5674257874488831 0.3711012601852417 10.062829971313477      
627 0.8523358106613159 0.37229835987091064 10.072406768798828      
628 0.4991910457611084 0.35075053572654724 10.013748168945312      
629 0.33997663855552673 0.3411737382411957 10.000580787658691      
630 -0.002394201699644327 0.35434186458587646 10.012551307678223      
631 -0.2861070930957794 0.40222588181495667 10.095151901245117      
632 -0.6763619780540466 0.4141969084739685 10.113107681274414      
633 -0.4572925269603729 0.39624038338661194 10.070012092590332      
634 -0.32441434264183044 0.3842693865299225 10.052056312561035      
635 0.16879121959209442 0.365115761756897 10.042478561401367      
636 0.5722141861915588 0.35434186458587646 10.029311180114746      
637 0.7769184708595276 0.3579331636428833 10.046070098876953      
638 0.5506663918495178 0.3495534360408783 10.019734382629395      
639 -0.3016694188117981 0.3555389642715454 10.034099578857422      
640 -0.34356793761253357 0.36990416049957275 10.041281700134277      
641 -0.34356793761253357 0.36990416049957275 10.041281700134277      
642 -0.6991068720817566 0.3794809579849243 10.05923843383789      
643 -0.44771572947502136 0.38067805767059326 10.072406768798828      
644 -0.333991140127182 0.40462008118629456 10.087968826293945      
645 0.1628057211637497 0.38067805767059326 10.067618370056152      
646 0.5734112858772278 0.3495534360408783 10.041281700134277      
647 0.7852981686592102 0.3447650372982025 10.023324966430664      
648 0.2801215946674347 0.3603273630142212 10.008959770202637      
649 -0.10055647045373917 0.36152446269989014 10.038887977600098      
650 -0.3663128614425659 0.36152446269989014 10.030508041381836      
651 -0.849941611289978 0.37828385829925537 10.037690162658691      
652 -0.6165069341659546 0.3758896589279175 10.050858497619629      
653 -0.44173020124435425 0.36750996112823486 10.031704902648926      
654 -0.038307227194309235 0.3627215623855591 10.014945983886719      
655 0.40701428055763245 0.3495534360408783 9.996989250183105      
656 0.7134721279144287 0.33279404044151306 10.002974510192871      
657 0.48602294921875 0.3555389642715454 10.032901763916016      
658 0.42616790533065796 0.37229835987091064 10.066421508789062      
659 -0.10534487664699554 0.37828385829925537 10.044873237609863      
660 -0.43335050344467163 0.3627215623855591 10.011354446411133      
661 -0.8331822156906128 0.3770867586135864 10.040084838867188      
662 -0.4991910457611084 0.36152446269989014 10.043676376342773      
663 -0.22744916379451752 0.36990416049957275 10.038887977600098      
664 0.06224924325942993 0.36750996112823486 10.052056312561035      
665 0.4489128291606903 0.35075053572654724 10.004171371459961      
666 0.7110779285430908 0.3423708379268646 10.014945983886719      
667 0.6847416758537292 0.3603273630142212 10.046070098876953      
668 0.4381389021873474 0.3758896589279175 10.065223693847656      
669 -0.17477671802043915 0.3926490843296051 10.064026832580566      
670 -0.5039794445037842 0.3711012601852417 10.005369186401367      
671 -0.8595184087753296 0.3711012601852417 10.008959770202637      
672 -0.5207388401031494 0.35434186458587646 10.012551307678223      
673 -0.28371289372444153 0.3663128614425659 10.02571964263916      
674 -0.0035913025494664907 0.365115761756897 10.000580787658691      
675 0.3770867586135864 0.3663128614425659 10.02571964263916      
676 0.6799532771110535 0.3531447649002075 10.016142845153809      
677 0.9133879542350769 0.34835633635520935 10.049661636352539      
678 0.5530605912208557 0.3711012601852417 10.079588890075684      
679 -0.08619125932455063 0.38546648621559143 10.050858497619629      
680 -0.41539400815963745 0.3734954595565796 10.044873237609863      
681 -0.8140285611152649 0.3687070608139038 10.011354446411133      
682 -0.6093243360519409 0.3663128614425659 10.02452278137207      
683 -0.3423708379268646 0.365115761756897 10.02691650390625      
684 0.08978256583213806 0.35434186458587646 10.031704902648926      
685 0.524330198764801 0.3555389642715454 10.061633110046387      
686 0.8487445116043091 0.3579331636428833 10.066421508789062      
687 0.6177040338516235 0.365115761756897 10.0580415725708      
688 0.4082113802433014 0.3627215623855591 10.037690162658691      
689 -0.06224924325942993 0.3711012601852417 10.037690162658691      
690 -0.40222588181495667 0.4034229815006256 10.072406768798828      
691 -0.7553706169128418 0.40940847992897034 10.074800491333008      
692 -0.5219359993934631 0.37828385829925537 10.031704902648926      
693 -0.363918662071228 0.3519476354122162 10.006566047668457      
694 0.06703764945268631 0.3555389642715454 10.02452278137207      
695 0.5099649429321289 0.35913026332855225 10.062829971313477      
696 0.8140285611152649 0.3531447649002075 10.042478561401367      
697 0.5398924946784973 0.34596213698387146 10.016142845153809      
698 0.19393034279346466 0.3495534360408783 10.007762908935547      
699 0.026336219161748886 0.3519476354122162 10.014945983886719      
700 -0.272938996553421 0.39384618401527405 10.08078670501709      
701 -0.6883329749107361 0.4189853072166443 10.110713958740234      
702 -0.47405192255973816 0.4010287821292877 10.067618370056152      
703 -0.3627215623855591 0.38546648621559143 10.042478561401367      
704 0.5039794445037842 0.34835633635520935 10.020931243896484      
705 0.7422025203704834 0.3423708379268646 10.014945983886719      
706 0.41539400815963745 0.35913026332855225 10.02691650390625      
707 0.3016694188117981 0.35673606395721436 10.016142845153809      
708 -0.10654197633266449 0.35913026332855225 10.037690162658691      
709 -0.32202014327049255 0.3687070608139038 10.023324966430664      
710 -0.7529764175415039 0.3818751573562622 10.038887977600098      
711 -0.5315127968788147 0.3794809579849243 10.062829971313477      
712 -0.3878606855869293 0.37229835987091064 10.035296440124512      
713 0.035913024097681046 0.363918662071228 10.036493301391602      
714 0.4429273009300232 0.3519476354122162 10.016142845153809      
715 0.7050924301147461 0.3411737382411957 10.011354446411133      
716 0.5303156971931458 0.35913026332855225 10.023324966430664      
717 0.3770867586135864 0.3687070608139038 10.043676376342773      
718 -0.02513911761343479 0.35913026332855225 10.031704902648926      
719 -0.39384618401527405 0.3555389642715454 10.02452278137207      
720 -0.8547300100326538 0.3770867586135864 10.037690162658691      
721 -0.6320692300796509 0.365115761756897 10.014945983886719      
722 -0.35673606395721436 0.363918662071228 10.02691650390625      
723 -0.06584054976701736 0.363918662071228 10.02571964263916      
724 0.3878606855869293 0.3531447649002075 10.000580787658691      
725 0.6619967818260193 0.3363853394985199 10.004171371459961      
726 0.5817909836769104 0.35075053572654724 10.019734382629395      
727 0.4010287821292877 0.36750996112823486 10.047266960144043      
728 -0.1496376097202301 0.3758896589279175 10.018536567687988      
729 -0.5135562419891357 0.3555389642715454 9.985017776489258      
730 -0.8631097078323364 0.363918662071228 10.02571964263916      
731 -0.5949591398239136 0.3734954595565796 10.032901763916016      
732 -0.06464344263076782 0.3734954595565796 10.036493301391602      
733 0.090979665517807 0.3687070608139038 10.043676376342773      
734 0.49799394607543945 0.3531447649002075 10.02691650390625      
735 0.7026981711387634 0.35075053572654724 10.052056312561035      
736 0.7781155705451965 0.36990416049957275 10.075998306274414      
737 0.5650315880775452 0.38067805767059326 10.11430549621582      
738 -0.22026655077934265 0.4034229815006256 10.066421508789062      
739 -0.6177040338516235 0.3627215623855591 9.983820915222168      
740 -0.8918401598930359 0.3471592366695404 9.967061996459961      
741 -0.6392518281936646 0.34835633635520935 10.014945983886719      
742 -0.29807811975479126 0.3711012601852417 10.040084838867188      
743 0.035913024097681046 0.3770867586135864 10.035296440124512      
744 0.4213795065879822 0.36750996112823486 10.044873237609863      
745 0.8547300100326538 0.33758243918418884 10.029311180114746      
746 0.729034423828125 0.3363853394985199 10.02452278137207      
747 0.38067805767059326 0.3447650372982025 10.014945983886719      
748 -0.22026655077934265 0.3734954595565796 10.053253173828125      
749 -0.49559974670410156 0.38546648621559143 10.04846477508545      
750 -0.8403648138046265 0.3842693865299225 10.038887977600098      
751 -0.5841852426528931 0.35913026332855225 10.002974510192871      
752 0.07781155407428741 0.35075053572654724 10.02811336517334      
753 0.4465186297893524 0.3579331636428833 10.035296440124512      
754 0.8080430626869202 0.3519476354122162 10.031704902648926      
755 0.6871358752250671 0.3387795388698578 10.034099578857422      
756 0.4034229815006256 0.35075053572654724 10.02452278137207      
757 -0.09816227108240128 0.365115761756897 10.018536567687988      
758 -0.36152446269989014 0.3998316824436188 10.089165687561035      
759 -0.690727174282074 0.40462008118629456 10.090363502502441      
760 -0.5746083855628967 0.3866635859012604 10.035296440124512      
761 -0.4213795065879822 0.3519476354122162 10.001777648925781      
762 0.14245499670505524 0.34835633635520935 10.032901763916016      
763 0.5446808934211731 0.3627215623855591 10.055646896362305      
764 0.7206547260284424 0.36750996112823486 10.04846477508545      
765 0.4489128291606903 0.3531447649002075 10.017339706420898      
766 0.2621650993824005 0.3387795388698578 10.010157585144043      
767 0.04429273307323456 0.3471592366695404 10.029311180114746      
768 -0.28131869435310364 0.3842693865299225 10.067618370056152      
769 -0.6955155730247498 0.4082113802433014 10.086771965026855      
770 -0.46327802538871765 0.4010287821292877 10.095151901245117      
771 -0.33279404044151306 0.3998316824436188 10.067618370056152      
772 0.15322890877723694 0.3794809579849243 10.05923843383789      
773 0.52552729845047 0.35673606395721436 10.043676376342773      
774 0.7769184708595276 0.35075053572654724 10.02811336517334      
775 0.6200982332229614 0.3495534360408783 10.02571964263916      
776 0.3387795388698578 0.36750996112823486 10.031704902648926      
777 -0.14365209639072418 0.3711012601852417 10.044873237609863      
778 -0.36990416049957275 0.36750996112823486 10.041281700134277      
779 -0.6955155730247498 0.3770867586135864 10.046070098876953      
780 -0.5638344883918762 0.38067805767059326 10.047266960144043      
781 -0.3495534360408783 0.3734954595565796 10.0580415725708      
782 0.0035913025494664907 0.37469255924224854 10.061633110046387      
783 0.4381389021873474 0.3555389642715454 10.036493301391602      
784 0.7218518257141113 0.33758243918418884 10.013748168945312      
785 0.4836287498474121 0.34835633635520935 10.018536567687988      
786 0.2944868206977844 0.3603273630142212 10.035296440124512      
787 -0.4106055796146393 0.3531447649002075 10.022128105163574      
788 -0.8379706144332886 0.37828385829925537 10.038887977600098      
789 -0.5482721924781799 0.37469255924224854 10.035296440124512      
790 -0.32680854201316833 0.3770867586135864 10.049661636352539      
791 0.043095629662275314 0.3758896589279175 10.052056312561035      
792 0.545877993106842 0.363918662071228 10.044873237609863      
793 0.7206547260284424 0.3627215623855591 10.047266960144043      
794 0.5710170865058899 0.3758896589279175 10.06043529510498      
795 0.4489128291606903 0.3711012601852417 10.079588890075684      
796 -0.18914192914962769 0.37828385829925537 10.034099578857422      
797 -0.5446808934211731 0.34596213698387146 9.985017776489258      
798 -0.9241618514060974 0.34835633635520935 9.999382972717285      
799 -0.6141127347946167 0.34596213698387146 10.004171371459961      
800 -0.3196259140968323 0.3555389642715454 10.004171371459961      
801 0.04668693244457245 0.35913026332855225 10.014945983886719      
802 0.45848962664604187 0.365115761756897 10.037690162658691      
803 0.7170634269714355 0.3555389642715454 10.038887977600098      
804 0.7649474143981934 0.3471592366695404 10.04846477508545      
805 0.4537012279033661 0.35673606395721436 10.040084838867188      
806 -0.28131869435310364 0.3878606855869293 10.056844711303711      
807 -0.645237386226654 0.38546648621559143 10.016142845153809      
808 -0.9253589510917664 0.3687070608139038 10.017339706420898      
809 -0.5363011956214905 0.34596213698387146 10.012551307678223      
810 -0.26336219906806946 0.3603273630142212 10.044873237609863      
811 0.1711854189634323 0.3603273630142212 10.04846477508545      
812 0.5267243981361389 0.36990416049957275 10.067618370056152      
813 0.750582218170166 0.3603273630142212 10.064026832580566      
814 0.7015010714530945 0.3531447649002075 10.06043529510498      
815 0.4106055796146393 0.3495534360408783 10.022128105163574      
816 -0.09457096457481384 0.36750996112823486 10.049661636352539      
817 -0.40940847992897034 0.40222588181495667 10.078392028808594      
818 -0.7661445140838623 0.39384618401527405 10.072406768798828      
819 -0.6177040338516235 0.3794809579849243 10.044873237609863      
820 -0.4165911078453064 0.36750996112823486 10.032901763916016      
821 0.12330138683319092 0.34356793761253357 10.014945983886719      
822 0.52552729845047 0.34596213698387146 10.054450035095215      
823 0.828393816947937 0.35673606395721436 10.037690162658691      
824 0.5877765417098999 0.3531447649002075 10.02571964263916      
825 0.20231004059314728 0.3519476354122162 10.020931243896484      
826 -0.02274491637945175 0.3579331636428833 10.012551307678223      
827 -0.2944868206977844 0.3974374830722809 10.086771965026855      
828 -0.6236895322799683 0.4129997789859772 10.107122421264648      
829 -0.4776432514190674 0.4082113802433014 10.078392028808594      
830 -0.33518823981285095 0.39384618401527405 10.061633110046387      
831 0.2346317619085312 0.36750996112823486 10.065223693847656      
832 0.6308721303939819 0.3579331636428833 10.047266960144043      
833 0.8415619134902954 0.36152446269989014 10.050858497619629      
834 0.45010992884635925 0.3711012601852417 10.038887977600098      
835 0.28730419278144836 0.35673606395721436 10.014945983886719      
836 -0.02992752194404602 0.3555389642715454 10.044873237609863      
837 -0.28371289372444153 0.39384618401527405 10.087968826293945      
838 -0.6751648783683777 0.40462008118629456 10.096348762512207      
839 -0.6141127347946167 0.4129997789859772 10.098742485046387      
840 -0.3663128614425659 0.3902548849582672 10.06043529510498      
841 0.20350714027881622 0.35434186458587646 10.042478561401367      
842 0.5446808934211731 0.3603273630142212 10.046070098876953      
843 0.7757213711738586 0.35673606395721436 10.047266960144043      
844 0.3148375153541565 0.3711012601852417 10.037690162658691      
845 -0.11133038252592087 0.3687070608139038 10.035296440124512      
846 -0.395043283700943 0.35673606395721436 10.036493301391602      
847 -0.8415619134902954 0.37469255924224854 10.035296440124512      
848 -0.5003881454467773 0.37828385829925537 10.066421508789062      
849 -0.30286651849746704 0.3842693865299225 10.089165687561035      
850 0.047884032130241394 0.38067805767059326 10.08198356628418      
851 0.5099649429321289 0.35673606395721436 10.046070098876953      
852 0.751779317855835 0.3531447649002075 10.034099578857422      
853 0.667982280254364 0.3603273630142212 10.046070098876953      
854 0.42616790533065796 0.3842693865299225 10.085575103759766      
855 -0.07661445438861847 0.38067805767059326 10.064026832580566      
856 -0.35673606395721436 0.3579331636428833 10.04846477508545      
857 -0.8643068075180054 0.38067805767059326 10.038887977600098      
858 -0.5781996846199036 0.3711012601852417 10.02811336517334      
859 -0.243011474609375 0.3734954595565796 10.030508041381836      
860 0.06584054976701736 0.36990416049957275 10.047266960144043      
861 0.41539400815963745 0.3555389642715454 10.02691650390625      
862 0.6823474764823914 0.33758243918418884 10.017339706420898      
863 0.5674257874488831 0.3603273630142212 10.041281700134277      
864 0.39384618401527405 0.3758896589279175 10.077195167541504      
865 -0.21188685297966003 0.3818751573562622 10.046070098876953      
866 -0.5805938839912415 0.35673606395721436 9.989806175231934      
867 -0.871489405632019 0.35434186458587646 10.006566047668457      
868 -0.5111620426177979 0.3627215623855591 10.041281700134277      
869 -0.21547815203666687 0.3902548849582672 10.066421508789062      
870 0.11851298063993454 0.38546648621559143 10.046070098876953      
871 0.5063736438751221 0.38307225704193115 10.067618370056152      
872 0.8188169598579407 0.36990416049957275 10.047266960144043      
873 0.7206547260284424 0.3627215623855591 10.054450035095215      
874 0.5303156971931458 0.363918662071228 10.05923843383789      
875 -0.14006079733371735 0.39863458275794983 10.079588890075684      
876 -0.4944026470184326 0.3974374830722809 10.049661636352539      
877 -0.812831461429596 0.39384618401527405 10.046070098876953      
878 -0.4381389021873474 0.3471592366695404 10.016142845153809      
879 -0.25737667083740234 0.3663128614425659 10.044873237609863      
880 0.07182604819536209 0.37229835987091064 10.038887977600098      
881 0.4752490520477295 0.3579331636428833 10.046070098876953      
882 0.7984662652015686 0.3423708379268646 10.02691650390625      
883 0.767341673374176 0.3387795388698578 10.034099578857422      
884 0.4058171808719635 0.333991140127182 9.987412452697754      
885 -0.16639702022075653 0.36750996112823486 10.02452278137207      
886 -0.4082113802433014 0.40701428055763245 10.101137161254883      
887 -0.7469909191131592 0.4058171808719635 10.079588890075684      
888 -0.5135562419891357 0.37828385829925537 10.042478561401367      
889 -0.3770867586135864 0.36152446269989014 10.032901763916016      
890 0.0802057534456253 0.3519476354122162 10.034099578857422      
891 0.4572925269603729 0.3555389642715454 10.020931243896484      
892 0.812831461429596 0.3423708379268646 10.019734382629395      
893 0.5494692921638489 0.333991140127182 10.004171371459961      
894 0.21188685297966003 0.3411737382411957 9.996989250183105      
895 -0.05746084079146385 0.3555389642715454 10.000580787658691      
896 -0.24420857429504395 0.38905778527259827 10.08318042755127      
897 -0.6584054827690125 0.4082113802433014 10.107122421264648      
898 -0.6440402865409851 0.4082113802433014 10.079588890075684      
899 0.15921440720558167 0.35434186458587646 10.041281700134277      
900 0.4920084476470947 0.3711012601852417 10.04846477508545      
901 0.4920084476470947 0.3711012601852417 10.04846477508545      
902 0.45848962664604187 0.36152446269989014 10.02691650390625      
903 0.21308395266532898 0.3423708379268646 9.980229377746582      
904 -0.20231004059314728 0.34596213698387146 10.005369186401367      
905 -0.424970805644989 0.3711012601852417 10.04846477508545      
906 -0.8319851160049438 0.3902548849582672 10.065223693847656      
907 -0.4668693244457245 0.38307225704193115 10.056844711303711      
908 -0.3100491166114807 0.3770867586135864 10.052056312561035      
909 0.02992752194404602 0.37469255924224854 10.042478561401367      
910 0.4692635238170624 0.3495534360408783 10.022128105163574      
911 0.7242460250854492 0.33518823981285095 10.018536567687988      
912 0.5650315880775452 0.3519476354122162 10.02691650390625      
913 0.31364041566848755 0.35673606395721436 10.031704902648926      
914 -0.09935937076807022 0.3495534360408783 10.017339706420898      
915 -0.43095630407333374 0.3519476354122162 9.995792388916016      
916 -0.8535329103469849 0.36990416049957275 10.019734382629395      
917 -0.5530605912208557 0.36750996112823486 10.036493301391602      
918 -0.23343466222286224 0.37828385829925537 10.062829971313477      
919 0.10295066982507706 0.3711012601852417 10.065223693847656      
920 0.5099649429321289 0.3555389642715454 10.02571964263916      
921 0.7086837291717529 0.35075053572654724 10.030508041381836      
922 0.5386953949928284 0.365115761756897 10.047266960144043      
923 0.3387795388698578 0.3687070608139038 10.042478561401367      
924 -0.1711854189634323 0.3711012601852417 10.022128105163574      
925 -0.4800374507904053 0.3603273630142212 10.008959770202637      
926 -0.8810662031173706 0.3663128614425659 10.017339706420898      
927 -0.5973533391952515 0.3734954595565796 10.038887977600098      
928 -0.23343466222286224 0.3818751573562622 10.049661636352539      
929 0.04189852997660637 0.37229835987091064 10.055646896362305      
930 0.47644615173339844 0.3495534360408783 10.012551307678223      
931 0.6703764796257019 0.3495534360408783 10.016142845153809      
932 0.5889736413955688 0.3663128614425659 10.047266960144043      
933 0.4692635238170624 0.37469255924224854 10.085575103759766      
934 -0.12689268589019775 0.3866635859012604 10.0580415725708      
935 -0.44412440061569214 0.3663128614425659 10.002974510192871      
936 -0.8535329103469849 0.3627215623855591 10.005369186401367      
937 -0.628477931022644 0.3687070608139038 10.02452278137207      
938 -0.37469255924224854 0.3734954595565796 10.038887977600098      
939 0.10654197633266449 0.3555389642715454 10.011354446411133      
940 0.43933600187301636 0.35673606395721436 10.014945983886719      
941 0.7170634269714355 0.3519476354122162 10.035296440124512      
942 0.6009446382522583 0.3495534360408783 10.029311180114746      
943 0.35913026332855225 0.33997663855552673 10.014945983886719      
944 0.04668693244457245 0.3423708379268646 10.029311180114746      
945 -0.4321534037590027 0.37229835987091064 10.034099578857422      
946 -0.7038952708244324 0.38067805767059326 10.047266960144043      
947 -0.6356605291366577 0.3794809579849243 10.02452278137207      
948 -0.3902548849582672 0.3842693865299225 10.043676376342773      
949 0.2106897532939911 0.36750996112823486 10.06043529510498      
950 0.5291185975074768 0.35913026332855225 10.077195167541504      
951 0.7146692276000977 0.35913026332855225 10.040084838867188      
952 0.3758896589279175 0.3519476354122162 10.022128105163574      
953 0.28730419278144836 0.36152446269989014 10.040084838867188      
954 0.023942016065120697 0.36990416049957275 10.055646896362305      
955 -0.23702596127986908 0.3998316824436188 10.120290756225586      
956 -0.46806642413139343 0.40701428055763245 10.104728698730469      
957 -0.48961424827575684 0.39145198464393616 10.074800491333008      
958 -0.2992752194404602 0.3711012601852417 10.046070098876953      
959 0.07900865375995636 0.3687070608139038 10.038887977600098      
960 0.48722004890441895 0.365115761756897 10.075998306274414      
961 0.7745242714881897 0.365115761756897 10.067618370056152      
962 0.6320692300796509 0.3471592366695404 10.068815231323242      
963 -0.023942016065120697 0.3555389642715454 10.02691650390625      
964 -0.4644751250743866 0.3627215623855591 9.989806175231934      
965 -0.5805938839912415 0.363918662071228 10.016142845153809      
966 -0.5422866940498352 0.38067805767059326 10.043676376342773      
967 -0.38307225704193115 0.3603273630142212 10.018536567687988      
968 0.0586579404771328 0.3363853394985199 9.99100399017334      
969 0.3363853394985199 0.3387795388698578 10.02571964263916      
970 0.628477931022644 0.3447650372982025 10.037690162658691      
971 0.1951274424791336 0.35075053572654724 10.02571964263916      
972 0.3998316824436188 0.3471592366695404 10.02811336517334      
973 0.05985504388809204 0.3603273630142212 10.062829971313477      
974 -0.2537853717803955 0.3998316824436188 10.097545623779297      
975 -0.49799394607543945 0.39624038338661194 10.087968826293945      
976 -0.21547815203666687 0.3842693865299225 10.061633110046387      
977 -0.22026655077934265 0.38067805767059326 10.055646896362305      
978 0.1256955862045288 0.37828385829925537 10.038887977600098      
979 0.2861070930957794 0.36152446269989014 10.037690162658691      
980 0.5183446407318115 0.36152446269989014 10.047266960144043      
981 0.2082955539226532 0.3603273630142212 10.035296440124512      
982 0.23104046285152435 0.3411737382411957 10.002974510192871      
983 -0.2322375625371933 0.3363853394985199 9.981427192687988      
984 -0.3172317147254944 0.3579331636428833 10.019734382629395      
985 -0.39863458275794983 0.37828385829925537 10.06043529510498      
986 -0.1975216418504715 0.38905778527259827 10.071209907531738      
987 -0.12689268589019775 0.38546648621559143 10.056844711303711      
988 0.10654197633266449 0.365115761756897 10.041281700134277      
989 0.1711854189634323 0.3579331636428833 10.035296440124512      
990 0.34596213698387146 0.3471592366695404 10.029311180114746      
991 0.33758243918418884 0.35673606395721436 10.043676376342773      
992 0.2753331959247589 0.36152446269989014 10.034099578857422      
993 -0.10175357013940811 0.37229835987091064 10.036493301391602      
994 -0.23822307586669922 0.3711012601852417 10.035296440124512      
995 -0.38307225704193115 0.3711012601852417 10.042478561401367      
996 -0.16759411990642548 0.37469255924224854 10.049661636352539      
997 -0.11013327538967133 0.37469255924224854 10.05923843383789      
998 0.18914192914962769 0.38307225704193115 10.064026832580566      
999 0.21308395266532898 0.3770867586135864 10.067618370056152      
1000 0.19871874153614044 0.3687070608139038 10.04846477508545      
1001 0.3842693865299225 0.3663128614425659 10.044873237609863      
1002 -0.10055647045373917 0.363918662071228 10.018536567687988      
1003 -0.1496376097202301 0.363918662071228 10.035296440124512      
1004 -0.17836803197860718 0.363918662071228 10.032901763916016      
1005 -0.26815059781074524 0.3663128614425659 10.037690162658691      
1006 -0.05626374110579491 0.3627215623855591 10.030508041381836      
1007 0.13766659796237946 0.3627215623855591 10.04846477508545      
1008 0.243011474609375 0.36750996112823486 10.05923843383789      
1009 0.16519992053508759 0.3663128614425659 10.050858497619629      
1010 0.3471592366695404 0.365115761756897 10.044873237609863      
1011 0.13168109953403473 0.365115761756897 10.049661636352539      
1012 -0.04189852997660637 0.3687070608139038 10.040084838867188      
1013 -0.07900865375995636 0.37229835987091064 10.036493301391602      
1014 -0.07422025501728058 0.3734954595565796 10.050858497619629      
1015 -0.3100491166114807 0.3758896589279175 10.046070098876953      
1016 -0.05027823522686958 0.3687070608139038 10.034099578857422      
1017 0.05386953800916672 0.3687070608139038 10.042478561401367      
1018 0.20231004059314728 0.365115761756897 10.06043529510498      
1019 0.13287819921970367 0.37229835987091064 10.056844711303711      
1020 0.3471592366695404 0.3687070608139038 10.0580415725708      
1021 0.04668693244457245 0.36750996112823486 10.043676376342773      
1022 -0.0035913025494664907 0.365115761756897 10.047266960144043      
1023 -0.09816227108240128 0.37828385829925537 10.049661636352539      
1024 -0.047884032130241394 0.38307225704193115 10.064026832580566      
1025 -0.15562310814857483 0.3794809579849243 10.062829971313477      
1026 -0.033518824726343155 0.3627215623855591 10.022128105163574      
1027 -0.026336219161748886 0.3579331636428833 10.02811336517334      
1028 0.14484919607639313 0.3663128614425659 10.055646896362305      
1029 0.09217676520347595 0.3687070608139038 10.054450035095215      
1030 0.152031809091568 0.365115761756897 10.047266960144043      
1031 0.05506663769483566 0.3627215623855591 10.023324966430664      
1032 -0.11372458189725876 0.363918662071228 10.019734382629395      
1033 -0.07661445438861847 0.3363853394985199 10.000580787658691      
1034 -0.0454898327589035 0.35075053572654724 10.002974510192871      
1035 -0.026336219161748886 0.3579331636428833 10.023324966430664      
1036 -0.0694318488240242 0.3687070608139038 10.049661636352539      
1037 0.07541735470294952 0.3711012601852417 10.053253173828125      
1038 -0.008379706181585789 0.36750996112823486 10.034099578857422      
1039 0.05386953800916672 0.3627215623855591 10.034099578857422      
1040 0.04908113554120064 0.363918662071228 10.030508041381836      
1041 0.152031809091568 0.3663128614425659 10.046070098876953      
1042 -0.05386953800916672 0.36152446269989014 10.02452278137207      
1043 -0.05386953800916672 0.3495534360408783 10.017339706420898      
1044 -0.015562310814857483 0.3531447649002075 10.02571964263916      
1045 0.3064578175544739 0.35913026332855225 10.036493301391602      
1046 -0.023942016065120697 0.36152446269989014 10.042478561401367      
1047 -0.028730420395731926 0.363918662071228 10.041281700134277      
1048 0.03232172131538391 0.3687070608139038 10.046070098876953      
1049 0.0347159244120121 0.3687070608139038 10.041281700134277      
1050 0.028730420395731926 0.365115761756897 10.041281700134277      
1051 0.02753331884741783 0.365115761756897 10.036493301391602      
1052 0.026336219161748886 0.365115761756897 10.041281700134277      
1053 0.03232172131538391 0.3663128614425659 10.040084838867188      
1054 0.03232172131538391 0.3663128614425659 10.042478561401367      
1055 0.03711012750864029 0.365115761756897 10.043676376342773      
1056 0.0347159244120121 0.365115761756897 10.046070098876953      
1057 0.0347159244120121 0.3663128614425659 10.044873237609863      
1058 0.03950432687997818 0.36750996112823486 10.042478561401367      
1059 0.043095629662275314 0.3663128614425659 10.036493301391602      
1060 0.031124621629714966 0.3663128614425659 10.038887977600098      
1061 0.02992752194404602 0.363918662071228 10.043676376342773      
1062 0.02513911761343479 0.36750996112823486 10.043676376342773      
1063 0.031124621629714966 0.36990416049957275 10.038887977600098      
1064 0.031124621629714966 0.3711012601852417 10.04846477508545      
1065 0.033518824726343155 0.36990416049957275 10.046070098876953      
1066 0.031124621629714966 0.36750996112823486 10.044873237609863      
1067 0.0347159244120121 0.36750996112823486 10.044873237609863      
1068 0.03232172131538391 0.37229835987091064 10.046070098876953      
1069 0.033518824726343155 0.37229835987091064 10.046070098876953      
1070 0.03232172131538391 0.3711012601852417 10.046070098876953      
1071 0.028730420395731926 0.365115761756897 10.042478561401367      
1072 0.02753331884741783 0.363918662071228 10.043676376342773      
1073 0.026336219161748886 0.3687070608139038 10.042478561401367      
1074 0.02992752194404602 0.36750996112823486 10.044873237609863      
1075 0.02992752194404602 0.3663128614425659 10.042478561401367      
1076 0.02992752194404602 0.363918662071228 10.043676376342773      
1077 0.031124621629714966 0.36990416049957275 10.044873237609863      
1078 0.02992752194404602 0.36990416049957275 10.043676376342773      
1079 0.031124621629714966 0.3663128614425659 10.043676376342773      
1080 0.033518824726343155 0.36750996112823486 10.037690162658691      
1081 0.03232172131538391 0.365115761756897 10.041281700134277      
1082 0.031124621629714966 0.365115761756897 10.042478561401367      
1083 0.02992752194404602 0.3687070608139038 10.043676376342773      
1084 0.03232172131538391 0.36750996112823486 10.040084838867188      
1085 0.031124621629714966 0.363918662071228 10.038887977600098      
1086 0.0347159244120121 0.365115761756897 10.043676376342773      
1087 0.033518824726343155 0.3663128614425659 10.041281700134277      
1088 0.03232172131538391 0.36750996112823486 10.043676376342773      
1089 0.033518824726343155 0.365115761756897 10.044873237609863      
1090 0.0347159244120121 0.3663128614425659 10.042478561401367      
1091 0.03711012750864029 0.36750996112823486 10.040084838867188      
1092 0.0347159244120121 0.3663128614425659 10.047266960144043      
1093 0.03232172131538391 0.36750996112823486 10.042478561401367      
1094 0.0347159244120121 0.365115761756897 10.043676376342773      
1095 0.02753331884741783 0.3627215623855591 10.046070098876953      
1096 0.031124621629714966 0.3663128614425659 10.042478561401367      
1097 0.035913024097681046 0.363918662071228 10.042478561401367      
1098 0.03232172131538391 0.365115761756897 10.043676376342773      
1099 0.03711012750864029 0.36990416049957275 10.044873237609863      
1100 0.0347159244120121 0.36990416049957275 10.042478561401367      
1101 0.0347159244120121 0.3687070608139038 10.04846477508545      
1102 0.0347159244120121 0.3687070608139038 10.049661636352539      
1103 0.03232172131538391 0.3687070608139038 10.049661636352539      
1104 0.031124621629714966 0.3711012601852417 10.04846477508545      
1105 0.03232172131538391 0.36990416049957275 10.04846477508545      
1106 0.031124621629714966 0.36750996112823486 10.040084838867188      
1107 0.031124621629714966 0.36152446269989014 10.043676376342773      
1108 0.0347159244120121 0.3663128614425659 10.046070098876953      
1109 0.031124621629714966 0.365115761756897 10.04846477508545      
1110 0.0347159244120121 0.365115761756897 10.04846477508545      
1111 0.033518824726343155 0.363918662071228 10.04846477508545      
1112 0.03232172131538391 0.3627215623855591 10.046070098876953      
1113 0.03232172131538391 0.365115761756897 10.044873237609863      
1114 0.0347159244120121 0.36750996112823486 10.042478561401367      
1115 0.033518824726343155 0.37229835987091064 10.043676376342773      
1116 0.02753331884741783 0.3687070608139038 10.042478561401367      
1117 0.031124621629714966 0.36750996112823486 10.042478561401367      
1118 0.03232172131538391 0.3687070608139038 10.040084838867188      
1119 0.031124621629714966 0.3687070608139038 10.043676376342773      
1120 0.03232172131538391 0.363918662071228 10.043676376342773      
1121 0.033518824726343155 0.363918662071228 10.044873237609863      
1122 0.03232172131538391 0.36750996112823486 10.044873237609863      
1123 0.03232172131538391 0.3711012601852417 10.046070098876953      
1124 0.031124621629714966 0.36750996112823486 10.044873237609863      
1125 0.033518824726343155 0.36990416049957275 10.044873237609863      
1126 0.03232172131538391 0.36750996112823486 10.044873237609863      
1127 0.031124621629714966 0.36750996112823486 10.047266960144043      
1128 0.028730420395731926 0.36990416049957275 10.047266960144043      
1129 0.026336219161748886 0.3663128614425659 10.043676376342773      
1130 0.026336219161748886 0.365115761756897 10.042478561401367      
1131 0.03232172131538391 0.365115761756897 10.040084838867188      
1132 0.028730420395731926 0.3663128614425659 10.047266960144043      
1133 0.031124621629714966 0.36152446269989014 10.043676376342773      
1134 0.031124621629714966 0.365115761756897 10.046070098876953      
1135 0.02753331884741783 0.36152446269989014 10.042478561401367      
1136 0.031124621629714966 0.36152446269989014 10.043676376342773      
1137 0.03232172131538391 0.36152446269989014 10.047266960144043      
1138 0.038307227194309235 0.3627215623855591 10.04846477508545      
1139 0.038307227194309235 0.3627215623855591 10.047266960144043      
1140 0.03711012750864029 0.363918662071228 10.04846477508545      
1141 0.035913024097681046 0.36152446269989014 10.049661636352539      
1142 0.031124621629714966 0.365115761756897 10.049661636352539      
1143 0.03232172131538391 0.3627215623855591 10.047266960144043      
1144 0.02992752194404602 0.3603273630142212 10.046070098876953      
1145 0.028730420395731926 0.3627215623855591 10.043676376342773      
1146 0.03232172131538391 0.36750996112823486 10.042478561401367      
1147 0.031124621629714966 0.3711012601852417 10.044873237609863      
1148 0.031124621629714966 0.3663128614425659 10.04846477508545      
1149 0.031124621629714966 0.3663128614425659 10.043676376342773      
1150 0.028730420395731926 0.36750996112823486 10.046070098876953      
1151 0.028730420395731926 0.3687070608139038 10.04846477508545      
1152 0.02753331884741783 0.3663128614425659 10.047266960144043      
1153 0.02992752194404602 0.363918662071228 10.046070098876953      
1154 0.02992752194404602 0.3687070608139038 10.046070098876953      
1155 0.028730420395731926 0.37229835987091064 10.047266960144043      
1156 0.03232172131538391 0.36990416049957275 10.047266960144043      
1157 0.02753331884741783 0.36990416049957275 10.046070098876953      
1158 0.02992752194404602 0.3663128614425659 10.047266960144043      
1159 0.031124621629714966 0.36750996112823486 10.049661636352539      
1160 0.02992752194404602 0.3663128614425659 10.050858497619629      
1161 0.033518824726343155 0.36750996112823486 10.047266960144043      
1162 0.0347159244120121 0.365115761756897 10.044873237609863      
1163 0.033518824726343155 0.36750996112823486 10.043676376342773      
1164 0.03232172131538391 0.363918662071228 10.042478561401367      
1165 0.03232172131538391 0.3663128614425659 10.040084838867188      
1166 0.03232172131538391 0.365115761756897 10.040084838867188      
1167 0.031124621629714966 0.36750996112823486 10.043676376342773      
1168 0.035913024097681046 0.36750996112823486 10.044873237609863      
1169 0.0347159244120121 0.3687070608139038 10.043676376342773      
1170 0.02992752194404602 0.3663128614425659 10.04846477508545      
1171 0.033518824726343155 0.3663128614425659 10.050858497619629      
1172 0.02992752194404602 0.365115761756897 10.046070098876953      
1173 0.028730420395731926 0.3663128614425659 10.047266960144043      
1174 0.03232172131538391 0.363918662071228 10.047266960144043      
1175 0.02992752194404602 0.3663128614425659 10.049661636352539      
1176 0.02992752194404602 0.363918662071228 10.049661636352539      
1177 0.02753331884741783 0.365115761756897 10.04846477508545      
1178 0.028730420395731926 0.3663128614425659 10.050858497619629      
1179 0.03232172131538391 0.36750996112823486 10.044873237609863      
1180 0.02992752194404602 0.36750996112823486 10.042478561401367      
1181 0.02753331884741783 0.36750996112823486 10.040084838867188      
1182 0.026336219161748886 0.3687070608139038 10.041281700134277      
1183 0.028730420395731926 0.36990416049957275 10.040084838867188      
1184 0.028730420395731926 0.36990416049957275 10.044873237609863      
1185 0.028730420395731926 0.3687070608139038 10.041281700134277      
1186 0.0347159244120121 0.3663128614425659 10.041281700134277      
1187 0.028730420395731926 0.36750996112823486 10.047266960144043      
1188 0.028730420395731926 0.37229835987091064 10.046070098876953      
1189 0.02753331884741783 0.3663128614425659 10.049661636352539      
1190 0.026336219161748886 0.363918662071228 10.047266960144043      
1191 0.031124621629714966 0.365115761756897 10.047266960144043      
1192 0.03232172131538391 0.3663128614425659 10.047266960144043      
1193 0.03232172131538391 0.36750996112823486 10.046070098876953      
1194 0.028730420395731926 0.363918662071228 10.046070098876953      
1195 0.031124621629714966 0.365115761756897 10.04846477508545      
1196 0.03232172131538391 0.365115761756897 10.04846477508545      
1197 0.033518824726343155 0.36750996112823486 10.044873237609863      
1198 0.0347159244120121 0.365115761756897 10.042478561401367      
1199 0.033518824726343155 0.365115761756897 10.046070098876953      
1200 0.031124621629714966 0.3687070608139038 10.047266960144043      
1201 0.03232172131538391 0.36750996112823486 10.044873237609863      
1202 0.03232172131538391 0.365115761756897 10.052056312561035      
1203 0.03232172131538391 0.3603273630142212 10.049661636352539      
1204 0.028730420395731926 0.363918662071228 10.042478561401367      
1205 0.031124621629714966 0.36750996112823486 10.043676376342773      
1206 0.02992752194404602 0.36990416049957275 10.040084838867188      
1207 0.02992752194404602 0.36750996112823486 10.043676376342773      
1208 0.026336219161748886 0.365115761756897 10.041281700134277      
1209 0.02753331884741783 0.36152446269989014 10.043676376342773      
1210 0.02753331884741783 0.363918662071228 10.046070098876953      
1211 0.02753331884741783 0.363918662071228 10.044873237609863      
1212 0.02753331884741783 0.35913026332855225 10.043676376342773      
1213 0.026336219161748886 0.36750996112823486 10.043676376342773      
1214 0.028730420395731926 0.36750996112823486 10.043676376342773      
1215 0.028730420395731926 0.3663128614425659 10.047266960144043      
1216 0.031124621629714966 0.36750996112823486 10.042478561401367      
1217 0.03232172131538391 0.3687070608139038 10.041281700134277      
1218 0.026336219161748886 0.363918662071228 10.044873237609863      
1219 0.02992752194404602 0.3627215623855591 10.049661636352539      
1220 0.031124621629714966 0.36152446269989014 10.044873237609863      
1221 0.03232172131538391 0.3627215623855591 10.04846477508545      
1222 0.03232172131538391 0.3627215623855591 10.042478561401367      
1223 0.03232172131538391 0.3627215623855591 10.042478561401367      
1224 0.03232172131538391 0.365115761756897 10.046070098876953      
1225 0.031124621629714966 0.3627215623855591 10.043676376342773      
1226 0.031124621629714966 0.363918662071228 10.047266960144043      
1227 0.033518824726343155 0.365115761756897 10.053253173828125      
1228 0.03232172131538391 0.365115761756897 10.052056312561035      
1229 0.031124621629714966 0.3687070608139038 10.047266960144043      
1230 0.03232172131538391 0.365115761756897 10.04846477508545      
1231 0.03232172131538391 0.3663128614425659 10.044873237609863      
1232 0.028730420395731926 0.365115761756897 10.046070098876953      
1233 0.028730420395731926 0.363918662071228 10.047266960144043      
1234 0.02753331884741783 0.36750996112823486 10.043676376342773      
1235 0.02753331884741783 0.365115761756897 10.042478561401367      
1236 0.028730420395731926 0.363918662071228 10.043676376342773      
1237 0.028730420395731926 0.3627215623855591 10.038887977600098      
1238 0.028730420395731926 0.363918662071228 10.043676376342773      
1239 0.02753331884741783 0.365115761756897 10.043676376342773      
1240 0.03232172131538391 0.365115761756897 10.047266960144043      
1241 0.031124621629714966 0.36152446269989014 10.04846477508545      
1242 0.031124621629714966 0.3663128614425659 10.046070098876953      
1243 0.031124621629714966 0.36750996112823486 10.04846477508545      
1244 0.03232172131538391 0.3663128614425659 10.044873237609863      
1245 0.02992752194404602 0.365115761756897 10.044873237609863      
1246 0.02753331884741783 0.363918662071228 10.043676376342773      
1247 0.028730420395731926 0.3627215623855591 10.044873237609863      
1248 0.028730420395731926 0.363918662071228 10.043676376342773      
1249 0.03232172131538391 0.365115761756897 10.040084838867188      
1250 0.033518824726343155 0.365115761756897 10.040084838867188      
1251 0.03232172131538391 0.3627215623855591 10.042478561401367      
1252 0.033518824726343155 0.3627215623855591 10.037690162658691      
1253 0.028730420395731926 0.365115761756897 10.040084838867188      
1254 0.028730420395731926 0.363918662071228 10.044873237609863      
1255 0.02992752194404602 0.3687070608139038 10.04846477508545      
1256 0.031124621629714966 0.36990416049957275 10.044873237609863      
1257 0.033518824726343155 0.365115761756897 10.047266960144043      
1258 0.03711012750864029 0.3627215623855591 10.044873237609863      
1259 0.03232172131538391 0.363918662071228 10.050858497619629      
1260 0.02992752194404602 0.36750996112823486 10.050858497619629      
1261 0.031124621629714966 0.36750996112823486 10.050858497619629      
1262 0.02992752194404602 0.363918662071228 10.041281700134277      
1263 0.028730420395731926 0.3627215623855591 10.042478561401367      
1264 0.031124621629714966 0.36152446269989014 10.038887977600098      
1265 0.038307227194309235 0.3687070608139038 10.043676376342773      
1266 0.033518824726343155 0.3711012601852417 10.040084838867188      
1267 0.0347159244120121 0.3711012601852417 10.040084838867188      
1268 0.035913024097681046 0.36750996112823486 10.034099578857422      
1269 0.0347159244120121 0.3663128614425659 10.035296440124512      
1270 0.02992752194404602 0.365115761756897 10.040084838867188      
1271 0.026336219161748886 0.363918662071228 10.043676376342773      
1272 0.02753331884741783 0.36152446269989014 10.042478561401367      
1273 0.03232172131538391 0.3663128614425659 10.041281700134277      
1274 0.03232172131538391 0.365115761756897 10.042478561401367      
1275 0.031124621629714966 0.365115761756897 10.037690162658691      
1276 0.031124621629714966 0.363918662071228 10.044873237609863      
1277 0.02992752194404602 0.3663128614425659 10.038887977600098      
1278 0.035913024097681046 0.363918662071228 10.037690162658691      
1279 0.02992752194404602 0.36152446269989014 10.037690162658691      
1280 0.028730420395731926 0.365115761756897 10.035296440124512      
1281 0.02992752194404602 0.3663128614425659 10.041281700134277      
1282 0.03232172131538391 0.365115761756897 10.043676376342773      
1283 0.02992752194404602 0.3627215623855591 10.047266960144043      
1284 0.028730420395731926 0.3663128614425659 10.046070098876953      
1285 0.026336219161748886 0.365115761756897 10.038887977600098      
1286 0.03232172131538391 0.3663128614425659 10.043676376342773      
1287 0.033518824726343155 0.36990416049957275 10.042478561401367      
1288 0.03232172131538391 0.3663128614425659 10.042478561401367      
1289 0.03232172131538391 0.3663128614425659 10.042478561401367      
1290 0.033518824726343155 0.3663128614425659 10.043676376342773      
1291 0.0347159244120121 0.3663128614425659 10.046070098876953      
1292 0.02992752194404602 0.365115761756897 10.047266960144043      
1293 0.031124621629714966 0.365115761756897 10.043676376342773      
1294 0.028730420395731926 0.36152446269989014 10.046070098876953      
1295 0.02992752194404602 0.36990416049957275 10.04846477508545      
1296 0.031124621629714966 0.36750996112823486 10.046070098876953      
1297 0.02992752194404602 0.3711012601852417 10.046070098876953      
1298 0.028730420395731926 0.3663128614425659 10.043676376342773      
1299 0.03232172131538391 0.363918662071228 10.046070098876953      
1300 0.03232172131538391 0.363918662071228 10.038887977600098      
1301 0.035913024097681046 0.365115761756897 10.037690162658691      
1302 0.0347159244120121 0.363918662071228 10.040084838867188      
1303 0.03232172131538391 0.363918662071228 10.042478561401367      
1304 0.0347159244120121 0.3663128614425659 10.036493301391602      
1305 0.031124621629714966 0.3663128614425659 10.044873237609863      
1306 0.031124621629714966 0.3663128614425659 10.047266960144043      
1307 0.033518824726343155 0.365115761756897 10.047266960144043      
1308 0.03232172131538391 0.363918662071228 10.047266960144043      
1309 0.03232172131538391 0.36152446269989014 10.049661636352539      
1310 0.031124621629714966 0.3627215623855591 10.047266960144043      
1311 0.03232172131538391 0.3627215623855591 10.047266960144043      
1312 0.0347159244120121 0.365115761756897 10.042478561401367      
1313 0.02992752194404602 0.36750996112823486 10.040084838867188      
1314 0.02992752194404602 0.365115761756897 10.041281700134277      
1315 0.02992752194404602 0.3663128614425659 10.042478561401367      
1316 0.031124621629714966 0.365115761756897 10.042478561401367      
1317 0.02753331884741783 0.363918662071228 10.041281700134277      
1318 0.02753331884741783 0.36152446269989014 10.042478561401367      
1319 0.02753331884741783 0.363918662071228 10.038887977600098      
1320 0.026336219161748886 0.3663128614425659 10.044873237609863      
1321 0.02992752194404602 0.363918662071228 10.046070098876953      
1322 0.02753331884741783 0.365115761756897 10.043676376342773      
1323 0.028730420395731926 0.36750996112823486 10.044873237609863      
1324 0.02992752194404602 0.3627215623855591 10.044873237609863      
1325 0.031124621629714966 0.36750996112823486 10.043676376342773      
1326 0.02992752194404602 0.363918662071228 10.044873237609863      
1327 0.033518824726343155 0.3627215623855591 10.04846477508545      
1328 0.028730420395731926 0.3627215623855591 10.043676376342773      
1329 0.02753331884741783 0.3663128614425659 10.04846477508545      
1330 0.031124621629714966 0.365115761756897 10.047266960144043      
1331 0.028730420395731926 0.3663128614425659 10.044873237609863      
1332 0.028730420395731926 0.3663128614425659 10.042478561401367      
1333 0.02992752194404602 0.363918662071228 10.043676376342773      
1334 0.028730420395731926 0.363918662071228 10.043676376342773      
1335 0.02992752194404602 0.3663128614425659 10.044873237609863      
1336 0.031124621629714966 0.3627215623855591 10.047266960144043      
1337 0.02753331884741783 0.3627215623855591 10.044873237609863      
1338 0.02753331884741783 0.3579331636428833 10.041281700134277      
1339 0.028730420395731926 0.35913026332855225 10.044873237609863      
1340 0.02992752194404602 0.363918662071228 10.041281700134277      
1341 0.031124621629714966 0.36750996112823486 10.044873237609863      
1342 0.02992752194404602 0.36750996112823486 10.041281700134277      
1343 0.02992752194404602 0.3663128614425659 10.043676376342773      
1344 0.033518824726343155 0.36750996112823486 10.041281700134277      
1345 0.0347159244120121 0.365115761756897 10.043676376342773      
1346 0.033518824726343155 0.3627215623855591 10.042478561401367      
1347 0.03232172131538391 0.36750996112823486 10.044873237609863      
1348 0.03232172131538391 0.3663128614425659 10.046070098876953      
1349 0.031124621629714966 0.3663128614425659 10.049661636352539      
1350 0.03232172131538391 0.365115761756897 10.043676376342773      
1351 0.03232172131538391 0.365115761756897 10.043676376342773      
1352 0.033518824726343155 0.3687070608139038 10.043676376342773      
1353 0.033518824726343155 0.3687070608139038 10.043676376342773      
1354 0.031124621629714966 0.365115761756897 10.044873237609863      
1355 0.02992752194404602 0.365115761756897 10.046070098876953      
1356 0.02992752194404602 0.3627215623855591 10.04846477508545      
1357 0.02992752194404602 0.3627215623855591 10.040084838867188      
1358 0.0347159244120121 0.3627215623855591 10.042478561401367      
1359 0.03232172131538391 0.363918662071228 10.044873237609863      
1360 0.0347159244120121 0.3627215623855591 10.047266960144043      
1361 0.0347159244120121 0.3627215623855591 10.04846477508545      
1362 0.031124621629714966 0.363918662071228 10.049661636352539      
1363 0.03232172131538391 0.3627215623855591 10.046070098876953      
1364 0.033518824726343155 0.3627215623855591 10.043676376342773      
1365 0.031124621629714966 0.35913026332855225 10.038887977600098      
1366 0.02992752194404602 0.3627215623855591 10.042478561401367      
1367 0.02753331884741783 0.36152446269989014 10.041281700134277      
1368 0.031124621629714966 0.3603273630142212 10.046070098876953      
1369 0.02992752194404602 0.363918662071228 10.044873237609863      
1370 0.0347159244120121 0.365115761756897 10.042478561401367      
1371 0.028730420395731926 0.36152446269989014 10.043676376342773      
