1 -0.5482721924781799 0.34835633635520935 10.006566047668457      
2 -0.12449848651885986 0.3387795388698578 9.977835655212402      
3 0.45250412821769714 0.33518823981285095 10.000580787658691      
4 0.9217676520347595 0.3411737382411957 10.032901763916016      
5 0.44173020124435425 0.36990416049957275 10.08198356628418      
6 -0.19393034279346466 0.38546648621559143 10.090363502502441      
7 -0.7912836670875549 0.3878606855869293 10.067618370056152      
8 -0.2059013396501541 0.3794809579849243 10.087968826293945      
9 0.2801215946674347 0.3842693865299225 10.099940299987793      
10 0.7242460250854492 0.363918662071228 10.05923843383789      
11 0.5506663918495178 0.365115761756897 10.038887977600098      
12 0.15322890877723694 0.3866635859012604 10.08078670501709      
13 -0.3256114423274994 0.38307225704193115 10.093954086303711      
14 -0.8678981065750122 0.39145198464393616 10.046070098876953      
15 -0.31364041566848755 0.365115761756897 10.013748168945312      
16 0.38546648621559143 0.3495534360408783 10.02811336517334      
17 0.889445960521698 0.3471592366695404 10.014945983886719      
18 0.45250412821769714 0.3758896589279175 10.041281700134277      
19 0.015562310814857483 0.3842693865299225 10.086771965026855      
20 -0.4297592043876648 0.40222588181495667 10.107122421264648      
21 -0.5482721924781799 0.4129997789859772 10.119093894958496      
22 -0.017956512048840523 0.4010287821292877 10.110713958740234      
23 0.49559974670410156 0.38905778527259827 10.090363502502441      
24 0.9445125460624695 0.35673606395721436 10.043676376342773      
25 0.272938996553421 0.33758243918418884 9.989806175231934      
26 -0.365115761756897 0.35434186458587646 10.013748168945312      
27 -0.7649474143981934 0.36152446269989014 10.053253173828125      
28 -0.39624038338661194 0.3818751573562622 10.061633110046387      
29 0.11133038252592087 0.3842693865299225 10.074800491333008      
30 0.6153098344802856 0.363918662071228 10.066421508789062      
31 0.9301473498344421 0.33997663855552673 10.072406768798828      
32 0.2645592987537384 0.3687070608139038 10.074800491333008      
33 -0.9888052940368652 0.3818751573562622 10.047266960144043      
34 -0.9888052940368652 0.3818751573562622 10.047266960144043      
35 -0.4189853072166443 0.35434186458587646 10.011354446411133      
36 0.23582886159420013 0.3387795388698578 9.983820915222168      
37 0.6440402865409851 0.33997663855552673 10.029311180114746      
38 0.047884032130241394 0.3663128614425659 10.06043529510498      
39 -0.6189011335372925 0.38307225704193115 10.034099578857422      
40 -0.7757213711738586 0.3878606855869293 10.043676376342773      
41 -0.10055647045373917 0.34835633635520935 10.012551307678223      
42 0.43335050344467163 0.34835633635520935 10.047266960144043      
43 0.8655039072036743 0.3627215623855591 10.029311180114746      
44 0.2968810200691223 0.3711012601852417 10.046070098876953      
45 -0.32202014327049255 0.3627215623855591 10.06043529510498      
46 -0.9014169573783875 0.37469255924224854 10.046070098876953      
47 -0.3902548849582672 0.3794809579849243 10.067618370056152      
48 0.20111294090747833 0.38067805767059326 10.08318042755127      
49 0.6607996821403503 0.3794809579849243 10.095151901245117      
50 0.5770025849342346 0.36750996112823486 10.04846477508545      
51 0.016759412363171577 0.3555389642715454 10.019734382629395      
52 -0.48482584953308105 0.3603273630142212 10.036493301391602      
53 -1.0223240852355957 0.38307225704193115 10.052056312561035      
54 -0.365115761756897 0.4058171808719635 10.097545623779297      
55 0.38307225704193115 0.39863458275794983 10.099940299987793      
56 1.1635819673538208 0.35913026332855225 10.072406768798828      
57 0.6607996821403503 0.3363853394985199 10.036493301391602      
58 -0.033518824726343155 0.35673606395721436 10.013748168945312      
59 -0.6488286852836609 0.36750996112823486 10.005369186401367      
60 -0.8080430626869202 0.36990416049957275 10.010157585144043      
61 -0.31842881441116333 0.3292027413845062 9.973047256469727      
62 0.1843535304069519 0.33039984107017517 9.973047256469727      
63 0.8523358106613159 0.3148375153541565 9.989806175231934      
64 0.46327802538871765 0.3423708379268646 10.034099578857422      
65 -0.33279404044151306 0.3687070608139038 10.032901763916016      
66 -0.8810662031173706 0.3866635859012604 10.064026832580566      
67 -0.28131869435310364 0.35434186458587646 10.043676376342773      
68 0.21188685297966003 0.333991140127182 10.012551307678223      
69 0.5722141861915588 0.3256114423274994 9.981427192687988      
70 0.48722004890441895 0.35075053572654724 10.016142845153809      
71 0.1472434103488922 0.3770867586135864 10.079588890075684      
72 -0.3663128614425659 0.37828385829925537 10.055646896362305      
73 -0.8834604024887085 0.3794809579849243 10.067618370056152      
74 -0.16519992053508759 0.3579331636428833 10.070012092590332      
75 0.5159504413604736 0.3687070608139038 10.074800491333008      
76 0.9684545993804932 0.36152446269989014 10.056844711303711      
77 0.3076549172401428 0.35913026332855225 10.007762908935547      
78 -0.14484919607639313 0.3555389642715454 10.014945983886719      
79 -0.5638344883918762 0.3758896589279175 10.047266960144043      
80 -0.5722141861915588 0.3794809579849243 10.036493301391602      
81 -0.09457096457481384 0.37828385829925537 10.053253173828125      
82 0.5303156971931458 0.3711012601852417 10.075998306274414      
83 1.1276689767837524 0.3531447649002075 10.056844711303711      
84 0.2825157940387726 0.3363853394985199 10.006566047668457      
85 -0.43933600187301636 0.33279404044151306 9.981427192687988      
86 -0.9062053561210632 0.3663128614425659 9.99339771270752      
87 -0.6991068720817566 0.37469255924224854 10.004171371459961      
88 -0.06344634294509888 0.3555389642715454 10.016142845153809      
89 0.5674257874488831 0.3315969407558441 9.987412452697754      
90 0.8439561128616333 0.3471592366695404 10.041281700134277      
91 0.2717418968677521 0.3794809579849243 10.104728698730469      
92 -1.015141487121582 0.36750996112823486 10.018536567687988      
93 -1.015141487121582 0.36750996112823486 10.018536567687988      
94 -0.3603273630142212 0.35075053572654724 9.99339771270752      
95 0.2753331959247589 0.3256114423274994 9.974244117736816      
96 0.7469909191131592 0.32202014327049255 9.988609313964844      
97 -0.017956512048840523 0.38067805767059326 10.06043529510498      
98 -0.5422866940498352 0.3878606855869293 10.074800491333008      
99 -0.4908113479614258 0.3794809579849243 10.077195167541504      
100 0.1412578970193863 0.35673606395721436 10.055646896362305      
101 0.5434837937355042 0.36750996112823486 10.067618370056152      
102 0.7972691655158997 0.3603273630142212 10.04846477508545      
103 0.243011474609375 0.3926490843296051 10.077195167541504      
104 -0.2645592987537384 0.39624038338661194 10.110713958740234      
105 -0.6093243360519409 0.39863458275794983 10.097545623779297      
106 -0.4345476031303406 0.40222588181495667 10.102334022521973      
107 0.10893617570400238 0.3878606855869293 10.079588890075684      
108 0.6715735793113708 0.36990416049957275 10.071209907531738      
109 0.7146692276000977 0.36750996112823486 10.05923843383789      
110 0.02274491637945175 0.3627215623855591 10.02452278137207      
111 -0.5171475410461426 0.3579331636428833 10.013748168945312      
112 -1.0247182846069336 0.37469255924224854 10.041281700134277      
113 -0.4884171485900879 0.3663128614425659 10.011354446411133      
114 0.2561795711517334 0.3387795388698578 9.979032516479492      
115 0.9804255962371826 0.3280056416988373 10.013748168945312      
116 0.6739677786827087 0.3292027413845062 10.046070098876953      
117 -0.09217676520347595 0.3555389642715454 10.02811336517334      
118 -0.6715735793113708 0.36750996112823486 10.030508041381836      
119 -0.7230489253997803 0.37229835987091064 10.02811336517334      
120 -0.1735796183347702 0.3471592366695404 10.017339706420898      
121 0.2968810200691223 0.33279404044151306 10.011354446411133      
122 0.9349357485771179 0.3124433159828186 9.974244117736816      
123 0.50876784324646 0.3495534360408783 10.050858497619629      
124 -0.2513911724090576 0.3734954595565796 10.062829971313477      
125 -0.7924807667732239 0.38546648621559143 10.046070098876953      
126 -0.2825157940387726 0.37828385829925537 10.061633110046387      
127 0.33997663855552673 0.3663128614425659 10.066421508789062      
128 0.5039794445037842 0.365115761756897 10.049661636352539      
129 0.6739677786827087 0.35673606395721436 10.02452278137207      
130 0.1735796183347702 0.38546648621559143 10.074800491333008      
131 -0.365115761756897 0.4034229815006256 10.103530883789062      
132 -0.9253589510917664 0.3998316824436188 10.101137161254883      
133 -0.2059013396501541 0.40222588181495667 10.102334022521973      
134 0.5039794445037842 0.40462008118629456 10.131064414978027      
135 1.0546458959579468 0.38546648621559143 10.107122421264648      
136 0.5171475410461426 0.3495534360408783 10.029311180114746      
137 -0.1472434103488922 0.363918662071228 10.023324966430664      
138 -0.6440402865409851 0.3902548849582672 10.066421508789062      
139 -0.6548141837120056 0.37469255924224854 10.034099578857422      
140 -0.34356793761253357 0.3627215623855591 9.996989250183105      
141 0.3208230137825012 0.3579331636428833 10.005369186401367      
142 1.0295066833496094 0.3315969407558441 10.02811336517334      
143 0.31364041566848755 0.32202014327049255 9.976638793945312      
144 -0.4381389021873474 0.33758243918418884 9.97065258026123      
145 -0.9385270476341248 0.3627215623855591 10.005369186401367      
146 -0.4357447028160095 0.3579331636428833 10.022128105163574      
147 0.06703764945268631 0.34356793761253357 10.002974510192871      
148 0.5566518902778625 0.3208230137825012 9.981427192687988      
149 0.6153098344802856 0.32680854201316833 10.005369186401367      
150 0.04189852997660637 0.34356793761253357 10.004171371459961      
151 -0.9493009448051453 0.37469255924224854 10.019734382629395      
152 -0.3196259140968323 0.333991140127182 10.007762908935547      
153 0.31364041566848755 0.3232172429561615 9.995792388916016      
154 0.751779317855835 0.31842881441116333 9.974244117736816      
155 0.365115761756897 0.34356793761253357 9.981427192687988      
156 -0.040701430290937424 0.3818751573562622 10.08437728881836      
157 -0.5351040959358215 0.3998316824436188 10.075998306274414      
158 -0.5805938839912415 0.4141969084739685 10.133459091186523      
159 0.0694318488240242 0.40940847992897034 10.139444351196289      
160 0.6320692300796509 0.3878606855869293 10.109517097473145      
161 0.970848798751831 0.35913026332855225 10.05923843383789      
162 0.25258827209472656 0.36152446269989014 10.014945983886719      
163 -0.40940847992897034 0.37828385829925537 10.064026832580566      
164 -0.729034423828125 0.38307225704193115 10.065223693847656      
165 -0.4728548228740692 0.37229835987091064 10.043676376342773      
166 0.019153613597154617 0.3603273630142212 10.037690162658691      
167 0.5267243981361389 0.3471592366695404 10.037690162658691      
168 0.6236895322799683 0.3208230137825012 9.996989250183105      
169 -0.10654197633266449 0.3280056416988373 9.956287384033203      
170 -0.6596025824546814 0.34835633635520935 9.989806175231934      
171 -1.07379949092865 0.36990416049957275 10.02452278137207      
172 -0.4752490520477295 0.33758243918418884 9.987412452697754      
173 0.16400282084941864 0.3292027413845062 9.9586820602417      
174 0.6811503767967224 0.3172317147254944 9.982624053955078      
175 0.5973533391952515 0.33997663855552673 10.007762908935547      
176 -0.0011971008498221636 0.365115761756897 10.02811336517334      
177 -0.6200982332229614 0.3794809579849243 10.02691650390625      
178 -0.6991068720817566 0.37828385829925537 10.031704902648926      
179 -0.06703764945268631 0.3447650372982025 10.031704902648926      
180 0.3495534360408783 0.3196259140968323 9.96825885772705      
181 0.8188169598579407 0.33279404044151306 9.980229377746582      
182 0.48722004890441895 0.3627215623855591 10.08198356628418      
183 -0.23582886159420013 0.3878606855869293 10.08318042755127      
184 -0.8619126081466675 0.3770867586135864 10.055646896362305      
185 -0.43694180250167847 0.3734954595565796 10.035296440124512      
186 0.40222588181495667 0.3531447649002075 10.056844711303711      
187 0.608127236366272 0.3579331636428833 10.05923843383789      
188 0.5877765417098999 0.365115761756897 10.042478561401367      
189 0.14245499670505524 0.38067805767059326 10.073603630065918      
190 -0.363918662071228 0.39384618401527405 10.08318042755127      
191 -0.9516952037811279 0.395043283700943 10.054450035095215      
192 -0.3711012601852417 0.40222588181495667 10.056844711303711      
193 0.3232172429561615 0.3711012601852417 10.04846477508545      
194 1.0295066833496094 0.35434186458587646 10.053253173828125      
195 0.4728548228740692 0.3315969407558441 9.998186111450195      
196 -0.23582886159420013 0.35075053572654724 9.999382972717285      
197 -0.7206547260284424 0.3579331636428833 10.023324966430664      
198 -0.8403648138046265 0.34596213698387146 10.016142845153809      
199 -0.37469255924224854 0.3315969407558441 9.96945571899414      
200 0.22026655077934265 0.32441434264183044 9.95748519897461      
201 0.9026140570640564 0.31124621629714966 9.987412452697754      
202 0.3519476354122162 0.33039984107017517 9.983820915222168      
203 -0.28371289372444153 0.33039984107017517 9.998186111450195      
204 -0.8439561128616333 0.3663128614425659 10.034099578857422      
205 -0.29807811975479126 0.3711012601852417 10.062829971313477      
206 0.14844051003456116 0.365115761756897 10.041281700134277      
207 0.6093243360519409 0.32680854201316833 9.999382972717285      
208 0.6584054827690125 0.34356793761253357 10.068815231323242      
209 0.17956513166427612 0.3687070608139038 10.079588890075684      
210 -0.9289502501487732 0.3878606855869293 10.074800491333008      
211 -0.9289502501487732 0.3878606855869293 10.074800491333008      
212 0.5793967843055725 0.38067805767059326 10.108319282531738      
213 0.9852139949798584 0.36990416049957275 10.072406768798828      
214 0.49559974670410156 0.3818751573562622 10.064026832580566      
215 0.028730420395731926 0.39145198464393616 10.08318042755127      
216 -0.5027823448181152 0.4082113802433014 10.103530883789062      
217 -0.6607996821403503 0.4010287821292877 10.064026832580566      
218 0.017956512048840523 0.38546648621559143 10.071209907531738      
219 0.5961562395095825 0.38546648621559143 10.108319282531738      
220 0.8918401598930359 0.37469255924224854 10.08198356628418      
221 0.20111294090747833 0.3842693865299225 10.06043529510498      
222 -0.24779987335205078 0.3794809579849243 10.055646896362305      
223 -0.7206547260284424 0.37469255924224854 10.062829971313477      
224 -0.5039794445037842 0.36750996112823486 10.038887977600098      
225 -0.05506663769483566 0.35434186458587646 9.996989250183105      
226 0.44771572947502136 0.3387795388698578 10.004171371459961      
227 0.5805938839912415 0.3280056416988373 9.987412452697754      
228 -0.0011971008498221636 0.3447650372982025 9.995792388916016      
229 -0.5039794445037842 0.33997663855552673 9.989806175231934      
230 -1.0079588890075684 0.3794809579849243 10.043676376342773      
231 -0.3256114423274994 0.3794809579849243 10.052056312561035      
232 0.26575639843940735 0.3471592366695404 10.006566047668457      
233 0.9876081943511963 0.3196259140968323 10.002974510192871      
234 0.6404489278793335 0.34596213698387146 10.072406768798828      
235 0.05267243832349777 0.3603273630142212 10.056844711303711      
236 -0.5973533391952515 0.3770867586135864 10.066421508789062      
237 -0.6165069341659546 0.3902548849582672 10.089165687561035      
238 0.1149216815829277 0.3902548849582672 10.121487617492676      
239 0.5997475385665894 0.36152446269989014 10.056844711303711      
240 0.9528923034667969 0.3663128614425659 10.04846477508545      
241 0.5171475410461426 0.36750996112823486 10.073603630065918      
242 -0.25019407272338867 0.3998316824436188 10.095151901245117      
243 -0.828393816947937 0.4010287821292877 10.075998306274414      
244 -0.36990416049957275 0.4010287821292877 10.086771965026855      
245 0.14006079733371735 0.3974374830722809 10.08078670501709      
246 0.6248866319656372 0.38905778527259827 10.091560363769531      
247 0.8008604645729065 0.3663128614425659 10.086771965026855      
248 0.1759738177061081 0.3758896589279175 10.043676376342773      
249 -0.4644751250743866 0.39384618401527405 10.067618370056152      
250 -1.05105459690094 0.38067805767059326 10.044873237609863      
251 -0.49320554733276367 0.36990416049957275 10.019734382629395      
252 0.1759738177061081 0.3627215623855591 10.018536567687988      
253 0.9361328482627869 0.3447650372982025 10.013748168945312      
254 0.5374982953071594 0.333991140127182 10.011354446411133      
255 -0.1628057211637497 0.35434186458587646 10.006566047668457      
256 -0.5758054852485657 0.3603273630142212 10.017339706420898      
257 -0.7565677165985107 0.37828385829925537 10.036493301391602      
258 -0.24420857429504395 0.3423708379268646 9.99459457397461      
259 0.23343466222286224 0.3256114423274994 9.976638793945312      
260 0.9229647517204285 0.31124621629714966 9.982624053955078      
261 0.4034229815006256 0.3208230137825012 9.99220085144043      
262 -0.34356793761253357 0.3519476354122162 10.004171371459961      
263 -0.9205705523490906 0.3902548849582672 10.036493301391602      
264 -0.3363853394985199 0.3770867586135864 10.06043529510498      
265 0.34356793761253357 0.3663128614425659 10.067618370056152      
266 0.7625532150268555 0.36152446269989014 10.062829971313477      
267 0.669179379940033 0.3734954595565796 10.085575103759766      
268 0.10654197633266449 0.3758896589279175 10.062829971313477      
269 -0.4357447028160095 0.3926490843296051 10.077195167541504      
270 -1.0402805805206299 0.4082113802433014 10.062829971313477      
271 -0.3495534360408783 0.3734954595565796 10.043676376342773      
272 0.5147533416748047 0.35673606395721436 10.068815231323242      
273 0.993593692779541 0.37229835987091064 10.068815231323242      
274 -0.015562310814857483 0.39384618401527405 10.086771965026855      
275 -0.5279214978218079 0.3926490843296051 10.08198356628418      
276 -0.7015010714530945 0.3818751573562622 10.035296440124512      
277 -0.21547815203666687 0.36152446269989014 10.013748168945312      
278 0.6129156351089478 0.3579331636428833 10.023324966430664      
279 1.0211269855499268 0.32680854201316833 10.035296440124512      
280 0.22744916379451752 0.3411737382411957 10.017339706420898      
281 -0.37828385829925537 0.3423708379268646 9.985017776489258      
282 -0.8176198601722717 0.36152446269989014 10.02452278137207      
283 -0.5363011956214905 0.3603273630142212 10.018536567687988      
284 -0.10175357013940811 0.3423708379268646 9.981427192687988      
285 0.4034229815006256 0.3256114423274994 9.979032516479492      
286 0.49320554733276367 0.33518823981285095 9.996989250183105      
287 0.1173158809542656 0.34356793761253357 10.018536567687988      
288 -0.47405192255973816 0.36990416049957275 10.02452278137207      
289 -0.9612720012664795 0.39863458275794983 10.0580415725708      
290 -0.17717093229293823 0.37229835987091064 10.056844711303711      
291 0.4106055796146393 0.3363853394985199 10.014945983886719      
292 0.8200140595436096 0.3292027413845062 9.99220085144043      
293 0.6919242739677429 0.35913026332855225 10.061633110046387      
294 0.08978256583213806 0.3818751573562622 10.102334022521973      
295 -0.5482721924781799 0.3974374830722809 10.08198356628418      
296 -0.6212953329086304 0.3770867586135864 10.062829971313477      
297 -0.033518824726343155 0.3603273630142212 10.050858497619629      
298 0.5410895943641663 0.36152446269989014 10.085575103759766      
299 0.9864110946655273 0.363918662071228 10.08198356628418      
300 0.4381389021873474 0.39145198464393616 10.095151901245117      
301 -0.3531447649002075 0.4165911078453064 10.095151901245117      
302 -0.8188169598579407 0.38546648621559143 10.071209907531738      
303 -0.43694180250167847 0.3926490843296051 10.075998306274414      
304 0.040701430290937424 0.3818751573562622 10.050858497619629      
305 0.52552729845047 0.3734954595565796 10.070012092590332      
306 0.6141127347946167 0.35434186458587646 10.049661636352539      
307 0.0454898327589035 0.3734954595565796 10.041281700134277      
308 -0.46327802538871765 0.36152446269989014 10.034099578857422      
309 -1.0570400953292847 0.37828385829925537 10.042478561401367      
310 -0.5099649429321289 0.35913026332855225 10.020931243896484      
311 0.12689268589019775 0.34835633635520935 9.99220085144043      
312 0.910993754863739 0.3280056416988373 9.999382972717285      
313 0.5051765441894531 0.3280056416988373 9.996989250183105      
314 -0.15083470940589905 0.3256114423274994 9.97065258026123      
315 -0.629675030708313 0.3495534360408783 10.002974510192871      
316 -0.7362170219421387 0.363918662071228 10.017339706420898      
317 -0.10055647045373917 0.3447650372982025 10.02571964263916      
318 0.33279404044151306 0.33518823981285095 9.980229377746582      
319 0.8810662031173706 0.33039984107017517 9.99100399017334      
320 0.37828385829925537 0.33758243918418884 10.022128105163574      
321 -0.2777273952960968 0.36750996112823486 10.036493301391602      
322 -0.8655039072036743 0.39145198464393616 10.061633110046387      
323 -0.41539400815963745 0.3842693865299225 10.062829971313477      
324 0.365115761756897 0.35673606395721436 10.062829971313477      
325 0.7625532150268555 0.3579331636428833 10.056844711303711      
326 0.8068459630012512 0.3711012601852417 10.0580415725708      
327 0.2059013396501541 0.3974374830722809 10.110713958740234      
328 -0.9397241473197937 0.4010287821292877 10.08437728881836      
329 -0.9397241473197937 0.4010287821292877 10.08437728881836      
330 -0.40222588181495667 0.36990416049957275 10.02452278137207      
331 0.40701428055763245 0.3663128614425659 10.050858497619629      
332 0.5327098965644836 0.39145198464393616 10.08437728881836      
333 -0.1280897855758667 0.39624038338661194 10.090363502502441      
334 -0.5626373887062073 0.36750996112823486 10.035296440124512      
335 -0.6883329749107361 0.3711012601852417 10.038887977600098      
336 -0.2454056739807129 0.3579331636428833 10.016142845153809      
337 0.2849099934101105 0.35434186458587646 10.02691650390625      
338 1.047463297843933 0.3208230137825012 10.041281700134277      
339 0.2106897532939911 0.3280056416988373 9.959878921508789      
340 -0.4273650050163269 0.3232172429561615 9.963470458984375      
341 -0.9157821536064148 0.3603273630142212 10.013748168945312      
342 -0.4106055796146393 0.36152446269989014 10.041281700134277      
343 0.15921440720558167 0.3495534360408783 10.02691650390625      
344 0.6189011335372925 0.33279404044151306 10.010157585144043      
345 0.7026981711387634 0.32441434264183044 10.002974510192871      
346 0.11372458189725876 0.32202014327049255 9.99100399017334      
347 -0.5159504413604736 0.365115761756897 10.050858497619629      
348 -0.9301473498344421 0.38546648621559143 10.05923843383789      
349 -0.23582886159420013 0.36152446269989014 10.075998306274414      
350 0.42616790533065796 0.35075053572654724 10.062829971313477      
351 0.8571242094039917 0.3363853394985199 10.000580787658691      
352 0.5147533416748047 0.3471592366695404 10.000580787658691      
353 -0.0802057534456253 0.36990416049957275 10.029311180114746      
354 -0.5614402890205383 0.38546648621559143 10.052056312561035      
355 -0.6572083830833435 0.3926490843296051 10.043676376342773      
356 -0.010773907415568829 0.3878606855869293 10.08078670501709      
357 0.6021417379379272 0.37828385829925537 10.101137161254883      
358 0.8523358106613159 0.37828385829925537 10.075998306274414      
359 0.2214636504650116 0.39384618401527405 10.074800491333008      
360 -0.4213795065879822 0.38546648621559143 10.096348762512207      
361 -0.7194576263427734 0.3758896589279175 10.054450035095215      
362 -0.49799394607543945 0.37229835987091064 10.0580415725708      
363 -0.016759412363171577 0.365115761756897 10.034099578857422      
364 0.5351040959358215 0.35434186458587646 10.042478561401367      
365 0.5770025849342346 0.33758243918418884 10.007762908935547      
366 0.038307227194309235 0.37469255924224854 10.034099578857422      
367 -0.4225766062736511 0.3603273630142212 10.034099578857422      
368 -0.9720458984375 0.37828385829925537 10.053253173828125      
369 0.25258827209472656 0.333991140127182 9.976638793945312      
370 0.25258827209472656 0.333991140127182 9.976638793945312      
371 0.912190854549408 0.31364041566848755 9.959878921508789      
372 -0.1280897855758667 0.3387795388698578 9.99220085144043      
373 -0.6332663297653198 0.3579331636428833 10.019734382629395      
374 -0.7218518257141113 0.38307225704193115 10.064026832580566      
375 -0.090979665517807 0.3519476354122162 10.050858497619629      
376 0.395043283700943 0.3292027413845062 10.007762908935547      
377 0.9433154463768005 0.33997663855552673 10.008959770202637      
378 0.3974374830722809 0.34356793761253357 10.012551307678223      
379 -0.30047231912612915 0.38307225704193115 10.040084838867188      
380 -0.8870517015457153 0.3842693865299225 10.042478561401367      
381 -0.365115761756897 0.3818751573562622 10.053253173828125      
382 0.43694180250167847 0.3758896589279175 10.097545623779297      
383 0.6212953329086304 0.3878606855869293 10.104728698730469      
384 0.6703764796257019 0.365115761756897 10.067618370056152      
385 0.2537853717803955 0.38067805767059326 10.087968826293945      
386 -0.43933600187301636 0.4010287821292877 10.08318042755127      
387 -0.9840168952941895 0.39384618401527405 10.061633110046387      
388 -0.37469255924224854 0.3926490843296051 10.05923843383789      
389 0.3076549172401428 0.38067805767059326 10.0580415725708      
390 0.9457096457481384 0.35434186458587646 10.047266960144043      
391 0.5303156971931458 0.365115761756897 10.041281700134277      
392 -0.08738835901021957 0.38307225704193115 10.08318042755127      
393 -0.48482584953308105 0.3866635859012604 10.08437728881836      
394 -0.5303156971931458 0.3866635859012604 10.101137161254883      
395 -0.07182604819536209 0.3627215623855591 10.030508041381836      
396 0.3100491166114807 0.3423708379268646 10.001777648925781      
397 1.0881646871566772 0.31364041566848755 10.046070098876953      
398 0.18555063009262085 0.34356793761253357 9.99459457397461      
399 -0.3770867586135864 0.33518823981285095 9.981427192687988      
400 -0.8547300100326538 0.35673606395721436 10.018536567687988      
401 -0.3711012601852417 0.3519476354122162 10.042478561401367      
402 0.21428105235099792 0.3363853394985199 10.016142845153809      
403 0.5793967843055725 0.33997663855552673 10.008959770202637      
404 0.606930136680603 0.33758243918418884 10.008959770202637      
405 -0.04429273307323456 0.33279404044151306 9.9586820602417      
406 -0.5758054852485657 0.3531447649002075 9.979032516479492      
407 -1.0618284940719604 0.3687070608139038 10.032901763916016      
408 -0.4465186297893524 0.36750996112823486 10.02811336517334      
409 0.4106055796146393 0.3495534360408783 10.031704902648926      
410 0.8966285586357117 0.3603273630142212 10.041281700134277      
411 0.7170634269714355 0.365115761756897 10.08078670501709      
412 0.04189852997660637 0.3842693865299225 10.074800491333008      
413 -0.5746083855628967 0.39624038338661194 10.075998306274414      
414 -0.5674257874488831 0.3734954595565796 10.047266960144043      
415 -0.5674257874488831 0.36990416049957275 10.046070098876953      
416 0.5841852426528931 0.37469255924224854 10.08318042755127      
417 0.9457096457481384 0.3734954595565796 10.068815231323242      
418 0.3411737382411957 0.3902548849582672 10.111910820007324      
419 -0.25498247146606445 0.4010287821292877 10.08318042755127      
420 -0.9361328482627869 0.38307225704193115 10.04846477508545      
421 -0.031124621629714966 0.35913026332855225 10.017339706420898      
422 0.5195417404174805 0.3411737382411957 10.017339706420898      
423 0.5434837937355042 0.33279404044151306 10.006566047668457      
424 0.5434837937355042 0.33279404044151306 10.006566047668457      
425 -0.4920084476470947 0.3531447649002075 10.012551307678223      
426 -1.035492181777954 0.3627215623855591 10.030508041381836      
427 -1.035492181777954 0.3627215623855591 10.030508041381836      
428 0.21308395266532898 0.3172317147254944 9.973047256469727      
429 0.8870517015457153 0.3016694188117981 9.93474006652832      
430 0.38546648621559143 0.3172317147254944 9.940725326538086      
431 -0.15442600846290588 0.3208230137825012 9.963470458984375      
432 -0.7793126702308655 0.3471592366695404 9.99459457397461      
433 -0.7996633648872375 0.3758896589279175 10.050858497619629      
434 0.04668693244457245 0.3627215623855591 10.070012092590332      
435 0.5961562395095825 0.3495534360408783 10.061633110046387      
436 1.0785878896713257 0.3627215623855591 10.070012092590332      
437 0.4620809257030487 0.35075053572654724 10.041281700134277      
438 -0.35434186458587646 0.37469255924224854 10.041281700134277      
439 -0.9516952037811279 0.3974374830722809 10.072406768798828      
440 -0.36152446269989014 0.38307225704193115 10.072406768798828      
441 0.4141969084739685 0.3770867586135864 10.104728698730469      
442 0.8008604645729065 0.38546648621559143 10.11669921875      
443 0.629675030708313 0.38067805767059326 10.052056312561035      
444 0.18315643072128296 0.3734954595565796 10.070012092590332      
445 -0.3866635859012604 0.3734954595565796 10.062829971313477      
446 -1.035492181777954 0.38546648621559143 10.062829971313477      
447 -0.5315127968788147 0.3818751573562622 10.022128105163574      
448 0.19871874153614044 0.365115761756897 10.02571964263916      
449 0.8595184087753296 0.34835633635520935 10.034099578857422      
450 0.5123591423034668 0.35913026332855225 10.037690162658691      
451 -0.05626374110579491 0.36990416049957275 10.046070098876953      
452 -0.629675030708313 0.365115761756897 10.012551307678223      
453 -0.5674257874488831 0.37229835987091064 10.047266960144043      
454 -0.21428105235099792 0.35913026332855225 10.031704902648926      
455 0.3100491166114807 0.33758243918418884 9.99339771270752      
456 0.9564836025238037 0.31603461503982544 10.013748168945312      
457 0.1735796183347702 0.3292027413845062 9.99220085144043      
458 -0.39384618401527405 0.3232172429561615 9.971850395202637      
459 -0.9050082564353943 0.36152446269989014 10.031704902648926      
460 -0.30885201692581177 0.3555389642715454 10.044873237609863      
461 0.1999158412218094 0.34596213698387146 10.031704902648926      
462 0.6189011335372925 0.3315969407558441 10.005369186401367      
463 0.6943184733390808 0.32441434264183044 10.007762908935547      
464 0.07182604819536209 0.34356793761253357 9.99339771270752      
465 -0.5506663918495178 0.3770867586135864 10.0580415725708      
466 -1.0067617893218994 0.3902548849582672 10.04846477508545      
467 -0.16998831927776337 0.35913026332855225 10.054450035095215      
468 0.4776432514190674 0.3519476354122162 10.06043529510498      
469 0.9074024558067322 0.3555389642715454 10.04846477508545      
470 0.7122750282287598 0.35913026332855225 10.053253173828125      
471 -0.014365210197865963 0.39624038338661194 10.107122421264648      
472 -0.5566518902778625 0.4082113802433014 10.11669921875      
473 -0.49320554733276367 0.38546648621559143 10.071209907531738      
474 0.061052143573760986 0.3878606855869293 10.086771965026855      
475 0.5925649404525757 0.39384618401527405 10.11430549621582      
476 0.9864110946655273 0.38067805767059326 10.08078670501709      
477 0.44173020124435425 0.3866635859012604 10.099940299987793      
478 -0.18555063009262085 0.3998316824436188 10.091560363769531      
479 -0.6739677786827087 0.38546648621559143 10.078392028808594      
480 -0.47644615173339844 0.3770867586135864 10.049661636352539      
481 -0.04429273307323456 0.3627215623855591 10.017339706420898      
482 0.5147533416748047 0.3447650372982025 10.013748168945312      
483 0.5925649404525757 0.3471592366695404 10.023324966430664      
484 0.03950432687997818 0.3603273630142212 10.041281700134277      
485 -0.5722141861915588 0.35673606395721436 10.032901763916016      
486 -1.0295066833496094 0.3770867586135864 10.036493301391602      
487 -0.30047231912612915 0.3387795388698578 10.006566047668457      
488 0.33279404044151306 0.3148375153541565 9.96945571899414      
489 0.9445125460624695 0.32202014327049255 9.99339771270752      
490 -0.20949265360832214 0.33279404044151306 9.980229377746582      
491 -0.6200982332229614 0.3555389642715454 10.005369186401367      
492 -0.7086837291717529 0.3818751573562622 10.071209907531738      
493 -0.0035913025494664907 0.365115761756897 10.062829971313477      
494 0.5027823448181152 0.35075053572654724 10.052056312561035      
495 1.0450690984725952 0.3471592366695404 10.013748168945312      
496 0.5015852451324463 0.3531447649002075 10.053253173828125      
497 -0.2777273952960968 0.3902548849582672 10.073603630065918      
498 -0.993593692779541 0.40222588181495667 10.074800491333008      
499 -0.5518634915351868 0.3794809579849243 10.02452278137207      
500 0.2801215946674347 0.3495534360408783 10.02452278137207      
501 0.545877993106842 0.3579331636428833 10.056844711303711      
502 0.730231523513794 0.365115761756897 10.087968826293945      
503 0.26096799969673157 0.3758896589279175 10.086771965026855      
504 -0.45010992884635925 0.39863458275794983 10.089165687561035      
505 -1.0043675899505615 0.3818751573562622 10.070012092590332      
506 -0.4908113479614258 0.36152446269989014 9.99220085144043      
507 0.24779987335205078 0.35913026332855225 10.02811336517334      
508 0.9014169573783875 0.3519476354122162 10.035296440124512      
509 0.47644615173339844 0.365115761756897 10.046070098876953      
510 -0.09457096457481384 0.3878606855869293 10.0580415725708      
511 -0.608127236366272 0.3842693865299225 10.037690162658691      
512 -0.5770025849342346 0.37229835987091064 10.054450035095215      
513 -0.2537853717803955 0.3555389642715454 10.006566047668457      
514 0.3794809579849243 0.33039984107017517 9.959878921508789      
515 0.9205705523490906 0.31842881441116333 10.006566047668457      
516 0.11252748221158981 0.3411737382411957 9.983820915222168      
517 -0.35673606395721436 0.333991140127182 9.977835655212402      
518 -0.8475474119186401 0.35913026332855225 10.02691650390625      
519 -0.42018240690231323 0.3818751573562622 10.053253173828125      
520 0.21787235140800476 0.3555389642715454 10.042478561401367      
521 0.6643909811973572 0.33279404044151306 10.004171371459961      
522 0.7098808288574219 0.3519476354122162 10.043676376342773      
523 0.15442600846290588 0.3519476354122162 10.032901763916016      
524 -0.4537012279033661 0.38307225704193115 10.061633110046387      
525 -1.0845733880996704 0.39624038338661194 10.034099578857422      
526 -0.33758243918418884 0.3687070608139038 10.029311180114746      
527 0.40462008118629456 0.363918662071228 10.061633110046387      
528 0.9050082564353943 0.3794809579849243 10.086771965026855      
529 0.7781155705451965 0.36990416049957275 10.085575103759766      
530 0.023942016065120697 0.37828385829925537 10.097545623779297      
531 -0.5793967843055725 0.38307225704193115 10.073603630065918      
532 -0.5937620401382446 0.36990416049957275 10.034099578857422      
533 -0.09696517139673233 0.363918662071228 10.032901763916016      
534 0.524330198764801 0.36750996112823486 10.074800491333008      
535 0.950498104095459 0.34596213698387146 10.043676376342773      
536 0.23942017555236816 0.3531447649002075 10.008959770202637      
537 -0.23822307586669922 0.36152446269989014 10.049661636352539      
538 -0.6823474764823914 0.3603273630142212 10.038887977600098      
539 -0.4620809257030487 0.36152446269989014 10.02811336517334      
540 -0.07302315533161163 0.3471592366695404 9.998186111450195      
541 0.47165772318840027 0.333991140127182 10.014945983886719      
542 0.4752490520477295 0.333991140127182 10.02571964263916      
543 -0.0011971008498221636 0.34835633635520935 10.013748168945312      
544 -0.9014169573783875 0.37828385829925537 10.053253173828125      
545 -0.9014169573783875 0.37828385829925537 10.053253173828125      
546 0.4010287821292877 0.33518823981285095 10.008959770202637      
547 0.99479079246521 0.3315969407558441 10.000580787658691      
548 0.46567222476005554 0.333991140127182 10.004171371459961      
549 -0.07422025501728058 0.333991140127182 9.973047256469727      
550 -0.7182605266571045 0.363918662071228 9.995792388916016      
551 -0.7206547260284424 0.37828385829925537 10.055646896362305      
552 -0.019153613597154617 0.363918662071228 10.067618370056152      
553 0.5123591423034668 0.3423708379268646 10.030508041381836      
554 0.9289502501487732 0.34356793761253357 10.023324966430664      
555 0.35434186458587646 0.3519476354122162 10.053253173828125      
556 -0.3280056416988373 0.39145198464393616 10.073603630065918      
557 -0.8571242094039917 0.3902548849582672 10.072406768798828      
558 -0.5231330990791321 0.3734954595565796 10.047266960144043      
559 -0.026336219161748886 0.3663128614425659 10.0580415725708      
560 0.4692635238170624 0.3734954595565796 10.056844711303711      
561 0.6105214357376099 0.36152446269989014 10.02691650390625      
562 0.1711854189634323 0.3758896589279175 10.067618370056152      
563 -0.42377370595932007 0.3818751573562622 10.055646896362305      
564 -0.9600749015808105 0.38546648621559143 10.037690162658691      
565 -0.40462008118629456 0.3866635859012604 10.047266960144043      
566 0.24420857429504395 0.3878606855869293 10.055646896362305      
567 0.9493009448051453 0.3531447649002075 10.04846477508545      
568 0.5327098965644836 0.3579331636428833 10.032901763916016      
569 -0.09935937076807022 0.3663128614425659 10.029311180114746      
570 -0.6991068720817566 0.363918662071228 10.017339706420898      
571 -0.788889467716217 0.365115761756897 10.016142845153809      
572 -0.008379706181585789 0.3315969407558441 9.998186111450195      
573 0.35673606395721436 0.31603461503982544 9.976638793945312      
574 0.9588778018951416 0.31364041566848755 9.998186111450195      
575 0.22744916379451752 0.32441434264183044 9.964667320251465      
576 -0.3100491166114807 0.33997663855552673 10.004171371459961      
577 -0.871489405632019 0.36750996112823486 10.041281700134277      
578 -0.34596213698387146 0.365115761756897 10.054450035095215      
579 0.3196259140968323 0.3603273630142212 10.064026832580566      
580 0.7266402244567871 0.3555389642715454 10.065223693847656      
581 0.6859387755393982 0.3663128614425659 10.08437728881836      
582 0.10773907601833344 0.365115761756897 10.072406768798828      
583 -0.39863458275794983 0.3818751573562622 10.078392028808594      
584 -1.01753568649292 0.3902548849582672 10.052056312561035      
585 -0.3974374830722809 0.3878606855869293 10.06043529510498      
586 0.40940847992897034 0.3687070608139038 10.070012092590332      
587 0.8966285586357117 0.35913026332855225 10.038887977600098      
588 0.5638344883918762 0.365115761756897 10.04846477508545      
589 -0.04908113554120064 0.3818751573562622 10.085575103759766      
590 -0.5901707410812378 0.38546648621559143 10.070012092590332      
591 -0.6272808313369751 0.3663128614425659 10.036493301391602      
592 -0.20470423996448517 0.35075053572654724 10.012551307678223      
593 0.3363853394985199 0.35434186458587646 10.02811336517334      
594 0.8343793153762817 0.3423708379268646 10.02691650390625      
595 0.2801215946674347 0.3663128614425659 10.038887977600098      
596 -0.2346317619085312 0.37828385829925537 10.068815231323242      
597 -0.7541735172271729 0.3758896589279175 10.047266960144043      
598 -0.4489128291606903 0.3471592366695404 10.02452278137207      
599 -0.009576806798577309 0.3423708379268646 10.000580787658691      
600 0.5051765441894531 0.33279404044151306 10.014945983886719      
601 0.5374982953071594 0.32680854201316833 9.995792388916016      
602 -0.09217676520347595 0.33758243918418884 9.973047256469727      
603 -0.585382342338562 0.3471592366695404 10.001777648925781      
604 -1.0893617868423462 0.3711012601852417 10.022128105163574      
605 -0.27892449498176575 0.3627215623855591 10.029311180114746      
606 0.3232172429561615 0.33997663855552673 10.02811336517334      
607 0.8667010068893433 0.35434186458587646 10.041281700134277      
608 0.05746084079146385 0.36152446269989014 10.02811336517334      
609 -0.6009446382522583 0.3770867586135864 10.049661636352539      
610 -0.790086567401886 0.3818751573562622 10.043676376342773      
611 -0.790086567401886 0.3818751573562622 10.043676376342773      
612 0.5530605912208557 0.365115761756897 10.032901763916016      
613 1.0295066833496094 0.3711012601852417 10.071209907531738      
614 0.547075092792511 0.37828385829925537 10.145429611206055      
615 -0.2849099934101105 0.40222588181495667 10.107122421264648      
616 -0.912190854549408 0.3866635859012604 10.062829971313477      
617 -0.4692635238170624 0.36990416049957275 10.036493301391602      
618 -0.010773907415568829 0.3734954595565796 10.047266960144043      
619 0.45848962664604187 0.3711012601852417 10.054450035095215      
620 0.6212953329086304 0.3447650372982025 10.008959770202637      
621 0.16519992053508759 0.363918662071228 10.066421508789062      
622 -0.4991910457611084 0.38067805767059326 10.066421508789062      
623 -1.0211269855499268 0.3687070608139038 10.02691650390625      
624 -0.3387795388698578 0.365115761756897 10.019734382629395      
625 0.25498247146606445 0.33997663855552673 9.981427192687988      
626 0.9217676520347595 0.31842881441116333 9.995792388916016      
627 0.2885012924671173 0.34596213698387146 9.981427192687988      
628 -0.31603461503982544 0.3555389642715454 9.99100399017334      
629 -0.6428431272506714 0.3603273630142212 10.011354446411133      
630 -0.8439561128616333 0.3770867586135864 10.02691650390625      
631 -0.040701430290937424 0.365115761756897 10.055646896362305      
632 0.4800374507904053 0.33758243918418884 10.030508041381836      
633 0.9900023937225342 0.33279404044151306 10.019734382629395      
634 0.2322375625371933 0.3555389642715454 10.004171371459961      
635 -0.3064578175544739 0.35913026332855225 10.031704902648926      
636 -0.851138710975647 0.38067805767059326 10.068815231323242      
637 -0.4118026793003082 0.363918662071228 10.032901763916016      
638 0.2753331959247589 0.3447650372982025 10.022128105163574      
639 0.6967126727104187 0.3363853394985199 10.035296440124512      
640 0.6859387755393982 0.3555389642715454 10.072406768798828      
641 0.14245499670505524 0.37229835987091064 10.08078670501709      
642 -0.3531447649002075 0.39863458275794983 10.089165687561035      
643 -0.9385270476341248 0.39863458275794983 10.08198356628418      
644 -0.3998316824436188 0.36750996112823486 10.02811336517334      
645 0.33997663855552673 0.3555389642715454 10.035296440124512      
646 0.8583213090896606 0.3579331636428833 10.036493301391602      
647 0.5111620426177979 0.34835633635520935 10.036493301391602      
648 -0.14365209639072418 0.3663128614425659 10.031704902648926      
649 -0.6655880808830261 0.38067805767059326 10.032901763916016      
650 -0.5793967843055725 0.36750996112823486 10.035296440124512      
651 -0.08978256583213806 0.3687070608139038 10.041281700134277      
652 0.40701428055763245 0.35673606395721436 10.020931243896484      
653 0.872686505317688 0.34356793761253357 10.019734382629395      
654 0.3974374830722809 0.3603273630142212 10.062829971313477      
655 -0.25019407272338867 0.37469255924224854 10.056844711303711      
656 -0.7206547260284424 0.3818751573562622 10.070012092590332      
657 -0.3172317147254944 0.3711012601852417 10.073603630065918      
658 0.08379705995321274 0.35673606395721436 10.036493301391602      
659 0.5123591423034668 0.3423708379268646 10.023324966430664      
660 0.6356605291366577 0.3256114423274994 10.007762908935547      
661 -0.5662286877632141 0.3555389642715454 10.02691650390625      
662 -1.0079588890075684 0.36750996112823486 10.035296440124512      
663 -0.2082955539226532 0.3711012601852417 10.070012092590332      
664 0.48961424827575684 0.3447650372982025 10.056844711303711      
665 0.9744400978088379 0.34596213698387146 10.018536567687988      
666 0.5793967843055725 0.3579331636428833 10.038887977600098      
667 -0.0011971008498221636 0.363918662071228 10.035296440124512      
668 -0.608127236366272 0.395043283700943 10.08198356628418      
669 -0.628477931022644 0.3902548849582672 10.078392028808594      
670 -0.07661445438861847 0.3758896589279175 10.05923843383789      
671 0.4812345504760742 0.3758896589279175 10.061633110046387      
672 0.9409212470054626 0.3555389642715454 10.046070098876953      
673 0.47884035110473633 0.3471592366695404 10.049661636352539      
674 -0.3663128614425659 0.38546648621559143 10.061633110046387      
675 -0.889445960521698 0.3902548849582672 10.054450035095215      
676 -0.4213795065879822 0.3926490843296051 10.070012092590332      
677 0.04429273307323456 0.3842693865299225 10.066421508789062      
678 0.5506663918495178 0.3603273630142212 10.050858497619629      
679 0.6272808313369751 0.333991140127182 10.02452278137207      
680 0.040701430290937424 0.35913026332855225 10.030508041381836      
681 -0.4405331015586853 0.3627215623855591 10.035296440124512      
682 -0.9050082564353943 0.37469255924224854 10.053253173828125      
683 -0.3531447649002075 0.3818751573562622 10.0580415725708      
684 0.27413609623908997 0.363918662071228 10.020931243896484      
685 0.9552865028381348 0.3363853394985199 10.022128105163574      
686 0.4405331015586853 0.35913026332855225 10.034099578857422      
687 -0.19033902883529663 0.3603273630142212 10.042478561401367      
688 -0.568622887134552 0.3579331636428833 10.017339706420898      
689 -0.7697358727455139 0.38067805767059326 10.06043529510498      
690 -0.1496376097202301 0.36152446269989014 10.066421508789062      
691 0.46088382601737976 0.33758243918418884 10.032901763916016      
692 0.9876081943511963 0.34356793761253357 10.019734382629395      
693 0.44532153010368347 0.35434186458587646 10.05923843383789      
694 -0.33039984107017517 0.37469255924224854 10.073603630065918      
695 -0.9265560507774353 0.38905778527259827 10.043676376342773      
696 -0.395043283700943 0.3878606855869293 10.064026832580566      
697 0.3842693865299225 0.3687070608139038 10.089165687561035      
698 0.7924807667732239 0.3687070608139038 10.075998306274414      
699 0.6572083830833435 0.37229835987091064 10.08318042755127      
700 0.20949265360832214 0.36750996112823486 10.071209907531738      
701 -0.3531447649002075 0.40222588181495667 10.104728698730469      
702 -0.9864110946655273 0.3902548849582672 10.065223693847656      
703 -0.44412440061569214 0.3734954595565796 10.02571964263916      
704 0.243011474609375 0.365115761756897 10.035296440124512      
705 0.9038111567497253 0.3519476354122162 10.052056312561035      
706 0.5877765417098999 0.3603273630142212 10.067618370056152      
707 -0.061052143573760986 0.3926490843296051 10.08078670501709      
708 -0.6057330369949341 0.3902548849582672 10.073603630065918      
709 -0.49799394607543945 0.3711012601852417 10.02811336517334      
710 -0.06344634294509888 0.35673606395721436 9.999382972717285      
711 0.3687070608139038 0.3447650372982025 10.013748168945312      
712 1.0007762908935547 0.33518823981285095 10.012551307678223      
713 0.2908954918384552 0.3555389642715454 10.006566047668457      
714 -0.31603461503982544 0.3495534360408783 9.999382972717285      
715 -0.8343793153762817 0.3770867586135864 10.032901763916016      
716 -0.333991140127182 0.3663128614425659 10.062829971313477      
717 0.14245499670505524 0.35673606395721436 10.019734382629395      
718 0.5159504413604736 0.333991140127182 9.996989250183105      
719 0.6416460275650024 0.33039984107017517 9.99459457397461      
720 0.04908113554120064 0.33997663855552673 10.010157585144043      
721 -0.5183446407318115 0.35673606395721436 10.020931243896484      
722 -1.0211269855499268 0.3758896589279175 10.02571964263916      
723 -0.5063736438751221 0.35673606395721436 10.006566047668457      
724 0.3603273630142212 0.3411737382411957 10.011354446411133      
725 0.849941611289978 0.35913026332855225 10.040084838867188      
726 0.015562310814857483 0.3579331636428833 10.042478561401367      
727 -0.6236895322799683 0.3794809579849243 10.068815231323242      
728 -0.6811503767967224 0.3531447649002075 10.012551307678223      
729 -0.0933738648891449 0.34356793761253357 10.018536567687988      
730 0.45010992884635925 0.3627215623855591 10.065223693847656      
731 0.9612720012664795 0.3603273630142212 10.050858497619629      
732 0.3734954595565796 0.35673606395721436 10.036493301391602      
733 -0.4034229815006256 0.3866635859012604 10.05923843383789      
734 -0.7362170219421387 0.37828385829925537 10.044873237609863      
735 -0.4129997789859772 0.3794809579849243 10.044873237609863      
736 0.043095629662275314 0.36990416049957275 10.046070098876953      
737 0.52552729845047 0.35075053572654724 10.02452278137207      
738 0.6165069341659546 0.333991140127182 10.017339706420898      
739 -0.02274491637945175 0.3663128614425659 10.016142845153809      
740 -0.5111620426177979 0.36750996112823486 10.02452278137207      
741 -0.9528923034667969 0.38067805767059326 10.040084838867188      
742 -0.16879121959209442 0.3663128614425659 10.041281700134277      
743 0.4189853072166443 0.34596213698387146 10.016142845153809      
744 0.9768342971801758 0.3292027413845062 10.006566047668457      
745 0.3627215623855591 0.34596213698387146 9.99100399017334      
746 -0.07900865375995636 0.3603273630142212 10.008959770202637      
747 -0.608127236366272 0.3687070608139038 10.029311180114746      
748 -0.706289529800415 0.38546648621559143 10.04846477508545      
749 -0.002394201699644327 0.365115761756897 10.061633110046387      
750 0.5363011956214905 0.34596213698387146 10.054450035095215      
751 1.0031704902648926 0.35434186458587646 10.043676376342773      
752 0.38546648621559143 0.35673606395721436 10.064026832580566      
753 -0.2537853717803955 0.3818751573562622 10.075998306274414      
754 -0.8523358106613159 0.39384618401527405 10.075998306274414      
755 -0.42377370595932007 0.3974374830722809 10.073603630065918      
756 0.30047231912612915 0.3878606855869293 10.087968826293945      
757 0.8092401623725891 0.3842693865299225 10.08437728881836      
758 0.7829039692878723 0.363918662071228 10.067618370056152      
759 0.18555063009262085 0.35075053572654724 10.035296440124512      
760 -0.49320554733276367 0.3758896589279175 10.052056312561035      
761 -1.0330979824066162 0.38546648621559143 10.047266960144043      
762 -0.4141969084739685 0.3758896589279175 10.04846477508545      
763 0.2908954918384552 0.36750996112823486 10.052056312561035      
764 0.9457096457481384 0.35075053572654724 10.042478561401367      
765 0.4405331015586853 0.3387795388698578 9.999382972717285      
766 -0.17956513166427612 0.3687070608139038 10.02811336517334      
767 -0.5805938839912415 0.38067805767059326 10.073603630065918      
768 -0.49799394607543945 0.38307225704193115 10.068815231323242      
769 -0.035913024097681046 0.3555389642715454 10.016142845153809      
770 0.3627215623855591 0.3280056416988373 10.002974510192871      
771 0.9612720012664795 0.3124433159828186 9.995792388916016      
772 0.22385786473751068 0.3387795388698578 9.99339771270752      
773 -0.38067805767059326 0.3495534360408783 10.005369186401367      
774 -0.9457096457481384 0.3711012601852417 10.013748168945312      
775 -0.3794809579849243 0.3663128614425659 10.047266960144043      
776 0.333991140127182 0.3579331636428833 10.071209907531738      
777 0.7445967197418213 0.3555389642715454 10.06043529510498      
778 0.13527239859104156 0.35673606395721436 10.056844711303711      
779 -0.47405192255973816 0.36750996112823486 10.072406768798828      
780 -0.9888052940368652 0.38905778527259827 10.046070098876953      
781 -0.33039984107017517 0.3687070608139038 10.061633110046387      
782 0.45010992884635925 0.35434186458587646 10.043676376342773      
783 0.9397241473197937 0.3531447649002075 10.02691650390625      
784 0.6404489278793335 0.37828385829925537 10.061633110046387      
785 -0.02274491637945175 0.3998316824436188 10.093954086303711      
786 -0.6009446382522583 0.40222588181495667 10.054450035095215      
787 -0.6787561774253845 0.3842693865299225 10.046070098876953      
788 -0.14604631066322327 0.3579331636428833 10.02811336517334      
789 0.3770867586135864 0.36750996112823486 10.043676376342773      
790 0.8678981065750122 0.3423708379268646 10.038887977600098      
791 0.25498247146606445 0.333991140127182 9.987412452697754      
792 -0.3555389642715454 0.36152446269989014 10.02571964263916      
793 -0.8906430602073669 0.37469255924224854 10.04846477508545      
794 -0.4800374507904053 0.3555389642715454 10.02691650390625      
795 -0.4800374507904053 0.3519476354122162 10.004171371459961      
796 0.5578489899635315 0.3519476354122162 10.032901763916016      
797 0.5937620401382446 0.34356793761253357 10.029311180114746      
798 0.031124621629714966 0.363918662071228 10.011354446411133      
799 -0.4800374507904053 0.34596213698387146 9.987412452697754      
800 -1.0307037830352783 0.36152446269989014 10.035296440124512      
801 -0.39145198464393616 0.35913026332855225 10.022128105163574      
802 0.3076549172401428 0.3387795388698578 10.010157585144043      
803 1.0007762908935547 0.3172317147254944 9.999382972717285      
804 0.5267243981361389 0.3423708379268646 10.043676376342773      
805 -0.023942016065120697 0.34356793761253357 10.011354446411133      
806 -0.6643909811973572 0.37229835987091064 10.041281700134277      
807 -0.7350199222564697 0.3770867586135864 10.02811336517334      
808 -0.07302315533161163 0.34835633635520935 10.008959770202637      
809 0.4752490520477295 0.3471592366695404 10.036493301391602      
810 0.8619126081466675 0.36750996112823486 10.049661636352539      
811 0.27413609623908997 0.36750996112823486 10.042478561401367      
812 -0.33518823981285095 0.37469255924224854 10.037690162658691      
813 -0.9026140570640564 0.3842693865299225 10.043676376342773      
814 -0.39624038338661194 0.3770867586135864 10.04846477508545      
815 0.25498247146606445 0.365115761756897 10.041281700134277      
816 0.5770025849342346 0.3711012601852417 10.062829971313477      
817 0.8212111592292786 0.35673606395721436 10.073603630065918      
818 0.20470423996448517 0.36750996112823486 10.05923843383789      
819 -0.43694180250167847 0.39624038338661194 10.068815231323242      
820 -1.01753568649292 0.3974374830722809 10.068815231323242      
821 -0.39863458275794983 0.37828385829925537 10.038887977600098      
822 0.22266076505184174 0.36152446269989014 10.010157585144043      
823 0.9373299479484558 0.3411737382411957 10.020931243896484      
824 0.6584054827690125 0.34835633635520935 10.044873237609863      
825 -0.11971008777618408 0.38307225704193115 10.05923843383789      
826 -0.7242460250854492 0.37469255924224854 10.034099578857422      
827 -0.46806642413139343 0.3495534360408783 9.999382972717285      
828 -0.18794482946395874 0.3411737382411957 9.995792388916016      
829 0.31603461503982544 0.33039984107017517 9.977835655212402      
830 0.912190854549408 0.3232172429561615 9.99100399017334      
831 0.2298433631658554 0.333991140127182 9.986215591430664      
832 -0.3711012601852417 0.33279404044151306 9.99220085144043      
833 -0.8882488012313843 0.36152446269989014 10.006566047668457      
834 0.25737667083740234 0.363918662071228 10.072406768798828      
835 0.6715735793113708 0.34835633635520935 10.0580415725708      
836 0.6512228846549988 0.34835633635520935 10.046070098876953      
837 0.14844051003456116 0.3471592366695404 10.043676376342773      
838 -0.4189853072166443 0.3842693865299225 10.087968826293945      
839 -0.9181763529777527 0.3878606855869293 10.070012092590332      
840 -0.4381389021873474 0.3603273630142212 10.034099578857422      
841 0.29568392038345337 0.35673606395721436 10.042478561401367      
842 0.8427590131759644 0.365115761756897 10.056844711303711      
843 0.5339069962501526 0.3603273630142212 10.052056312561035      
844 -0.07781155407428741 0.38067805767059326 10.0580415725708      
845 -0.5351040959358215 0.3818751573562622 10.05923843383789      
846 -0.5015852451324463 0.36152446269989014 10.029311180114746      
847 -0.15801730751991272 0.3519476354122162 10.001777648925781      
848 0.33279404044151306 0.3531447649002075 10.02571964263916      
849 0.8152256608009338 0.33518823981285095 10.017339706420898      
850 0.19033902883529663 0.3579331636428833 10.038887977600098      
851 -0.4405331015586853 0.3758896589279175 10.05923843383789      
852 -0.7422025203704834 0.37828385829925537 10.061633110046387      
853 -0.4537012279033661 0.3579331636428833 10.02571964263916      
854 -0.0035913025494664907 0.34835633635520935 10.004171371459961      
855 0.5099649429321289 0.3411737382411957 10.004171371459961      
856 0.6224924325942993 0.3292027413845062 9.99459457397461      
857 0.0802057534456253 0.3531447649002075 10.012551307678223      
858 -0.5829881429672241 0.3555389642715454 10.008959770202637      
859 -1.115697979927063 0.37229835987091064 10.018536567687988      
860 -0.3495534360408783 0.3495534360408783 10.011354446411133      
861 0.4405331015586853 0.33518823981285095 10.02571964263916      
862 0.9828197956085205 0.34356793761253357 10.035296440124512      
863 0.6236895322799683 0.3579331636428833 10.053253173828125      
864 -0.0011971008498221636 0.3579331636428833 10.043676376342773      
865 -0.5530605912208557 0.36990416049957275 10.047266960144043      
866 -0.7110779285430908 0.3794809579849243 10.040084838867188      
867 -0.090979665517807 0.3603273630142212 10.043676376342773      
868 0.43335050344467163 0.3495534360408783 10.04846477508545      
869 0.7661445140838623 0.35075053572654724 10.020931243896484      
870 0.3363853394985199 0.3579331636428833 10.036493301391602      
871 -0.3208230137825012 0.3866635859012604 10.04846477508545      
872 -0.8307880163192749 0.3818751573562622 10.065223693847656      
873 -0.44771572947502136 0.3711012601852417 10.032901763916016      
874 -0.03950432687997818 0.365115761756897 10.030508041381836      
875 0.5111620426177979 0.3555389642715454 10.036493301391602      
876 0.6320692300796509 0.3447650372982025 10.016142845153809      
877 0.06344634294509888 0.37229835987091064 10.041281700134277      
878 -0.4225766062736511 0.3794809579849243 10.052056312561035      
879 -0.9852139949798584 0.3878606855869293 10.053253173828125      
880 -0.3148375153541565 0.3866635859012604 10.06043529510498      
881 0.24660277366638184 0.36990416049957275 10.019734382629395      
882 0.9193734526634216 0.3363853394985199 9.998186111450195      
883 -0.20231004059314728 0.35913026332855225 10.020931243896484      
884 -0.707486629486084 0.37828385829925537 10.037690162658691      
885 -0.7206547260284424 0.3794809579849243 10.072406768798828      
886 -0.08738835901021957 0.35913026332855225 10.055646896362305      
887 0.4273650050163269 0.3315969407558441 10.005369186401367      
888 0.4273650050163269 0.3315969407558441 10.005369186401367      
889 0.33039984107017517 0.3663128614425659 10.061633110046387      
890 -0.24181437492370605 0.363918662071228 10.065223693847656      
891 -0.8571242094039917 0.3734954595565796 10.044873237609863      
892 -0.42018240690231323 0.3878606855869293 10.050858497619629      
893 0.30286651849746704 0.3734954595565796 10.078392028808594      
894 0.6871358752250671 0.3687070608139038 10.056844711303711      
895 0.585382342338562 0.3794809579849243 10.0580415725708      
896 0.19153612852096558 0.365115761756897 10.041281700134277      
897 -0.38905778527259827 0.3866635859012604 10.049661636352539      
898 -0.9457096457481384 0.39624038338661194 10.062829971313477      
899 -0.3495534360408783 0.3842693865299225 10.053253173828125      
900 0.44173020124435425 0.3770867586135864 10.08437728881836      
901 0.9756371974945068 0.36990416049957275 10.075998306274414      
902 0.6739677786827087 0.35913026332855225 10.056844711303711      
903 -0.061052143573760986 0.3818751573562622 10.077195167541504      
904 -0.5973533391952515 0.3878606855869293 10.071209907531738      
905 -0.6404489278793335 0.3770867586135864 10.035296440124512      
906 -0.1867477297782898 0.35913026332855225 9.980229377746582      
907 0.30047231912612915 0.3387795388698578 9.996989250183105      
908 0.8403648138046265 0.3196259140968323 9.99100399017334      
909 0.22864626348018646 0.32680854201316833 9.974244117736816      
910 -0.44412440061569214 0.3555389642715454 9.980229377746582      
911 -0.9397241473197937 0.3734954595565796 10.031704902648926      
912 -0.5758054852485657 0.365115761756897 10.02571964263916      
913 0.07781155407428741 0.3519476354122162 10.016142845153809      
914 0.5889736413955688 0.33758243918418884 9.999382972717285      
915 0.6703764796257019 0.3363853394985199 10.019734382629395      
916 0.043095629662275314 0.35434186458587646 10.031704902648926      
917 -0.5291185975074768 0.35434186458587646 10.014945983886719      
918 -1.0618284940719604 0.37469255924224854 10.02571964263916      
919 -0.29568392038345337 0.3842693865299225 10.062829971313477      
920 0.4273650050163269 0.35673606395721436 10.053253173828125      
921 0.9385270476341248 0.3519476354122162 10.036493301391602      
922 0.6404489278793335 0.37229835987091064 10.073603630065918      
923 0.06344634294509888 0.3627215623855591 10.064026832580566      
924 -0.49320554733276367 0.34835633635520935 9.987412452697754      
925 -0.6967126727104187 0.3734954595565796 10.005369186401367      
926 -0.2825157940387726 0.35673606395721436 10.022128105163574      
927 0.27653029561042786 0.3232172429561615 9.985017776489258      
928 0.8152256608009338 0.3124433159828186 9.977835655212402      
929 -0.4357447028160095 0.3471592366695404 10.004171371459961      
930 -0.4357447028160095 0.3471592366695404 10.004171371459961      
931 -0.9983820915222168 0.3531447649002075 9.99459457397461      
932 0.06464344263076782 0.3519476354122162 10.042478561401367      
933 0.606930136680603 0.3423708379268646 10.010157585144043      
934 0.5147533416748047 0.34356793761253357 10.002974510192871      
935 -0.09935937076807022 0.3687070608139038 10.007762908935547      
936 -0.34596213698387146 0.34596213698387146 10.008959770202637      
937 -0.9050082564353943 0.36990416049957275 10.014945983886719      
938 -0.2992752194404602 0.37469255924224854 10.04846477508545      
939 0.27413609623908997 0.36990416049957275 10.047266960144043      
940 0.6105214357376099 0.3471592366695404 10.036493301391602      
941 0.424970805644989 0.32680854201316833 9.999382972717285      
942 -0.11851298063993454 0.35673606395721436 10.02452278137207      
943 -0.38546648621559143 0.3687070608139038 10.043676376342773      
944 -0.7769184708595276 0.37469255924224854 10.017339706420898      
945 -0.29568392038345337 0.35075053572654724 10.006566047668457      
946 0.2513911724090576 0.3315969407558441 9.99220085144043      
947 0.6308721303939819 0.333991140127182 10.000580787658691      
948 0.21308395266532898 0.3519476354122162 10.038887977600098      
949 -0.15442600846290588 0.3902548849582672 10.073603630065918      
950 -0.5482721924781799 0.40222588181495667 10.098742485046387      
951 -0.19871874153614044 0.3878606855869293 10.096348762512207      
952 0.2513911724090576 0.3495534360408783 10.054450035095215      
953 0.46806642413139343 0.34835633635520935 10.030508041381836      
954 0.42616790533065796 0.3555389642715454 10.02571964263916      
955 -0.1472434103488922 0.395043283700943 10.061633110046387      
956 -0.3292027413845062 0.38067805767059326 10.052056312561035      
957 -0.7841010689735413 0.38067805767059326 10.023324966430664      
958 -0.1999158412218094 0.3758896589279175 10.047266960144043      
959 0.333991140127182 0.3603273630142212 10.064026832580566      
960 0.5363011956214905 0.36152446269989014 10.054450035095215      
961 0.3603273630142212 0.3627215623855591 10.050858497619629      
962 -0.29568392038345337 0.3687070608139038 10.006566047668457      
963 -0.3411737382411957 0.3495534360408783 10.019734382629395      
964 -0.545877993106842 0.3663128614425659 10.034099578857422      
965 -0.11013327538967133 0.3711012601852417 10.052056312561035      
966 0.2645592987537384 0.3603273630142212 10.029311180114746      
967 0.5770025849342346 0.3447650372982025 10.019734382629395      
968 0.26575639843940735 0.3531447649002075 10.053253173828125      
969 -0.06224924325942993 0.3711012601852417 10.043676376342773      
970 -0.3531447649002075 0.3711012601852417 10.047266960144043      
971 -0.34596213698387146 0.3687070608139038 10.056844711303711      
972 0.02753331884741783 0.34356793761253357 10.013748168945312      
973 0.24420857429504395 0.34596213698387146 10.006566047668457      
974 0.4129997789859772 0.3519476354122162 10.007762908935547      
975 -0.09576806426048279 0.3711012601852417 10.032901763916016      
976 -0.1999158412218094 0.38307225704193115 10.062829971313477      
977 -0.4596867263317108 0.3842693865299225 10.056844711303711      
978 -0.0933738648891449 0.3555389642715454 10.040084838867188      
979 0.14484919607639313 0.34596213698387146 10.034099578857422      
980 0.2968810200691223 0.3603273630142212 10.02691650390625      
981 0.38546648621559143 0.3579331636428833 10.02452278137207      
982 -0.10534487664699554 0.36152446269989014 10.020931243896484      
983 -0.13766659796237946 0.3627215623855591 10.038887977600098      
984 -0.45489832758903503 0.3663128614425659 10.034099578857422      
985 -0.061052143573760986 0.365115761756897 10.043676376342773      
986 0.16879121959209442 0.3579331636428833 10.050858497619629      
987 0.38307225704193115 0.3423708379268646 10.031704902648926      
988 0.05027823522686958 0.3555389642715454 10.036493301391602      
989 -0.15562310814857483 0.3579331636428833 10.02691650390625      
990 -0.33518823981285095 0.363918662071228 10.031704902648926      
991 0.023942016065120697 0.3495534360408783 10.02452278137207      
992 0.09217676520347595 0.3579331636428833 10.030508041381836      
993 0.3794809579849243 0.3519476354122162 10.029311180114746      
994 -0.03232172131538391 0.365115761756897 10.042478561401367      
995 -0.08140286058187485 0.363918662071228 10.052056312561035      
996 -0.16998831927776337 0.3734954595565796 10.047266960144043      
997 -0.13407529890537262 0.37469255924224854 10.044873237609863      
998 0.1280897855758667 0.3663128614425659 10.036493301391602      
999 0.11133038252592087 0.3603273630142212 10.032901763916016      
1000 0.2190694510936737 0.35673606395721436 10.035296440124512      
1001 -0.03950432687997818 0.36750996112823486 10.043676376342773      
1002 -0.004788403399288654 0.3687070608139038 10.0580415725708      
1003 -0.11372458189725876 0.37469255924224854 10.070012092590332      
1004 0.0011971008498221636 0.3734954595565796 10.06043529510498      
1005 0.15322890877723694 0.3663128614425659 10.050858497619629      
1006 0.12449848651885986 0.36750996112823486 10.049661636352539      
1007 0.08619125932455063 0.37229835987091064 10.040084838867188      
1008 -0.04908113554120064 0.3603273630142212 10.037690162658691      
1009 -0.02513911761343479 0.36152446269989014 10.032901763916016      
1010 -0.25498247146606445 0.363918662071228 10.022128105163574      
1011 0.019153613597154617 0.3495534360408783 10.008959770202637      
1012 0.03232172131538391 0.3555389642715454 10.02811336517334      
1013 0.11252748221158981 0.35075053572654724 10.040084838867188      
1014 0.005985504016280174 0.35673606395721436 10.02452278137207      
1015 -0.08140286058187485 0.35434186458587646 10.02691650390625      
1016 -0.03232172131538391 0.3555389642715454 10.02691650390625      
1017 -0.10654197633266449 0.3603273630142212 10.037690162658691      
1018 0.09457096457481384 0.3687070608139038 10.049661636352539      
1019 0.06224924325942993 0.36990416049957275 10.06043529510498      
1020 0.05267243832349777 0.36750996112823486 10.054450035095215      
1021 0.12689268589019775 0.36990416049957275 10.064026832580566      
1022 0.0454898327589035 0.37469255924224854 10.068815231323242      
1023 0.040701430290937424 0.3734954595565796 10.064026832580566      
1024 -0.035913024097681046 0.36750996112823486 10.054450035095215      
1025 0.03711012750864029 0.365115761756897 10.046070098876953      
1026 0.028730420395731926 0.363918662071228 10.042478561401367      
1027 0.02753331884741783 0.36152446269989014 10.042478561401367      
1028 0.040701430290937424 0.365115761756897 10.042478561401367      
1029 0.04668693244457245 0.365115761756897 10.049661636352539      
1030 0.004788403399288654 0.3663128614425659 10.047266960144043      
1031 0.010773907415568829 0.363918662071228 10.044873237609863      
1032 0.019153613597154617 0.3603273630142212 10.041281700134277      
1033 0.02753331884741783 0.3627215623855591 10.043676376342773      
1034 0.02513911761343479 0.3627215623855591 10.044873237609863      
1035 0.026336219161748886 0.365115761756897 10.042478561401367      
1036 0.02753331884741783 0.365115761756897 10.041281700134277      
1037 0.02992752194404602 0.35913026332855225 10.041281700134277      
1038 0.028730420395731926 0.36152446269989014 10.042478561401367      
1039 0.02513911761343479 0.36152446269989014 10.043676376342773      
1040 0.026336219161748886 0.365115761756897 10.04846477508545      
1041 0.031124621629714966 0.36152446269989014 10.046070098876953      
1042 0.02992752194404602 0.363918662071228 10.04846477508545      
1043 0.026336219161748886 0.3603273630142212 10.047266960144043      
1044 0.02753331884741783 0.365115761756897 10.042478561401367      
1045 0.026336219161748886 0.3627215623855591 10.040084838867188      
1046 0.02753331884741783 0.3627215623855591 10.043676376342773      
1047 0.026336219161748886 0.3627215623855591 10.046070098876953      
1048 0.023942016065120697 0.3603273630142212 10.042478561401367      
1049 0.02753331884741783 0.35913026332855225 10.041281700134277      
1050 0.028730420395731926 0.3603273630142212 10.043676376342773      
1051 0.02513911761343479 0.3627215623855591 10.041281700134277      
1052 0.020350715145468712 0.363918662071228 10.042478561401367      
1053 0.02274491637945175 0.35913026332855225 10.042478561401367      
1054 0.02274491637945175 0.36152446269989014 10.046070098876953      
1055 0.023942016065120697 0.3603273630142212 10.038887977600098      
1056 0.023942016065120697 0.3603273630142212 10.038887977600098      
1057 0.023942016065120697 0.363918662071228 10.042478561401367      
1058 0.020350715145468712 0.365115761756897 10.041281700134277      
1059 0.021547814831137657 0.35913026332855225 10.040084838867188      
1060 0.021547814831137657 0.3603273630142212 10.042478561401367      
1061 0.023942016065120697 0.363918662071228 10.047266960144043      
1062 0.02513911761343479 0.36750996112823486 10.046070098876953      
1063 0.02513911761343479 0.3663128614425659 10.046070098876953      
1064 0.02274491637945175 0.365115761756897 10.042478561401367      
1065 0.02274491637945175 0.365115761756897 10.044873237609863      
1066 0.023942016065120697 0.363918662071228 10.042478561401367      
1067 0.02513911761343479 0.3663128614425659 10.043676376342773      
1068 0.019153613597154617 0.365115761756897 10.044873237609863      
1069 0.023942016065120697 0.36152446269989014 10.044873237609863      
1070 0.028730420395731926 0.36152446269989014 10.043676376342773      
1071 0.02513911761343479 0.3627215623855591 10.041281700134277      
1072 0.026336219161748886 0.365115761756897 10.046070098876953      
1073 0.026336219161748886 0.363918662071228 10.043676376342773      
1074 0.02513911761343479 0.363918662071228 10.043676376342773      
1075 0.026336219161748886 0.363918662071228 10.044873237609863      
1076 0.026336219161748886 0.363918662071228 10.044873237609863      
1077 0.02513911761343479 0.363918662071228 10.041281700134277      
1078 0.028730420395731926 0.365115761756897 10.037690162658691      
1079 0.02753331884741783 0.3663128614425659 10.038887977600098      
1080 0.02513911761343479 0.3687070608139038 10.046070098876953      
1081 0.02274491637945175 0.3663128614425659 10.044873237609863      
1082 0.02753331884741783 0.3663128614425659 10.042478561401367      
1083 0.02992752194404602 0.365115761756897 10.040084838867188      
1084 0.028730420395731926 0.36152446269989014 10.043676376342773      
1085 0.031124621629714966 0.363918662071228 10.042478561401367      
1086 0.028730420395731926 0.363918662071228 10.043676376342773      
1087 0.02753331884741783 0.3627215623855591 10.038887977600098      
1088 0.02753331884741783 0.3627215623855591 10.041281700134277      
1089 0.02513911761343479 0.36152446269989014 10.040084838867188      
1090 0.028730420395731926 0.3627215623855591 10.042478561401367      
1091 0.028730420395731926 0.3627215623855591 10.046070098876953      
1092 0.023942016065120697 0.365115761756897 10.04846477508545      
1093 0.023942016065120697 0.365115761756897 10.049661636352539      
1094 0.02274491637945175 0.365115761756897 10.04846477508545      
1095 0.02753331884741783 0.363918662071228 10.044873237609863      
1096 0.02513911761343479 0.3663128614425659 10.043676376342773      
1097 0.02274491637945175 0.3663128614425659 10.041281700134277      
1098 0.02274491637945175 0.365115761756897 10.042478561401367      
1099 0.021547814831137657 0.36152446269989014 10.044873237609863      
1100 0.026336219161748886 0.365115761756897 10.043676376342773      
1101 0.021547814831137657 0.36152446269989014 10.044873237609863      
1102 0.023942016065120697 0.35673606395721436 10.046070098876953      
1103 0.031124621629714966 0.35913026332855225 10.042478561401367      
1104 0.031124621629714966 0.3627215623855591 10.043676376342773      
1105 0.0347159244120121 0.3627215623855591 10.049661636352539      
1106 0.040701430290937424 0.36152446269989014 10.041281700134277      
1107 0.0347159244120121 0.3687070608139038 10.044873237609863      
1108 0.028730420395731926 0.3663128614425659 10.043676376342773      
1109 0.03232172131538391 0.365115761756897 10.043676376342773      
1110 0.038307227194309235 0.35913026332855225 10.042478561401367      
1111 0.028730420395731926 0.3579331636428833 10.044873237609863      
1112 0.02992752194404602 0.3603273630142212 10.042478561401367      
1113 0.031124621629714966 0.3579331636428833 10.043676376342773      
1114 0.02513911761343479 0.3603273630142212 10.046070098876953      
1115 0.026336219161748886 0.36152446269989014 10.042478561401367      
1116 0.023942016065120697 0.36152446269989014 10.041281700134277      
1117 0.023942016065120697 0.35913026332855225 10.040084838867188      
1118 0.021547814831137657 0.3603273630142212 10.043676376342773      
1119 0.021547814831137657 0.35913026332855225 10.047266960144043      
1120 0.021547814831137657 0.363918662071228 10.04846477508545      
1121 0.023942016065120697 0.3627215623855591 10.046070098876953      
1122 0.02753331884741783 0.365115761756897 10.047266960144043      
1123 0.019153613597154617 0.3663128614425659 10.047266960144043      
1124 0.021547814831137657 0.36152446269989014 10.047266960144043      
1125 0.02513911761343479 0.3627215623855591 10.049661636352539      
1126 0.023942016065120697 0.36152446269989014 10.044873237609863      
1127 0.021547814831137657 0.36152446269989014 10.046070098876953      
1128 0.02513911761343479 0.3627215623855591 10.046070098876953      
1129 0.031124621629714966 0.36152446269989014 10.044873237609863      
1130 0.02992752194404602 0.3663128614425659 10.042478561401367      
1131 0.02753331884741783 0.3663128614425659 10.044873237609863      
1132 0.028730420395731926 0.3663128614425659 10.043676376342773      
1133 0.028730420395731926 0.3663128614425659 10.043676376342773      
1134 0.02513911761343479 0.3663128614425659 10.046070098876953      
1135 0.02274491637945175 0.3627215623855591 10.043676376342773      
1136 0.021547814831137657 0.363918662071228 10.038887977600098      
1137 0.020350715145468712 0.36152446269989014 10.043676376342773      
1138 0.020350715145468712 0.363918662071228 10.040084838867188      
1139 0.023942016065120697 0.36152446269989014 10.044873237609863      
1140 0.019153613597154617 0.3603273630142212 10.046070098876953      
1141 0.02513911761343479 0.3603273630142212 10.046070098876953      
1142 0.023942016065120697 0.3579331636428833 10.042478561401367      
1143 0.019153613597154617 0.3603273630142212 10.047266960144043      
1144 0.019153613597154617 0.3627215623855591 10.043676376342773      
1145 0.02274491637945175 0.36152446269989014 10.046070098876953      
1146 0.02274491637945175 0.365115761756897 10.049661636352539      
1147 0.021547814831137657 0.36750996112823486 10.046070098876953      
1148 0.02274491637945175 0.365115761756897 10.046070098876953      
1149 0.020350715145468712 0.363918662071228 10.050858497619629      
1150 0.017956512048840523 0.36152446269989014 10.04846477508545      
1151 0.020350715145468712 0.36152446269989014 10.046070098876953      
1152 0.020350715145468712 0.3627215623855591 10.047266960144043      
1153 0.021547814831137657 0.3627215623855591 10.047266960144043      
1154 0.019153613597154617 0.3603273630142212 10.046070098876953      
1155 0.021547814831137657 0.36152446269989014 10.043676376342773      
1156 0.020350715145468712 0.363918662071228 10.047266960144043      
1157 0.023942016065120697 0.36152446269989014 10.047266960144043      
1158 0.023942016065120697 0.3603273630142212 10.049661636352539      
1159 0.023942016065120697 0.363918662071228 10.04846477508545      
1160 0.02513911761343479 0.365115761756897 10.047266960144043      
1161 0.028730420395731926 0.36152446269989014 10.043676376342773      
1162 0.028730420395731926 0.35913026332855225 10.047266960144043      
1163 0.02274491637945175 0.3579331636428833 10.044873237609863      
1164 0.02513911761343479 0.36152446269989014 10.044873237609863      
1165 0.02513911761343479 0.363918662071228 10.041281700134277      
1166 0.02513911761343479 0.3627215623855591 10.041281700134277      
1167 0.02513911761343479 0.36152446269989014 10.042478561401367      
1168 0.023942016065120697 0.36152446269989014 10.047266960144043      
1169 0.021547814831137657 0.3627215623855591 10.047266960144043      
1170 0.02274491637945175 0.3627215623855591 10.046070098876953      
1171 0.02274491637945175 0.36152446269989014 10.046070098876953      
1172 0.020350715145468712 0.36152446269989014 10.042478561401367      
1173 0.02274491637945175 0.3603273630142212 10.046070098876953      
1174 0.023942016065120697 0.3627215623855591 10.04846477508545      
1175 0.023942016065120697 0.3603273630142212 10.050858497619629      
1176 0.02274491637945175 0.36152446269989014 10.049661636352539      
1177 0.023942016065120697 0.365115761756897 10.043676376342773      
1178 0.023942016065120697 0.3627215623855591 10.040084838867188      
1179 0.023942016065120697 0.363918662071228 10.043676376342773      
1180 0.02513911761343479 0.363918662071228 10.049661636352539      
1181 0.021547814831137657 0.36152446269989014 10.049661636352539      
1182 0.021547814831137657 0.363918662071228 10.04846477508545      
1183 0.019153613597154617 0.3663128614425659 10.046070098876953      
1184 0.023942016065120697 0.36750996112823486 10.046070098876953      
1185 0.026336219161748886 0.365115761756897 10.044873237609863      
1186 0.02274491637945175 0.365115761756897 10.040084838867188      
1187 0.02274491637945175 0.3663128614425659 10.040084838867188      
1188 0.02274491637945175 0.3627215623855591 10.043676376342773      
1189 0.026336219161748886 0.3603273630142212 10.041281700134277      
1190 0.02753331884741783 0.3603273630142212 10.043676376342773      
1191 0.021547814831137657 0.3603273630142212 10.043676376342773      
1192 0.02274491637945175 0.35913026332855225 10.050858497619629      
1193 0.02753331884741783 0.363918662071228 10.050858497619629      
1194 0.02513911761343479 0.36152446269989014 10.047266960144043      
1195 0.026336219161748886 0.3603273630142212 10.044873237609863      
1196 0.017956512048840523 0.35913026332855225 10.04846477508545      
1197 0.02274491637945175 0.3603273630142212 10.049661636352539      
1198 0.02513911761343479 0.3627215623855591 10.047266960144043      
1199 0.021547814831137657 0.3627215623855591 10.041281700134277      
1200 0.02274491637945175 0.3663128614425659 10.042478561401367      
1201 0.023942016065120697 0.363918662071228 10.043676376342773      
1202 0.021547814831137657 0.365115761756897 10.044873237609863      
1203 0.020350715145468712 0.365115761756897 10.04846477508545      
1204 0.02513911761343479 0.363918662071228 10.04846477508545      
1205 0.023942016065120697 0.36152446269989014 10.04846477508545      
1206 0.02513911761343479 0.3627215623855591 10.04846477508545      
1207 0.02513911761343479 0.3627215623855591 10.047266960144043      
1208 0.02513911761343479 0.365115761756897 10.046070098876953      
1209 0.023942016065120697 0.363918662071228 10.044873237609863      
1210 0.017956512048840523 0.3627215623855591 10.043676376342773      
1211 0.021547814831137657 0.3627215623855591 10.044873237609863      
1212 0.021547814831137657 0.365115761756897 10.040084838867188      
1213 0.020350715145468712 0.3627215623855591 10.043676376342773      
1214 0.021547814831137657 0.3627215623855591 10.042478561401367      
1215 0.026336219161748886 0.36152446269989014 10.044873237609863      
1216 0.023942016065120697 0.36152446269989014 10.044873237609863      
1217 0.026336219161748886 0.363918662071228 10.049661636352539      
1218 0.020350715145468712 0.365115761756897 10.044873237609863      
1219 0.02513911761343479 0.363918662071228 10.047266960144043      
1220 0.02513911761343479 0.3627215623855591 10.044873237609863      
1221 0.02513911761343479 0.365115761756897 10.04846477508545      
1222 0.023942016065120697 0.3663128614425659 10.042478561401367      
1223 0.02753331884741783 0.363918662071228 10.044873237609863      
1224 0.026336219161748886 0.36152446269989014 10.044873237609863      
1225 0.023942016065120697 0.35913026332855225 10.046070098876953      
1226 0.02513911761343479 0.3603273630142212 10.047266960144043      
1227 0.021547814831137657 0.3603273630142212 10.049661636352539      
1228 0.02513911761343479 0.36152446269989014 10.047266960144043      
1229 0.023942016065120697 0.363918662071228 10.049661636352539      
1230 0.021547814831137657 0.3663128614425659 10.046070098876953      
1231 0.023942016065120697 0.3663128614425659 10.047266960144043      
1232 0.02513911761343479 0.365115761756897 10.043676376342773      
1233 0.021547814831137657 0.36750996112823486 10.044873237609863      
1234 0.02274491637945175 0.3627215623855591 10.043676376342773      
1235 0.026336219161748886 0.3603273630142212 10.041281700134277      
1236 0.026336219161748886 0.3603273630142212 10.041281700134277      
1237 0.020350715145468712 0.363918662071228 10.047266960144043      
1238 0.020350715145468712 0.363918662071228 10.047266960144043      
1239 0.02274491637945175 0.3627215623855591 10.04846477508545      
1240 0.019153613597154617 0.3663128614425659 10.042478561401367      
1241 0.02274491637945175 0.36750996112823486 10.044873237609863      
1242 0.023942016065120697 0.363918662071228 10.042478561401367      
1243 0.021547814831137657 0.363918662071228 10.038887977600098      
1244 0.026336219161748886 0.365115761756897 10.040084838867188      
1245 0.02513911761343479 0.3663128614425659 10.041281700134277      
1246 0.023942016065120697 0.3663128614425659 10.038887977600098      
1247 0.02274491637945175 0.363918662071228 10.036493301391602      
1248 0.02274491637945175 0.365115761756897 10.041281700134277      
1249 0.021547814831137657 0.3663128614425659 10.042478561401367      
1250 0.02274491637945175 0.365115761756897 10.043676376342773      
1251 0.02274491637945175 0.3627215623855591 10.043676376342773      
1252 0.02274491637945175 0.363918662071228 10.044873237609863      
1253 0.021547814831137657 0.363918662071228 10.04846477508545      
1254 0.020350715145468712 0.363918662071228 10.050858497619629      
1255 0.020350715145468712 0.3663128614425659 10.049661636352539      
1256 0.020350715145468712 0.3663128614425659 10.04846477508545      
1257 0.02274491637945175 0.365115761756897 10.04846477508545      
1258 0.023942016065120697 0.363918662071228 10.049661636352539      
1259 0.02753331884741783 0.363918662071228 10.043676376342773      
1260 0.021547814831137657 0.36152446269989014 10.046070098876953      
1261 0.021547814831137657 0.3603273630142212 10.042478561401367      
1262 0.023942016065120697 0.3627215623855591 10.046070098876953      
1263 0.02274491637945175 0.3627215623855591 10.044873237609863      
1264 0.02513911761343479 0.3663128614425659 10.046070098876953      
1265 0.02274491637945175 0.36750996112823486 10.042478561401367      
1266 0.026336219161748886 0.36750996112823486 10.043676376342773      
1267 0.026336219161748886 0.363918662071228 10.044873237609863      
1268 0.026336219161748886 0.3627215623855591 10.044873237609863      
1269 0.023942016065120697 0.36152446269989014 10.04846477508545      
1270 0.02274491637945175 0.363918662071228 10.046070098876953      
1271 0.026336219161748886 0.36152446269989014 10.047266960144043      
1272 0.028730420395731926 0.363918662071228 10.04846477508545      
1273 0.028730420395731926 0.36152446269989014 10.046070098876953      
1274 0.02753331884741783 0.36152446269989014 10.041281700134277      
1275 0.026336219161748886 0.363918662071228 10.038887977600098      
1276 0.02753331884741783 0.363918662071228 10.042478561401367      
1277 0.02753331884741783 0.365115761756897 10.043676376342773      
1278 0.026336219161748886 0.365115761756897 10.044873237609863      
1279 0.020350715145468712 0.365115761756897 10.044873237609863      
1280 0.019153613597154617 0.365115761756897 10.041281700134277      
1281 0.021547814831137657 0.365115761756897 10.046070098876953      
1282 0.026336219161748886 0.3627215623855591 10.043676376342773      
1283 0.026336219161748886 0.36152446269989014 10.047266960144043      
1284 0.023942016065120697 0.365115761756897 10.044873237609863      
1285 0.021547814831137657 0.365115761756897 10.047266960144043      
1286 0.023942016065120697 0.365115761756897 10.043676376342773      
1287 0.02513911761343479 0.3603273630142212 10.042478561401367      
1288 0.02274491637945175 0.3627215623855591 10.043676376342773      
1289 0.020350715145468712 0.3627215623855591 10.041281700134277      
1290 0.019153613597154617 0.3627215623855591 10.042478561401367      
1291 0.023942016065120697 0.3663128614425659 10.043676376342773      
1292 0.021547814831137657 0.3603273630142212 10.044873237609863      
1293 0.026336219161748886 0.3627215623855591 10.040084838867188      
1294 0.02992752194404602 0.363918662071228 10.042478561401367      
1295 0.026336219161748886 0.36750996112823486 10.046070098876953      
1296 0.026336219161748886 0.363918662071228 10.041281700134277      
1297 0.02513911761343479 0.3663128614425659 10.043676376342773      
1298 0.019153613597154617 0.3627215623855591 10.044873237609863      
1299 0.02274491637945175 0.363918662071228 10.040084838867188      
1300 0.021547814831137657 0.365115761756897 10.042478561401367      
1301 0.026336219161748886 0.3663128614425659 10.042478561401367      
1302 0.023942016065120697 0.365115761756897 10.047266960144043      
1303 0.021547814831137657 0.3663128614425659 10.047266960144043      
1304 0.02274491637945175 0.365115761756897 10.044873237609863      
1305 0.02274491637945175 0.3627215623855591 10.047266960144043      
1306 0.026336219161748886 0.363918662071228 10.04846477508545      
1307 0.02753331884741783 0.363918662071228 10.04846477508545      
1308 0.02513911761343479 0.363918662071228 10.046070098876953      
1309 0.02513911761343479 0.36750996112823486 10.043676376342773      
1310 0.023942016065120697 0.365115761756897 10.038887977600098      
1311 0.026336219161748886 0.365115761756897 10.038887977600098      
1312 0.02513911761343479 0.365115761756897 10.042478561401367      
1313 0.021547814831137657 0.3627215623855591 10.043676376342773      
1314 0.02274491637945175 0.365115761756897 10.040084838867188      
1315 0.021547814831137657 0.363918662071228 10.044873237609863      
1316 0.021547814831137657 0.363918662071228 10.044873237609863      
1317 0.023942016065120697 0.363918662071228 10.047266960144043      
1318 0.023942016065120697 0.3687070608139038 10.043676376342773      
1319 0.02513911761343479 0.3687070608139038 10.041281700134277      
1320 0.021547814831137657 0.3711012601852417 10.043676376342773      
1321 0.023942016065120697 0.3711012601852417 10.042478561401367      
1322 0.017956512048840523 0.3711012601852417 10.044873237609863      
1323 0.017956512048840523 0.36750996112823486 10.046070098876953      
1324 0.020350715145468712 0.3627215623855591 10.041281700134277      
1325 0.021547814831137657 0.36152446269989014 10.041281700134277      
1326 0.02274491637945175 0.3627215623855591 10.043676376342773      
1327 0.021547814831137657 0.36152446269989014 10.047266960144043      
1328 0.021547814831137657 0.36152446269989014 10.046070098876953      
1329 0.02274491637945175 0.3627215623855591 10.044873237609863      
1330 0.026336219161748886 0.3627215623855591 10.046070098876953      
1331 0.02274491637945175 0.3663128614425659 10.046070098876953      
1332 0.02274491637945175 0.363918662071228 10.042478561401367      
1333 0.019153613597154617 0.365115761756897 10.042478561401367      
1334 0.021547814831137657 0.365115761756897 10.047266960144043      
1335 0.026336219161748886 0.365115761756897 10.044873237609863      
1336 0.026336219161748886 0.3627215623855591 10.04846477508545      
1337 0.02274491637945175 0.36152446269989014 10.04846477508545      
1338 0.021547814831137657 0.36152446269989014 10.047266960144043      
1339 0.023942016065120697 0.3627215623855591 10.049661636352539      
1340 0.02513911761343479 0.3663128614425659 10.047266960144043      
1341 0.023942016065120697 0.363918662071228 10.044873237609863      
1342 0.026336219161748886 0.3627215623855591 10.044873237609863      
1343 0.023942016065120697 0.363918662071228 10.047266960144043      
1344 0.02513911761343479 0.365115761756897 10.044873237609863      
1345 0.02513911761343479 0.365115761756897 10.04846477508545      
1346 0.02513911761343479 0.36750996112823486 10.046070098876953      
1347 0.023942016065120697 0.363918662071228 10.042478561401367      
1348 0.020350715145468712 0.3663128614425659 10.046070098876953      
1349 0.023942016065120697 0.36750996112823486 10.047266960144043      
1350 0.02513911761343479 0.36750996112823486 10.042478561401367      
1351 0.021547814831137657 0.3663128614425659 10.042478561401367      
1352 0.020350715145468712 0.3603273630142212 10.046070098876953      
1353 0.019153613597154617 0.3579331636428833 10.044873237609863      
1354 0.02274491637945175 0.3603273630142212 10.043676376342773      
1355 0.02513911761343479 0.35913026332855225 10.04846477508545      
1356 0.023942016065120697 0.3603273630142212 10.047266960144043      
1357 0.02753331884741783 0.363918662071228 10.047266960144043      
1358 0.026336219161748886 0.363918662071228 10.043676376342773      
1359 0.028730420395731926 0.363918662071228 10.043676376342773      
1360 0.028730420395731926 0.363918662071228 10.044873237609863      
1361 0.02513911761343479 0.365115761756897 10.04846477508545      
1362 0.023942016065120697 0.365115761756897 10.044873237609863      
1363 0.02513911761343479 0.3711012601852417 10.040084838867188      
1364 0.02753331884741783 0.3711012601852417 10.043676376342773      
1365 0.02513911761343479 0.365115761756897 10.044873237609863      
1366 0.02274491637945175 0.36990416049957275 10.042478561401367      
1367 0.023942016065120697 0.365115761756897 10.040084838867188      
1368 0.02513911761343479 0.3663128614425659 10.046070098876953      
1369 0.020350715145468712 0.3627215623855591 10.050858497619629      
1370 0.02513911761343479 0.36152446269989014 10.044873237609863      
1371 0.02513911761343479 0.36750996112823486 10.046070098876953      
1372 0.02513911761343479 0.36990416049957275 10.044873237609863      
1373 0.023942016065120697 0.3627215623855591 10.043676376342773      
