1 -0.5770025849342346 0.3531447649002075 9.97065258026123      
2 -0.4752490520477295 0.3603273630142212 9.999382972717285      
3 0.2585737705230713 0.35913026332855225 10.023324966430664      
4 0.3280056416988373 0.35673606395721436 10.041281700134277      
5 -0.23942017555236816 0.3770867586135864 10.065223693847656      
6 -0.1472434103488922 0.37828385829925537 10.047266960144043      
7 0.35434186458587646 0.35913026332855225 10.02811336517334      
8 0.031124621629714966 0.3687070608139038 10.040084838867188      
9 -0.3794809579849243 0.39384618401527405 10.071209907531738      
10 -0.11611878126859665 0.3770867586135864 10.05923843383789      
11 0.5063736438751221 0.3555389642715454 10.053253173828125      
12 0.019153613597154617 0.36152446269989014 10.04846477508545      
13 -0.4297592043876648 0.3519476354122162 10.035296440124512      
14 -0.36152446269989014 0.3423708379268646 10.011354446411133      
15 0.2908954918384552 0.3423708379268646 10.02452278137207      
16 0.35913026332855225 0.3495534360408783 10.050858497619629      
17 -0.20231004059314728 0.3687070608139038 10.08318042755127      
18 -0.12090718746185303 0.36990416049957275 10.073603630065918      
19 0.3603273630142212 0.3579331636428833 10.043676376342773      
20 0.023942016065120697 0.363918662071228 10.02452278137207      
21 -0.43694180250167847 0.36990416049957275 10.032901763916016      
22 -0.1388636976480484 0.3579331636428833 10.041281700134277      
23 0.5183446407318115 0.3495534360408783 10.046070098876953      
24 0.3387795388698578 0.3579331636428833 10.062829971313477      
25 -0.3794809579849243 0.35673606395721436 10.019734382629395      
26 -0.3818751573562622 0.35673606395721436 10.017339706420898      
27 0.28371289372444153 0.35434186458587646 10.031704902648926      
28 0.3292027413845062 0.35434186458587646 10.052056312561035      
29 -0.17956513166427612 0.3734954595565796 10.089165687561035      
30 -0.13168109953403473 0.37828385829925537 10.072406768798828      
31 0.38307225704193115 0.3555389642715454 10.043676376342773      
32 -0.05985504388809204 0.365115761756897 10.023324966430664      
33 -0.45010992884635925 0.3758896589279175 10.020931243896484      
34 -0.14365209639072418 0.3663128614425659 10.040084838867188      
35 0.040701430290937424 0.363918662071228 10.04846477508545      
36 -0.3208230137825012 0.35913026332855225 10.035296440124512      
37 -0.3711012601852417 0.3687070608139038 10.02691650390625      
38 0.28969839215278625 0.3627215623855591 10.023324966430664      
39 0.3016694188117981 0.363918662071228 10.052056312561035      
40 -0.17477671802043915 0.3866635859012604 10.126276016235352      
41 -0.05027823522686958 0.38307225704193115 10.102334022521973      
42 0.4010287821292877 0.3758896589279175 10.08078670501709      
43 -0.028730420395731926 0.37828385829925537 10.031704902648926      
44 -0.4297592043876648 0.3878606855869293 10.042478561401367      
45 -0.11372458189725876 0.3663128614425659 10.050858497619629      
46 0.44532153010368347 0.3495534360408783 10.046070098876953      
47 0.30885201692581177 0.34835633635520935 10.0580415725708      
48 -0.4429273009300232 0.35075053572654724 10.022128105163574      
49 -0.3423708379268646 0.33279404044151306 9.999382972717285      
50 0.2298433631658554 0.32680854201316833 9.996989250183105      
51 0.31364041566848755 0.34835633635520935 10.030508041381836      
52 -0.22625206410884857 0.38905778527259827 10.128670692443848      
53 -0.07661445438861847 0.3998316824436188 10.104728698730469      
54 0.42377370595932007 0.3663128614425659 10.072406768798828      
55 -0.017956512048840523 0.36990416049957275 10.023324966430664      
56 -0.45489832758903503 0.37469255924224854 10.038887977600098      
57 -0.08259996026754379 0.3663128614425659 10.055646896362305      
58 0.43933600187301636 0.35673606395721436 10.064026832580566      
59 0.4141969084739685 0.35673606395721436 10.052056312561035      
60 -0.3363853394985199 0.3531447649002075 10.008959770202637      
61 -0.38546648621559143 0.3471592366695404 10.007762908935547      
62 0.2585737705230713 0.34356793761253357 10.000580787658691      
63 0.1735796183347702 0.35434186458587646 10.034099578857422      
64 -0.28371289372444153 0.3758896589279175 10.073603630065918      
65 -0.10654197633266449 0.37469255924224854 10.064026832580566      
66 0.42018240690231323 0.3663128614425659 10.052056312561035      
67 -0.06823474913835526 0.37229835987091064 10.012551307678223      
68 -0.4704606235027313 0.36990416049957275 10.02571964263916      
69 -0.30885201692581177 0.36152446269989014 10.038887977600098      
70 0.38546648621559143 0.35673606395721436 10.056844711303711      
71 0.38546648621559143 0.35673606395721436 10.05923843383789      
72 -0.3208230137825012 0.3519476354122162 10.02811336517334      
73 -0.3315969407558441 0.3555389642715454 10.023324966430664      
74 0.2585737705230713 0.34835633635520935 10.02691650390625      
75 0.17717093229293823 0.3531447649002075 10.049661636352539      
76 -0.2645592987537384 0.3770867586135864 10.089165687561035      
77 -0.06464344263076782 0.3770867586135864 10.086771965026855      
78 0.4776432514190674 0.365115761756897 10.077195167541504      
79 -0.004788403399288654 0.37229835987091064 10.013748168945312      
80 -0.4884171485900879 0.36990416049957275 10.032901763916016      
81 -0.15682020783424377 0.35673606395721436 10.037690162658691      
82 0.42616790533065796 0.35075053572654724 10.054450035095215      
83 0.4141969084739685 0.36152446269989014 10.064026832580566      
84 -0.243011474609375 0.36152446269989014 10.055646896362305      
85 -0.34356793761253357 0.34835633635520935 10.02571964263916      
86 0.1735796183347702 0.3411737382411957 10.011354446411133      
87 0.33279404044151306 0.3495534360408783 10.078392028808594      
88 -0.181959331035614 0.4034229815006256 10.11789608001709      
89 -0.05027823522686958 0.3998316824436188 10.111910820007324      
90 0.5207388401031494 0.363918662071228 10.08198356628418      
91 -0.524330198764801 0.36152446269989014 10.001777648925781      
92 -0.3016694188117981 0.35075053572654724 10.029311180114746      
93 -0.3016694188117981 0.35075053572654724 10.029311180114746      
94 0.42377370595932007 0.34835633635520935 10.044873237609863      
95 0.3363853394985199 0.365115761756897 10.041281700134277      
96 -0.2693476974964142 0.3555389642715454 10.02452278137207      
97 0.27892449498176575 0.3471592366695404 10.02452278137207      
98 0.1412578970193863 0.36152446269989014 10.079588890075684      
99 -0.3016694188117981 0.39384618401527405 10.090363502502441      
100 -0.05746084079146385 0.38067805767059326 10.072406768798828      
101 0.49799394607543945 0.35434186458587646 10.050858497619629      
102 0.013168109580874443 0.35913026332855225 10.029311180114746      
103 -0.45848962664604187 0.3663128614425659 10.02811336517334      
104 -0.1388636976480484 0.35434186458587646 10.017339706420898      
105 0.35913026332855225 0.3579331636428833 10.054450035095215      
106 0.3866635859012604 0.3627215623855591 10.040084838867188      
107 -0.2537853717803955 0.36152446269989014 10.019734382629395      
108 -0.30526071786880493 0.365115761756897 10.023324966430664      
109 0.26815059781074524 0.3531447649002075 10.022128105163574      
110 0.10175357013940811 0.3519476354122162 10.042478561401367      
111 -0.28371289372444153 0.3758896589279175 10.049661636352539      
112 -0.10534487664699554 0.3711012601852417 10.054450035095215      
113 0.46088382601737976 0.3555389642715454 10.053253173828125      
114 0.0011971008498221636 0.3579331636428833 10.016142845153809      
115 -0.4405331015586853 0.3519476354122162 10.013748168945312      
116 -0.3531447649002075 0.35913026332855225 10.023324966430664      
117 0.3818751573562622 0.3531447649002075 10.042478561401367      
118 0.41539400815963745 0.3627215623855591 10.038887977600098      
119 -0.19632454216480255 0.3603273630142212 10.061633110046387      
120 -0.2513911724090576 0.363918662071228 10.043676376342773      
121 0.2849099934101105 0.35913026332855225 10.007762908935547      
122 0.1041477769613266 0.3555389642715454 10.038887977600098      
123 -0.2513911724090576 0.38067805767059326 10.073603630065918      
124 -0.02513911761343479 0.38067805767059326 10.071209907531738      
125 0.507570743560791 0.3687070608139038 10.061633110046387      
126 0.008379706181585789 0.3711012601852417 10.043676376342773      
127 -0.4082113802433014 0.3519476354122162 10.023324966430664      
128 -0.12330138683319092 0.35075053572654724 10.034099578857422      
129 0.3411737382411957 0.3531447649002075 10.040084838867188      
130 0.34356793761253357 0.36152446269989014 10.054450035095215      
131 -0.2585737705230713 0.3663128614425659 10.052056312561035      
132 -0.1711854189634323 0.365115761756897 10.046070098876953      
133 0.35673606395721436 0.35434186458587646 10.046070098876953      
134 0.11013327538967133 0.3603273630142212 10.064026832580566      
135 -0.34596213698387146 0.38546648621559143 10.073603630065918      
136 0.010773907415568829 0.37469255924224854 10.062829971313477      
137 0.5171475410461426 0.35913026332855225 10.049661636352539      
138 -0.02753331884741783 0.3687070608139038 10.053253173828125      
139 -0.45010992884635925 0.35434186458587646 10.012551307678223      
140 -0.38307225704193115 0.35075053572654724 10.006566047668457      
141 0.3292027413845062 0.35075053572654724 10.02691650390625      
142 0.3519476354122162 0.365115761756897 10.044873237609863      
143 -0.24181437492370605 0.36152446269989014 10.061633110046387      
144 -0.25019407272338867 0.35434186458587646 10.044873237609863      
145 0.31364041566848755 0.3411737382411957 10.017339706420898      
146 0.028730420395731926 0.35434186458587646 10.013748168945312      
147 -0.3926490843296051 0.3734954595565796 10.047266960144043      
148 -0.028730420395731926 0.3687070608139038 10.05923843383789      
149 0.5841852426528931 0.35673606395721436 10.05923843383789      
150 -0.02992752194404602 0.3794809579849243 10.041281700134277      
151 -0.48602294921875 0.36990416049957275 10.007762908935547      
152 -0.38905778527259827 0.35673606395721436 10.005369186401367      
153 0.3471592366695404 0.3495534360408783 10.041281700134277      
154 0.395043283700943 0.3579331636428833 10.047266960144043      
155 -0.1867477297782898 0.365115761756897 10.05923843383789      
156 0.30047231912612915 0.34596213698387146 10.020931243896484      
157 0.06464344263076782 0.3531447649002075 10.031704902648926      
158 -0.3794809579849243 0.38546648621559143 10.067618370056152      
159 -0.08379705995321274 0.37828385829925537 10.073603630065918      
160 0.5291185975074768 0.35673606395721436 10.041281700134277      
161 -0.090979665517807 0.3711012601852417 10.035296440124512      
162 -0.5590460896492004 0.34356793761253357 9.99339771270752      
163 -0.4129997789859772 0.3387795388698578 9.975440979003906      
164 0.2825157940387726 0.333991140127182 10.004171371459961      
165 0.31124621629714966 0.3519476354122162 10.02571964263916      
166 -0.17956513166427612 0.37469255924224854 10.08078670501709      
167 -0.2082955539226532 0.3687070608139038 10.055646896362305      
168 0.31124621629714966 0.35673606395721436 10.017339706420898      
169 0.07422025501728058 0.3531447649002075 10.02811336517334      
170 -0.37229835987091064 0.3866635859012604 10.056844711303711      
171 -0.06584054976701736 0.3711012601852417 10.075998306274414      
172 0.4944026470184326 0.3495534360408783 10.04846477508545      
173 -0.017956512048840523 0.3627215623855591 10.036493301391602      
174 -0.5363011956214905 0.3627215623855591 10.017339706420898      
175 -0.3495534360408783 0.35913026332855225 10.001777648925781      
176 0.3471592366695404 0.34596213698387146 10.014945983886719      
177 0.3842693865299225 0.3603273630142212 10.044873237609863      
178 -0.15442600846290588 0.3770867586135864 10.092757225036621      
179 -0.18076223134994507 0.3878606855869293 10.074800491333008      
180 0.33518823981285095 0.3627215623855591 10.037690162658691      
181 0.02274491637945175 0.35434186458587646 10.040084838867188      
182 -0.40940847992897034 0.3770867586135864 10.04846477508545      
183 -0.13287819921970367 0.37229835987091064 10.055646896362305      
184 0.5566518902778625 0.35434186458587646 10.047266960144043      
185 0.023942016065120697 0.35673606395721436 10.042478561401367      
186 -0.40462008118629456 0.35434186458587646 9.995792388916016      
187 -0.3734954595565796 0.35075053572654724 9.986215591430664      
188 0.2885012924671173 0.3471592366695404 10.017339706420898      
189 0.33518823981285095 0.3579331636428833 10.046070098876953      
190 -0.16400282084941864 0.3734954595565796 10.090363502502441      
191 -0.12090718746185303 0.3770867586135864 10.074800491333008      
192 0.37469255924224854 0.3579331636428833 10.054450035095215      
193 0.010773907415568829 0.36152446269989014 10.030508041381836      
194 -0.4644751250743866 0.37828385829925537 10.036493301391602      
195 -0.1735796183347702 0.3603273630142212 10.047266960144043      
196 0.5195417404174805 0.33758243918418884 10.046070098876953      
197 0.3172317147254944 0.35434186458587646 10.04846477508545      
198 -0.40701428055763245 0.35075053572654724 10.017339706420898      
199 -0.38546648621559143 0.35075053572654724 10.010157585144043      
200 0.2801215946674347 0.34596213698387146 9.996989250183105      
201 0.2885012924671173 0.35673606395721436 10.02452278137207      
202 -0.21428105235099792 0.3711012601852417 10.073603630065918      
203 -0.07781155407428741 0.37469255924224854 10.073603630065918      
204 0.3256114423274994 0.37229835987091064 10.05923843383789      
205 0.05626374110579491 0.37469255924224854 10.06043529510498      
206 -0.39863458275794983 0.395043283700943 10.078392028808594      
207 -0.10534487664699554 0.38546648621559143 10.077195167541504      
208 0.42856210470199585 0.3579331636428833 10.056844711303711      
209 0.3423708379268646 0.35075053572654724 10.064026832580566      
210 -0.3555389642715454 0.3531447649002075 10.02811336517334      
211 -0.4165911078453064 0.3555389642715454 9.99459457397461      
212 0.26336219906806946 0.35075053572654724 10.011354446411133      
213 -0.22625206410884857 0.37469255924224854 10.090363502502441      
214 -0.11971008777618408 0.3770867586135864 10.075998306274414      
215 0.38905778527259827 0.35673606395721436 10.049661636352539      
216 -0.047884032130241394 0.36152446269989014 10.02691650390625      
217 -0.49320554733276367 0.37828385829925537 10.030508041381836      
218 -0.05985504388809204 0.36152446269989014 10.044873237609863      
219 0.5877765417098999 0.3531447649002075 10.071209907531738      
220 0.3471592366695404 0.36990416049957275 10.074800491333008      
221 -0.33279404044151306 0.3531447649002075 10.035296440124512      
222 -0.3076549172401428 0.35434186458587646 10.02452278137207      
223 0.2861070930957794 0.3411737382411957 10.007762908935547      
224 0.21308395266532898 0.35075053572654724 10.02571964263916      
225 -0.22744916379451752 0.3998316824436188 10.089165687561035      
226 -0.038307227194309235 0.3926490843296051 10.08318042755127      
227 0.45250412821769714 0.36152446269989014 10.064026832580566      
228 -0.016759412363171577 0.3687070608139038 10.013748168945312      
229 -0.45250412821769714 0.37828385829925537 10.02811336517334      
230 -0.13407529890537262 0.37229835987091064 10.062829971313477      
231 0.5961562395095825 0.35913026332855225 10.071209907531738      
232 -0.014365210197865963 0.35913026332855225 10.043676376342773      
233 -0.3794809579849243 0.33997663855552673 9.99459457397461      
234 -0.31364041566848755 0.33997663855552673 9.99100399017334      
235 0.2777273952960968 0.3519476354122162 10.014945983886719      
236 0.33518823981285095 0.363918662071228 10.066421508789062      
237 -0.16400282084941864 0.3926490843296051 10.119093894958496      
238 -0.05746084079146385 0.3866635859012604 10.099940299987793      
239 0.46567222476005554 0.36152446269989014 10.050858497619629      
240 -0.03950432687997818 0.3579331636428833 10.011354446411133      
241 -0.47405192255973816 0.3687070608139038 10.023324966430664      
242 -0.08738835901021957 0.35913026332855225 10.043676376342773      
243 0.38905778527259827 0.36152446269989014 10.066421508789062      
244 0.3842693865299225 0.3687070608139038 10.064026832580566      
245 -0.2717418968677521 0.3579331636428833 10.047266960144043      
246 -0.27413609623908997 0.35673606395721436 10.035296440124512      
247 0.2992752194404602 0.35673606395721436 10.032901763916016      
248 0.27054479718208313 0.3603273630142212 10.0580415725708      
249 -0.29209262132644653 0.3866635859012604 10.098742485046387      
250 -0.10175357013940811 0.38307225704193115 10.08437728881836      
251 0.4668693244457245 0.35673606395721436 10.06043529510498      
252 -0.12330138683319092 0.3603273630142212 10.014945983886719      
253 -0.6224924325942993 0.3531447649002075 9.998186111450195      
254 -0.1472434103488922 0.3471592366695404 10.036493301391602      
255 0.40940847992897034 0.34596213698387146 10.029311180114746      
256 0.34835633635520935 0.35673606395721436 10.041281700134277      
257 -0.3076549172401428 0.35434186458587646 10.029311180114746      
258 -0.2777273952960968 0.35913026332855225 10.02571964263916      
259 0.3100491166114807 0.3555389642715454 10.02691650390625      
260 0.15801730751991272 0.35913026332855225 10.06043529510498      
261 -0.27054479718208313 0.3818751573562622 10.079588890075684      
262 -0.07900865375995636 0.37469255924224854 10.055646896362305      
263 0.48482584953308105 0.35075053572654724 10.046070098876953      
264 -0.015562310814857483 0.3687070608139038 10.02811336517334      
265 -0.46327802538871765 0.36750996112823486 10.019734382629395      
266 -0.3280056416988373 0.3579331636428833 10.022128105163574      
267 0.35913026332855225 0.3495534360408783 10.036493301391602      
268 0.38546648621559143 0.3555389642715454 10.043676376342773      
269 -0.2753331959247589 0.3519476354122162 10.007762908935547      
270 -0.26096799969673157 0.3627215623855591 10.037690162658691      
271 0.3064578175544739 0.35913026332855225 10.030508041381836      
272 0.090979665517807 0.365115761756897 10.047266960144043      
273 -0.304063618183136 0.39145198464393616 10.085575103759766      
274 0.5279214978218079 0.35075053572654724 10.041281700134277      
275 -0.017956512048840523 0.35913026332855225 10.010157585144043      
276 -0.4908113479614258 0.3663128614425659 10.013748168945312      
277 -0.1628057211637497 0.3555389642715454 10.014945983886719      
278 0.3878606855869293 0.35913026332855225 10.040084838867188      
279 0.30885201692581177 0.36750996112823486 10.037690162658691      
280 -0.3256114423274994 0.35913026332855225 10.016142845153809      
281 -0.30286651849746704 0.3579331636428833 10.020931243896484      
282 0.2885012924671173 0.3579331636428833 10.023324966430664      
283 0.16519992053508759 0.363918662071228 10.044873237609863      
284 -0.2693476974964142 0.3926490843296051 10.101137161254883      
285 -0.033518824726343155 0.3818751573562622 10.093954086303711      
286 0.5003881454467773 0.3663128614425659 10.049661636352539      
287 -0.043095629662275314 0.36990416049957275 10.02571964263916      
288 -0.5183446407318115 0.3555389642715454 10.006566047668457      
289 -0.12928688526153564 0.35075053572654724 10.02691650390625      
290 0.547075092792511 0.35434186458587646 10.049661636352539      
291 0.3902548849582672 0.365115761756897 10.038887977600098      
292 -0.20231004059314728 0.37229835987091064 10.072406768798828      
293 -0.24899697303771973 0.36990416049957275 10.0580415725708      
294 0.31364041566848755 0.3519476354122162 10.02811336517334      
295 0.11133038252592087 0.35075053572654724 10.040084838867188      
296 -0.3579331636428833 0.3818751573562622 10.071209907531738      
297 -0.07422025501728058 0.3794809579849243 10.079588890075684      
298 0.48961424827575684 0.3579331636428833 10.04846477508545      
299 -0.09576806426048279 0.35913026332855225 9.982624053955078      
300 -0.5195417404174805 0.35673606395721436 10.001777648925781      
301 -0.3531447649002075 0.3531447649002075 10.018536567687988      
302 0.4082113802433014 0.3495534360408783 10.035296440124512      
303 0.38546648621559143 0.35913026332855225 10.029311180114746      
304 -0.2753331959247589 0.3627215623855591 10.056844711303711      
305 -0.3208230137825012 0.3603273630142212 10.031704902648926      
306 0.25258827209472656 0.3495534360408783 10.019734382629395      
307 0.09576806426048279 0.3519476354122162 10.029311180114746      
308 -0.3471592366695404 0.3878606855869293 10.077195167541504      
309 -0.011971008032560349 0.38905778527259827 10.108319282531738      
310 0.547075092792511 0.3687070608139038 10.074800491333008      
311 -0.02753331884741783 0.36990416049957275 10.05923843383789      
312 -0.5386953949928284 0.35075053572654724 9.999382972717285      
313 -0.38546648621559143 0.35075053572654724 9.995792388916016      
314 0.3531447649002075 0.3519476354122162 10.031704902648926      
315 0.3555389642715454 0.3579331636428833 10.040084838867188      
316 -0.22385786473751068 0.36152446269989014 10.053253173828125      
317 -0.1388636976480484 0.363918662071228 10.062829971313477      
318 0.30047231912612915 0.36990416049957275 10.06043529510498      
319 0.07541735470294952 0.36750996112823486 10.062829971313477      
320 -0.35075053572654724 0.3866635859012604 10.075998306274414      
321 -0.09696517139673233 0.3794809579849243 10.067618370056152      
322 0.5734112858772278 0.35913026332855225 10.062829971313477      
323 0.047884032130241394 0.3603273630142212 10.030508041381836      
324 -0.3627215623855591 0.35075053572654724 10.036493301391602      
325 -0.3711012601852417 0.35913026332855225 10.007762908935547      
326 0.32441434264183044 0.3519476354122162 10.02452278137207      
327 -0.2717418968677521 0.3734954595565796 10.08078670501709      
328 -0.13048399984836578 0.36750996112823486 10.06043529510498      
329 0.36990416049957275 0.3603273630142212 10.05923843383789      
330 -0.0933738648891449 0.36990416049957275 10.052056312561035      
331 -0.0933738648891449 0.36990416049957275 10.052056312561035      
332 -0.11133038252592087 0.35434186458587646 10.04846477508545      
333 0.5327098965644836 0.3423708379268646 10.046070098876953      
334 0.29807811975479126 0.3627215623855591 10.044873237609863      
335 -0.4465186297893524 0.35913026332855225 10.02811336517334      
336 -0.365115761756897 0.3423708379268646 9.995792388916016      
337 0.2944868206977844 0.333991140127182 10.004171371459961      
338 0.3292027413845062 0.3531447649002075 10.02691650390625      
339 -0.13766659796237946 0.3758896589279175 10.091560363769531      
340 -0.16879121959209442 0.38067805767059326 10.056844711303711      
341 0.2908954918384552 0.36152446269989014 10.038887977600098      
342 0.019153613597154617 0.36152446269989014 10.044873237609863      
343 -0.37469255924224854 0.3866635859012604 10.061633110046387      
344 -0.07182604819536209 0.37828385829925537 10.08078670501709      
345 0.5614402890205383 0.365115761756897 10.08078670501709      
346 0.39384618401527405 0.35913026332855225 10.08437728881836      
347 -0.39145198464393616 0.3579331636428833 10.016142845153809      
348 -0.4106055796146393 0.3579331636428833 9.999382972717285      
349 0.27054479718208313 0.3531447649002075 10.02571964263916      
350 0.32441434264183044 0.3519476354122162 10.041281700134277      
351 -0.21428105235099792 0.3818751573562622 10.08437728881836      
352 -0.11013327538967133 0.3818751573562622 10.08318042755127      
353 0.3842693865299225 0.36152446269989014 10.046070098876953      
354 -0.002394201699644327 0.3627215623855591 10.018536567687988      
355 -0.46088382601737976 0.3842693865299225 10.055646896362305      
356 -0.0694318488240242 0.37469255924224854 10.08318042755127      
357 0.5674257874488831 0.3627215623855591 10.072406768798828      
358 0.3315969407558441 0.363918662071228 10.065223693847656      
359 -0.3878606855869293 0.34835633635520935 10.005369186401367      
360 -0.29807811975479126 0.3363853394985199 10.000580787658691      
361 0.2825157940387726 0.3471592366695404 10.030508041381836      
362 0.27054479718208313 0.35913026332855225 10.049661636352539      
363 -0.2059013396501541 0.38307225704193115 10.085575103759766      
364 -0.0933738648891449 0.3734954595565796 10.062829971313477      
365 0.3998316824436188 0.3495534360408783 10.032901763916016      
366 -0.06584054976701736 0.363918662071228 10.036493301391602      
367 -0.5279214978218079 0.37469255924224854 10.043676376342773      
368 -0.09457096457481384 0.3495534360408783 10.044873237609863      
369 0.5195417404174805 0.3495534360408783 10.043676376342773      
370 0.04668693244457245 0.36152446269989014 10.055646896362305      
371 -0.31364041566848755 0.35434186458587646 10.017339706420898      
372 -0.2944868206977844 0.35434186458587646 10.02811336517334      
373 0.304063618183136 0.3555389642715454 10.044873237609863      
374 0.2693476974964142 0.35913026332855225 10.08318042755127      
375 -0.243011474609375 0.3866635859012604 10.086771965026855      
376 -0.10534487664699554 0.3818751573562622 10.071209907531738      
377 0.4513070285320282 0.3555389642715454 10.052056312561035      
378 -0.013168109580874443 0.363918662071228 10.02452278137207      
379 -0.47644615173339844 0.37229835987091064 10.035296440124512      
380 -0.11611878126859665 0.3663128614425659 10.056844711303711      
381 0.4034229815006256 0.3663128614425659 10.065223693847656      
382 0.3471592366695404 0.36990416049957275 10.074800491333008      
383 -0.27653029561042786 0.37828385829925537 10.06043529510498      
384 -0.152031809091568 0.36750996112823486 10.05923843383789      
385 0.33279404044151306 0.3627215623855591 10.049661636352539      
386 0.243011474609375 0.363918662071228 10.062829971313477      
387 -0.20350714027881622 0.38905778527259827 10.109517097473145      
388 -0.05746084079146385 0.38307225704193115 10.089165687561035      
389 0.0035913025494664907 0.36990416049957275 10.022128105163574      
390 -0.4129997789859772 0.37828385829925537 10.041281700134277      
391 -0.05746084079146385 0.363918662071228 10.054450035095215      
392 0.5973533391952515 0.3579331636428833 10.06043529510498      
393 0.4273650050163269 0.36750996112823486 10.074800491333008      
394 -0.26096799969673157 0.365115761756897 10.044873237609863      
395 -0.2861070930957794 0.365115761756897 10.02452278137207      
396 0.26815059781074524 0.3579331636428833 10.034099578857422      
397 0.2849099934101105 0.35913026332855225 10.054450035095215      
398 -0.22385786473751068 0.38067805767059326 10.096348762512207      
399 -0.061052143573760986 0.3794809579849243 10.08078670501709      
400 0.42018240690231323 0.3627215623855591 10.061633110046387      
401 -0.090979665517807 0.3627215623855591 10.006566047668457      
402 -0.5207388401031494 0.36990416049957275 10.019734382629395      
403 -0.11133038252592087 0.3555389642715454 10.036493301391602      
404 0.424970805644989 0.34835633635520935 10.054450035095215      
405 0.3603273630142212 0.36152446269989014 10.068815231323242      
406 -0.3423708379268646 0.3579331636428833 10.011354446411133      
407 -0.31603461503982544 0.3531447649002075 10.011354446411133      
408 0.2944868206977844 0.33997663855552673 10.020931243896484      
409 0.15682020783424377 0.3531447649002075 10.043676376342773      
410 -0.28969839215278625 0.37469255924224854 10.090363502502441      
411 -0.07900865375995636 0.37828385829925537 10.085575103759766      
412 0.46806642413139343 0.35673606395721436 10.054450035095215      
413 -0.08499415963888168 0.36152446269989014 10.006566047668457      
414 -0.456095427274704 0.3603273630142212 10.010157585144043      
415 -0.17477671802043915 0.35075053572654724 10.020931243896484      
416 0.2693476974964142 0.34596213698387146 10.010157585144043      
417 0.3495534360408783 0.35434186458587646 10.029311180114746      
418 -0.24181437492370605 0.35913026332855225 10.071209907531738      
419 -0.2885012924671173 0.363918662071228 10.047266960144043      
420 0.2585737705230713 0.34835633635520935 10.023324966430664      
421 0.1388636976480484 0.35673606395721436 10.06043529510498      
422 -0.25258827209472656 0.3866635859012604 10.11789608001709      
423 -0.09576806426048279 0.37469255924224854 10.086771965026855      
424 0.49799394607543945 0.3495534360408783 10.049661636352539      
425 0.0071826050989329815 0.3579331636428833 10.02452278137207      
426 -0.48243165016174316 0.363918662071228 10.02571964263916      
427 -0.17717093229293823 0.3579331636428833 10.02691650390625      
428 0.3842693865299225 0.34356793761253357 10.038887977600098      
429 0.3555389642715454 0.3447650372982025 10.040084838867188      
430 -0.25737667083740234 0.3495534360408783 10.037690162658691      
431 -0.2825157940387726 0.3603273630142212 10.044873237609863      
432 0.25019407272338867 0.35673606395721436 10.038887977600098      
433 0.1149216815829277 0.36152446269989014 10.065223693847656      
434 -0.2861070930957794 0.37469255924224854 10.078392028808594      
435 -0.05386953800916672 0.3687070608139038 10.065223693847656      
436 0.4836287498474121 0.3603273630142212 10.062829971313477      
437 -0.04189852997660637 0.365115761756897 10.010157585144043      
438 -0.5351040959358215 0.36152446269989014 10.010157585144043      
439 -0.39145198464393616 0.3687070608139038 10.007762908935547      
440 0.4129997789859772 0.3603273630142212 10.065223693847656      
441 -0.23702596127986908 0.3603273630142212 10.055646896362305      
442 -0.1364694982767105 0.3603273630142212 10.052056312561035      
443 0.34356793761253357 0.3627215623855591 10.050858497619629      
444 0.12928688526153564 0.37229835987091064 10.064026832580566      
445 -0.26575639843940735 0.38307225704193115 10.073603630065918      
446 -0.0347159244120121 0.3734954595565796 10.061633110046387      
447 0.4668693244457245 0.35673606395721436 10.040084838867188      
448 -0.04908113554120064 0.365115761756897 10.020931243896484      
449 -0.4812345504760742 0.3579331636428833 10.013748168945312      
450 -0.19153612852096558 0.3495534360408783 10.017339706420898      
451 0.47165772318840027 0.33997663855552673 10.004171371459961      
452 0.34356793761253357 0.34835633635520935 10.02811336517334      
453 -0.2561795711517334 0.37229835987091064 10.068815231323242      
454 -0.24181437492370605 0.37229835987091064 10.05923843383789      
455 0.3603273630142212 0.3579331636428833 10.046070098876953      
456 0.16879121959209442 0.3555389642715454 10.072406768798828      
457 -0.26336219906806946 0.3818751573562622 10.086771965026855      
458 -0.0586579404771328 0.38067805767059326 10.073603630065918      
459 0.5015852451324463 0.3519476354122162 10.052056312561035      
460 -0.03950432687997818 0.35434186458587646 10.019734382629395      
461 -0.4728548228740692 0.35434186458587646 10.008959770202637      
462 -0.3627215623855591 0.3579331636428833 10.005369186401367      
463 0.333991140127182 0.35075053572654724 10.038887977600098      
464 0.3292027413845062 0.35434186458587646 10.02691650390625      
465 -0.28371289372444153 0.363918662071228 10.064026832580566      
466 -0.17477671802043915 0.36990416049957275 10.067618370056152      
467 0.3363853394985199 0.3711012601852417 10.05923843383789      
468 0.06224924325942993 0.37229835987091064 10.066421508789062      
469 -0.363918662071228 0.3902548849582672 10.070012092590332      
470 -0.090979665517807 0.37229835987091064 10.064026832580566      
471 0.5183446407318115 0.35075053572654724 10.046070098876953      
472 -0.0071826050989329815 0.365115761756897 10.038887977600098      
473 -0.39145198464393616 0.3555389642715454 10.018536567687988      
474 -0.0347159244120121 0.3519476354122162 10.019734382629395      
475 0.36750996112823486 0.3555389642715454 10.037690162658691      
476 0.37828385829925537 0.3579331636428833 10.043676376342773      
477 -0.26815059781074524 0.37229835987091064 10.055646896362305      
478 -0.20350714027881622 0.3758896589279175 10.062829971313477      
479 0.3471592366695404 0.36750996112823486 10.042478561401367      
480 0.07781155407428741 0.363918662071228 10.043676376342773      
481 -0.38307225704193115 0.38905778527259827 10.064026832580566      
482 -0.016759412363171577 0.37469255924224854 10.071209907531738      
483 0.52552729845047 0.3603273630142212 10.054450035095215      
484 -0.0011971008498221636 0.3734954595565796 10.046070098876953      
485 -0.4273650050163269 0.3687070608139038 10.036493301391602      
486 -0.3519476354122162 0.36152446269989014 10.018536567687988      
487 0.2932897210121155 0.34596213698387146 10.004171371459961      
488 0.33039984107017517 0.35075053572654724 10.02811336517334      
489 -0.23702596127986908 0.363918662071228 10.06043529510498      
490 -0.29807811975479126 0.3627215623855591 10.038887977600098      
491 0.02513911761343479 0.3495534360408783 10.035296440124512      
492 -0.3794809579849243 0.3734954595565796 10.05923843383789      
493 -0.3794809579849243 0.3734954595565796 10.05923843383789      
494 0.4836287498474121 0.3495534360408783 10.038887977600098      
495 0.02992752194404602 0.3603273630142212 10.030508041381836      
496 -0.4572925269603729 0.3531447649002075 10.023324966430664      
497 -0.3770867586135864 0.35673606395721436 10.010157585144043      
498 0.2669534981250763 0.3387795388698578 10.011354446411133      
499 0.3423708379268646 0.34596213698387146 10.030508041381836      
500 -0.2585737705230713 0.3603273630142212 10.049661636352539      
501 -0.20111294090747833 0.3687070608139038 10.038887977600098      
502 0.30286651849746704 0.3603273630142212 10.040084838867188      
503 0.14604631066322327 0.3627215623855591 10.075998306274414      
504 -0.2777273952960968 0.3902548849582672 10.089165687561035      
505 -0.090979665517807 0.3842693865299225 10.087968826293945      
506 0.5506663918495178 0.3579331636428833 10.05923843383789      
507 -0.017956512048840523 0.36990416049957275 10.046070098876953      
508 -0.4596867263317108 0.35913026332855225 10.019734382629395      
509 -0.3280056416988373 0.3579331636428833 10.008959770202637      
510 0.35434186458587646 0.35434186458587646 10.037690162658691      
511 0.333991140127182 0.36152446269989014 10.040084838867188      
512 -0.20231004059314728 0.3687070608139038 10.074800491333008      
513 -0.08259996026754379 0.37469255924224854 10.078392028808594      
514 0.39384618401527405 0.36750996112823486 10.0580415725708      
515 0.038307227194309235 0.3663128614425659 10.050858497619629      
516 -0.3974374830722809 0.3758896589279175 10.061633110046387      
517 -0.06584054976701736 0.35673606395721436 10.038887977600098      
518 0.5662286877632141 0.34835633635520935 10.038887977600098      
519 -0.05267243832349777 0.36152446269989014 10.02452278137207      
520 -0.5195417404174805 0.35913026332855225 10.012551307678223      
521 -0.31124621629714966 0.34596213698387146 10.004171371459961      
522 0.272938996553421 0.3363853394985199 9.998186111450195      
523 0.4297592043876648 0.34356793761253357 10.035296440124512      
524 -0.17717093229293823 0.36990416049957275 10.078392028808594      
525 -0.11252748221158981 0.3770867586135864 10.077195167541504      
526 0.39384618401527405 0.36152446269989014 10.064026832580566      
527 0.08379705995321274 0.3603273630142212 10.047266960144043      
528 -0.39384618401527405 0.3902548849582672 10.086771965026855      
529 -0.05027823522686958 0.37828385829925537 10.08437728881836      
530 0.5398924946784973 0.36152446269989014 10.067618370056152      
531 -0.03232172131538391 0.36990416049957275 10.049661636352539      
532 -0.46806642413139343 0.3603273630142212 9.998186111450195      
533 -0.3495534360408783 0.3471592366695404 9.99220085144043      
534 0.2849099934101105 0.34356793761253357 10.004171371459961      
535 0.3603273630142212 0.35434186458587646 10.031704902648926      
536 -0.152031809091568 0.37469255924224854 10.074800491333008      
537 -0.14484919607639313 0.3770867586135864 10.065223693847656      
538 0.4010287821292877 0.365115761756897 10.049661636352539      
539 0.0011971008498221636 0.3663128614425659 10.031704902648926      
540 -0.4297592043876648 0.3818751573562622 10.041281700134277      
541 -0.11611878126859665 0.37229835987091064 10.047266960144043      
542 0.5901707410812378 0.3555389642715454 10.056844711303711      
543 0.32680854201316833 0.35913026332855225 10.062829971313477      
544 -0.4165911078453064 0.35075053572654724 9.998186111450195      
545 -0.3531447649002075 0.3387795388698578 9.99339771270752      
546 0.2861070930957794 0.33997663855552673 10.017339706420898      
547 0.3064578175544739 0.3519476354122162 10.037690162658691      
548 -0.23702596127986908 0.3794809579849243 10.074800491333008      
549 -0.09576806426048279 0.37828385829925537 10.073603630065918      
550 0.011971008032560349 0.3711012601852417 10.04846477508545      
551 -0.3878606855869293 0.3926490843296051 10.070012092590332      
552 -0.07781155407428741 0.3794809579849243 10.073603630065918      
553 0.5770025849342346 0.3603273630142212 10.055646896362305      
554 0.040701430290937424 0.3711012601852417 10.046070098876953      
555 -0.395043283700943 0.3531447649002075 10.022128105163574      
556 -0.28969839215278625 0.34356793761253357 10.007762908935547      
557 0.2537853717803955 0.3531447649002075 10.035296440124512      
558 0.2932897210121155 0.3627215623855591 10.041281700134277      
559 -0.1604115068912506 0.3926490843296051 10.086771965026855      
560 -0.07062894850969315 0.3842693865299225 10.066421508789062      
561 0.39384618401527405 0.365115761756897 10.043676376342773      
562 0.028730420395731926 0.36990416049957275 10.034099578857422      
563 -0.42377370595932007 0.3842693865299225 10.055646896362305      
564 -0.13048399984836578 0.3734954595565796 10.054450035095215      
565 0.5542576909065247 0.3579331636428833 10.056844711303711      
566 0.32441434264183044 0.363918662071228 10.064026832580566      
567 -0.39384618401527405 0.34835633635520935 10.005369186401367      
568 -0.3196259140968323 0.33997663855552673 10.002974510192871      
569 0.3076549172401428 0.3495534360408783 10.031704902648926      
570 0.2298433631658554 0.36152446269989014 10.04846477508545      
571 -0.2322375625371933 0.37469255924224854 10.093954086303711      
572 -0.08499415963888168 0.37229835987091064 10.075998306274414      
573 0.34596213698387146 0.35075053572654724 10.034099578857422      
574 -0.05746084079146385 0.35434186458587646 10.008959770202637      
575 -0.45010992884635925 0.3579331636428833 10.019734382629395      
576 -0.09696517139673233 0.3471592366695404 10.030508041381836      
577 0.5722141861915588 0.35075053572654724 10.052056312561035      
578 0.06224924325942993 0.3711012601852417 10.065223693847656      
579 -0.3423708379268646 0.3627215623855591 10.023324966430664      
580 -0.25258827209472656 0.35913026332855225 10.017339706420898      
581 0.35075053572654724 0.34835633635520935 10.031704902648926      
582 0.2908954918384552 0.35434186458587646 10.043676376342773      
583 -0.1999158412218094 0.36750996112823486 10.072406768798828      
584 -0.07900865375995636 0.3734954595565796 10.062829971313477      
585 0.44412440061569214 0.363918662071228 10.054450035095215      
586 0.06823474913835526 0.36152446269989014 10.042478561401367      
587 -0.38905778527259827 0.3687070608139038 10.046070098876953      
588 -0.11013327538967133 0.37229835987091064 10.046070098876953      
589 0.6224924325942993 0.35913026332855225 10.070012092590332      
590 0.43335050344467163 0.35434186458587646 10.040084838867188      
591 -0.2777273952960968 0.333991140127182 10.023324966430664      
592 -0.3687070608139038 0.3447650372982025 10.013748168945312      
593 0.26096799969673157 0.35075053572654724 10.030508041381836      
594 0.152031809091568 0.35673606395721436 10.053253173828125      
595 -0.25498247146606445 0.3758896589279175 10.091560363769531      
596 -0.06344634294509888 0.37469255924224854 10.072406768798828      
597 0.4489128291606903 0.35673606395721436 10.050858497619629      
598 -0.06823474913835526 0.363918662071228 10.008959770202637      
599 -0.40222588181495667 0.3663128614425659 10.017339706420898      
600 -0.10773907601833344 0.3603273630142212 10.040084838867188      
601 0.3794809579849243 0.3603273630142212 10.037690162658691      
602 0.37469255924224854 0.363918662071228 10.043676376342773      
603 -0.2849099934101105 0.3579331636428833 10.02811336517334      
604 -0.25977087020874023 0.3579331636428833 10.029311180114746      
605 0.28131869435310364 0.35913026332855225 10.038887977600098      
606 0.12210428714752197 0.3603273630142212 10.065223693847656      
607 -0.33997663855552673 0.3842693865299225 10.085575103759766      
608 -0.1041477769613266 0.3758896589279175 10.073603630065918      
609 0.5003881454467773 0.3531447649002075 10.031704902648926      
610 -0.05746084079146385 0.3627215623855591 10.006566047668457      
611 -0.4704606235027313 0.36152446269989014 10.014945983886719      
612 -0.33039984107017517 0.3687070608139038 10.041281700134277      
613 0.3411737382411957 0.35434186458587646 10.041281700134277      
614 0.4034229815006256 0.35913026332855225 10.041281700134277      
615 -0.17717093229293823 0.363918662071228 10.055646896362305      
616 -0.25498247146606445 0.3711012601852417 10.044873237609863      
617 0.2801215946674347 0.35673606395721436 10.036493301391602      
618 0.1412578970193863 0.3603273630142212 10.064026832580566      
619 -0.10295066982507706 0.3818751573562622 10.08437728881836      
620 0.4908113479614258 0.35075053572654724 10.055646896362305      
621 -0.0454898327589035 0.35673606395721436 10.013748168945312      
622 -0.5015852451324463 0.3579331636428833 10.023324966430664      
623 -0.363918662071228 0.363918662071228 10.032901763916016      
624 0.5303156971931458 0.34596213698387146 10.047266960144043      
625 0.36990416049957275 0.35075053572654724 10.04846477508545      
626 -0.31364041566848755 0.3627215623855591 10.055646896362305      
627 -0.24420857429504395 0.3627215623855591 10.038887977600098      
628 0.32202014327049255 0.3495534360408783 10.034099578857422      
629 0.10654197633266449 0.35673606395721436 10.050858497619629      
630 -0.33279404044151306 0.3818751573562622 10.072406768798828      
631 -0.0454898327589035 0.37229835987091064 10.065223693847656      
632 0.5518634915351868 0.36152446269989014 10.055646896362305      
633 -0.05267243832349777 0.3687070608139038 10.02811336517334      
634 -0.4776432514190674 0.35075053572654724 10.004171371459961      
635 -0.3076549172401428 0.3447650372982025 9.99459457397461      
636 0.37828385829925537 0.3471592366695404 10.02571964263916      
637 0.41539400815963745 0.3603273630142212 10.049661636352539      
638 -0.19273324310779572 0.37229835987091064 10.079588890075684      
639 -0.1628057211637497 0.37828385829925537 10.08318042755127      
640 0.2717418968677521 0.3579331636428833 10.042478561401367      
641 -0.021547814831137657 0.3663128614425659 10.054450035095215      
642 -0.3866635859012604 0.3926490843296051 10.08198356628418      
643 -0.3866635859012604 0.36990416049957275 10.071209907531738      
644 0.5267243981361389 0.34835633635520935 10.040084838867188      
645 -0.0071826050989329815 0.3627215623855591 10.040084838867188      
646 -0.4165911078453064 0.3579331636428833 10.030508041381836      
647 -0.3172317147254944 0.363918662071228 10.031704902648926      
648 0.3208230137825012 0.35913026332855225 10.031704902648926      
649 0.30526071786880493 0.3555389642715454 10.019734382629395      
650 -0.20949265360832214 0.37828385829925537 10.077195167541504      
651 -0.16160862147808075 0.3711012601852417 10.056844711303711      
652 0.33039984107017517 0.35913026332855225 10.036493301391602      
653 0.05746084079146385 0.35913026332855225 10.041281700134277      
654 -0.37229835987091064 0.38905778527259827 10.066421508789062      
655 -0.0694318488240242 0.37828385829925537 10.064026832580566      
656 0.5602431893348694 0.36152446269989014 10.0580415725708      
657 0.017956512048840523 0.36750996112823486 10.053253173828125      
658 -0.44412440061569214 0.35075053572654724 10.000580787658691      
659 -0.3974374830722809 0.3519476354122162 10.007762908935547      
660 0.304063618183136 0.35075053572654724 10.022128105163574      
661 0.395043283700943 0.35913026332855225 10.036493301391602      
662 -0.19393034279346466 0.3711012601852417 10.072406768798828      
663 -0.14484919607639313 0.38067805767059326 10.079588890075684      
664 0.363918662071228 0.36152446269989014 10.042478561401367      
665 -0.033518824726343155 0.3711012601852417 10.034099578857422      
666 -0.363918662071228 0.3866635859012604 10.050858497619629      
667 -0.02274491637945175 0.3794809579849243 10.085575103759766      
668 0.017956512048840523 0.363918662071228 10.042478561401367      
669 -0.3878606855869293 0.3603273630142212 10.032901763916016      
670 -0.3603273630142212 0.3555389642715454 9.998186111450195      
671 0.2825157940387726 0.3519476354122162 10.014945983886719      
672 0.31603461503982544 0.34835633635520935 10.037690162658691      
673 -0.25737667083740234 0.36152446269989014 10.06043529510498      
674 -0.13407529890537262 0.3663128614425659 10.065223693847656      
675 0.3794809579849243 0.36152446269989014 10.046070098876953      
676 -0.005985504016280174 0.3579331636428833 10.02811336517334      
677 -0.46327802538871765 0.3687070608139038 10.02691650390625      
678 -0.1173158809542656 0.3579331636428833 10.030508041381836      
679 0.5937620401382446 0.3555389642715454 10.0580415725708      
680 0.02992752194404602 0.3758896589279175 10.061633110046387      
681 -0.4106055796146393 0.363918662071228 10.014945983886719      
682 -0.3471592366695404 0.35075053572654724 10.011354446411133      
683 0.29807811975479126 0.3411737382411957 10.019734382629395      
684 0.2849099934101105 0.3519476354122162 10.041281700134277      
685 -0.19871874153614044 0.3734954595565796 10.101137161254883      
686 -0.13407529890537262 0.38067805767059326 10.070012092590332      
687 0.4058171808719635 0.3603273630142212 10.049661636352539      
688 0.02753331884741783 0.3663128614425659 10.038887977600098      
689 -0.40940847992897034 0.37229835987091064 10.04846477508545      
690 -0.13287819921970367 0.37229835987091064 10.044873237609863      
691 0.568622887134552 0.3531447649002075 10.055646896362305      
692 0.3974374830722809 0.3555389642715454 10.0580415725708      
693 -0.3280056416988373 0.3758896589279175 10.044873237609863      
694 -0.3076549172401428 0.365115761756897 10.020931243896484      
695 0.31603461503982544 0.35075053572654724 10.017339706420898      
696 0.3555389642715454 0.35075053572654724 10.04846477508545      
697 -0.15562310814857483 0.37469255924224854 10.107122421264648      
698 -0.08619125932455063 0.38307225704193115 10.095151901245117      
699 0.3363853394985199 0.35913026332855225 10.044873237609863      
700 -0.043095629662275314 0.35913026332855225 10.022128105163574      
701 -0.4489128291606903 0.3770867586135864 10.038887977600098      
702 -0.07302315533161163 0.3603273630142212 10.0580415725708      
703 0.5674257874488831 0.3555389642715454 10.061633110046387      
704 0.0454898327589035 0.363918662071228 10.061633110046387      
705 -0.5734112858772278 0.3519476354122162 10.02452278137207      
706 -0.272938996553421 0.3579331636428833 10.038887977600098      
707 0.27653029561042786 0.3579331636428833 10.050858497619629      
708 0.22385786473751068 0.363918662071228 10.079588890075684      
709 -0.25977087020874023 0.37828385829925537 10.096348762512207      
710 -0.09457096457481384 0.36990416049957275 10.066421508789062      
711 0.4489128291606903 0.3555389642715454 10.041281700134277      
712 -0.0347159244120121 0.36152446269989014 10.011354446411133      
713 -0.4489128291606903 0.36990416049957275 10.022128105163574      
714 -0.09935937076807022 0.365115761756897 10.032901763916016      
715 0.42616790533065796 0.35434186458587646 10.040084838867188      
716 0.3363853394985199 0.35434186458587646 10.043676376342773      
717 -0.3627215623855591 0.3531447649002075 10.005369186401367      
718 -0.3172317147254944 0.35075053572654724 9.983820915222168      
719 0.2777273952960968 0.3555389642715454 10.017339706420898      
720 0.30885201692581177 0.35075053572654724 10.050858497619629      
721 -0.19393034279346466 0.38546648621559143 10.107122421264648      
722 -0.09935937076807022 0.3818751573562622 10.08198356628418      
723 0.43694180250167847 0.35913026332855225 10.053253173828125      
724 -0.08738835901021957 0.365115761756897 10.016142845153809      
725 -0.4800374507904053 0.3603273630142212 10.010157585144043      
726 -0.14484919607639313 0.3423708379268646 10.004171371459961      
727 0.5279214978218079 0.3447650372982025 10.034099578857422      
728 0.3663128614425659 0.35434186458587646 10.04846477508545      
729 -0.3363853394985199 0.36152446269989014 10.02691650390625      
730 -0.2645592987537384 0.3663128614425659 10.02811336517334      
731 0.2861070930957794 0.3603273630142212 10.031704902648926      
732 0.17836803197860718 0.36152446269989014 10.053253173828125      
733 -0.272938996553421 0.3818751573562622 10.086771965026855      
734 -0.0933738648891449 0.3758896589279175 10.073603630065918      
735 0.4489128291606903 0.35913026332855225 10.043676376342773      
736 -0.5015852451324463 0.3687070608139038 10.017339706420898      
737 -0.13766659796237946 0.35434186458587646 10.044873237609863      
738 0.6129156351089478 0.35434186458587646 10.0580415725708      
739 0.40222588181495667 0.365115761756897 10.065223693847656      
740 -0.3315969407558441 0.3579331636428833 10.014945983886719      
741 -0.3208230137825012 0.35434186458587646 10.008959770202637      
742 0.272938996553421 0.3555389642715454 10.020931243896484      
743 0.23343466222286224 0.35434186458587646 10.052056312561035      
744 -0.27054479718208313 0.37828385829925537 10.093954086303711      
745 -0.07900865375995636 0.3818751573562622 10.08078670501709      
746 0.4944026470184326 0.36152446269989014 10.056844711303711      
747 -0.09696517139673233 0.36990416049957275 10.038887977600098      
748 -0.5315127968788147 0.35673606395721436 10.001777648925781      
749 -0.05985504388809204 0.3447650372982025 10.017339706420898      
750 0.524330198764801 0.3315969407558441 10.017339706420898      
751 0.3998316824436188 0.34835633635520935 10.062829971313477      
752 -0.23582886159420013 0.363918662071228 10.062829971313477      
753 -0.27413609623908997 0.3687070608139038 10.030508041381836      
754 0.31124621629714966 0.35434186458587646 10.018536567687988      
755 0.10534487664699554 0.35434186458587646 10.042478561401367      
756 -0.3315969407558441 0.363918662071228 10.022128105163574      
757 -0.08738835901021957 0.3687070608139038 10.053253173828125      
758 0.48243165016174316 0.3603273630142212 10.055646896362305      
759 -0.08499415963888168 0.3734954595565796 10.031704902648926      
760 -0.5303156971931458 0.363918662071228 10.013748168945312      
761 -0.14484919607639313 0.3447650372982025 10.029311180114746      
762 0.33758243918418884 0.33518823981285095 10.010157585144043      
763 0.3579331636428833 0.3423708379268646 10.022128105163574      
764 -0.2717418968677521 0.3579331636428833 10.043676376342773      
765 -0.20709845423698425 0.3627215623855591 10.050858497619629      
766 0.30885201692581177 0.3663128614425659 10.052056312561035      
767 0.1496376097202301 0.3687070608139038 10.075998306274414      
768 -0.25977087020874023 0.3902548849582672 10.104728698730469      
769 -0.033518824726343155 0.3794809579849243 10.089165687561035      
770 0.5626373887062073 0.3555389642715454 10.054450035095215      
771 -0.06224924325942993 0.35673606395721436 10.002974510192871      
772 -0.5351040959358215 0.3627215623855591 10.014945983886719      
773 -0.34596213698387146 0.35075053572654724 10.016142845153809      
774 0.3196259140968323 0.3423708379268646 10.011354446411133      
775 0.3387795388698578 0.35075053572654724 10.017339706420898      
776 -0.19632454216480255 0.365115761756897 10.062829971313477      
777 -0.181959331035614 0.3770867586135864 10.062829971313477      
778 0.3902548849582672 0.35913026332855225 10.042478561401367      
779 0.1149216815829277 0.3579331636428833 10.056844711303711      
780 -0.3124433159828186 0.3758896589279175 10.06043529510498      
781 -0.05267243832349777 0.3758896589279175 10.06043529510498      
782 0.5602431893348694 0.35913026332855225 10.056844711303711      
783 -0.0694318488240242 0.3687070608139038 10.06043529510498      
784 -0.4513070285320282 0.34596213698387146 9.96945571899414      
785 -0.3208230137825012 0.3423708379268646 9.989806175231934      
786 0.31124621629714966 0.3447650372982025 10.019734382629395      
787 0.363918662071228 0.35673606395721436 10.032901763916016      
788 -0.21667525172233582 0.37828385829925537 10.077195167541504      
789 -0.15921440720558167 0.395043283700943 10.079588890075684      
790 0.3531447649002075 0.37229835987091064 10.055646896362305      
791 0.05027823522686958 0.3627215623855591 10.02811336517334      
792 -0.0933738648891449 0.36990416049957275 10.042478561401367      
793 -0.0933738648891449 0.36990416049957275 10.042478561401367      
794 0.07781155407428741 0.36750996112823486 10.056844711303711      
795 -0.35673606395721436 0.3531447649002075 10.008959770202637      
796 -0.32680854201316833 0.35434186458587646 9.998186111450195      
797 0.33039984107017517 0.34356793761253357 10.02811336517334      
798 0.2849099934101105 0.3471592366695404 10.031704902648926      
799 -0.21547815203666687 0.3734954595565796 10.065223693847656      
800 -0.1843535304069519 0.37229835987091064 10.049661636352539      
801 0.3974374830722809 0.35673606395721436 10.041281700134277      
802 0.043095629662275314 0.363918662071228 10.034099578857422      
803 -0.363918662071228 0.36750996112823486 10.031704902648926      
804 -0.08858546614646912 0.36990416049957275 10.032901763916016      
805 0.5039794445037842 0.363918662071228 10.056844711303711      
806 0.015562310814857483 0.3663128614425659 10.047266960144043      
807 -0.3711012601852417 0.3531447649002075 10.001777648925781      
808 -0.30885201692581177 0.3531447649002075 9.998186111450195      
809 0.33997663855552673 0.34835633635520935 10.029311180114746      
810 0.29568392038345337 0.3519476354122162 10.067618370056152      
811 -0.19153612852096558 0.38546648621559143 10.11789608001709      
812 -0.09457096457481384 0.38546648621559143 10.099940299987793      
813 0.48961424827575684 0.35913026332855225 10.067618370056152      
814 0.026336219161748886 0.36990416049957275 10.050858497619629      
815 -0.4189853072166443 0.37469255924224854 10.055646896362305      
816 -0.12090718746185303 0.36750996112823486 10.050858497619629      
817 0.5410895943641663 0.34596213698387146 10.036493301391602      
818 -0.0071826050989329815 0.365115761756897 10.038887977600098      
819 -0.4273650050163269 0.36152446269989014 10.02691650390625      
820 -0.29807811975479126 0.3555389642715454 10.02452278137207      
821 0.30047231912612915 0.35075053572654724 10.035296440124512      
822 0.2645592987537384 0.3603273630142212 10.050858497619629      
823 -0.3196259140968323 0.3794809579849243 10.075998306274414      
824 -0.15442600846290588 0.363918662071228 10.050858497619629      
825 0.39145198464393616 0.3495534360408783 10.02571964263916      
826 -0.040701430290937424 0.3627215623855591 10.006566047668457      
827 -0.45489832758903503 0.3687070608139038 10.02811336517334      
828 -0.1604115068912506 0.36152446269989014 10.038887977600098      
829 0.4920084476470947 0.3495534360408783 10.032901763916016      
830 0.3292027413845062 0.3519476354122162 10.056844711303711      
831 -0.38905778527259827 0.363918662071228 10.018536567687988      
832 -0.30286651849746704 0.3579331636428833 10.011354446411133      
833 0.2992752194404602 0.3555389642715454 10.035296440124512      
834 0.2561795711517334 0.3603273630142212 10.053253173828125      
835 -0.22744916379451752 0.3734954595565796 10.08437728881836      
836 -0.05386953800916672 0.395043283700943 10.086771965026855      
837 0.4752490520477295 0.36990416049957275 10.05923843383789      
838 -0.021547814831137657 0.36990416049957275 10.029311180114746      
839 -0.5015852451324463 0.3866635859012604 10.041281700134277      
840 -0.0454898327589035 0.36990416049957275 10.049661636352539      
841 0.42616790533065796 0.35673606395721436 10.042478561401367      
842 0.34835633635520935 0.3663128614425659 10.049661636352539      
843 -0.3172317147254944 0.365115761756897 10.031704902648926      
844 -0.21188685297966003 0.3627215623855591 10.036493301391602      
845 0.2944868206977844 0.3579331636428833 10.046070098876953      
846 0.22505496442317963 0.35913026332855225 10.0580415725708      
847 -0.24181437492370605 0.3902548849582672 10.095151901245117      
848 -0.06703764945268631 0.3842693865299225 10.078392028808594      
849 0.45489832758903503 0.3603273630142212 10.055646896362305      
850 -0.019153613597154617 0.35913026332855225 10.018536567687988      
851 -0.5398924946784973 0.3758896589279175 10.02691650390625      
852 -0.12928688526153564 0.36990416049957275 10.047266960144043      
853 0.545877993106842 0.35434186458587646 10.055646896362305      
854 -0.2082955539226532 0.35913026332855225 10.050858497619629      
855 -0.2082955539226532 0.35913026332855225 10.050858497619629      
856 0.3016694188117981 0.3519476354122162 10.030508041381836      
857 0.2190694510936737 0.34835633635520935 10.053253173828125      
858 -0.23942017555236816 0.38307225704193115 10.101137161254883      
859 -0.07062894850969315 0.3818751573562622 10.089165687561035      
860 0.4944026470184326 0.35673606395721436 10.046070098876953      
861 -0.04429273307323456 0.36990416049957275 10.019734382629395      
862 -0.5398924946784973 0.3818751573562622 10.029311180114746      
863 -0.13407529890537262 0.3663128614425659 10.02691650390625      
864 0.4058171808719635 0.3531447649002075 10.043676376342773      
865 0.3866635859012604 0.3603273630142212 10.037690162658691      
866 -0.2944868206977844 0.3555389642715454 10.030508041381836      
867 -0.26815059781074524 0.36152446269989014 10.029311180114746      
868 0.272938996553421 0.3555389642715454 10.031704902648926      
869 0.17477671802043915 0.36152446269989014 10.047266960144043      
870 -0.26815059781074524 0.39384618401527405 10.086771965026855      
871 -0.06703764945268631 0.3818751573562622 10.073603630065918      
872 0.46567222476005554 0.3555389642715454 10.044873237609863      
873 -0.05746084079146385 0.35913026332855225 9.996989250183105      
874 -0.5039794445037842 0.36152446269989014 10.008959770202637      
875 -0.12210428714752197 0.35913026332855225 10.041281700134277      
876 0.586579442024231 0.3555389642715454 10.065223693847656      
877 0.36750996112823486 0.35075053572654724 10.041281700134277      
878 -0.22744916379451752 0.3495534360408783 9.995792388916016      
879 -0.2322375625371933 0.3531447649002075 10.02452278137207      
880 0.2801215946674347 0.34596213698387146 10.023324966430664      
881 0.061052143573760986 0.35434186458587646 10.030508041381836      
882 -0.33997663855552673 0.395043283700943 10.062829971313477      
883 -0.09816227108240128 0.38546648621559143 10.075998306274414      
884 0.5231330990791321 0.35673606395721436 10.047266960144043      
885 -0.09457096457481384 0.3603273630142212 9.999382972717285      
886 -0.5339069962501526 0.363918662071228 10.012551307678223      
887 -0.29807811975479126 0.3495534360408783 10.019734382629395      
888 0.48961424827575684 0.3471592366695404 10.035296440124512      
889 0.395043283700943 0.3519476354122162 10.037690162658691      
890 -0.23702596127986908 0.35673606395721436 10.066421508789062      
891 -0.23822307586669922 0.36152446269989014 10.037690162658691      
892 0.33758243918418884 0.35075053572654724 10.017339706420898      
893 0.10175357013940811 0.36152446269989014 10.038887977600098      
894 -0.27653029561042786 0.3878606855869293 10.08437728881836      
895 -0.08259996026754379 0.3734954595565796 10.066421508789062      
896 0.47405192255973816 0.3411737382411957 10.02691650390625      
897 -0.040701430290937424 0.36152446269989014 10.029311180114746      
898 -0.48722004890441895 0.3603273630142212 10.022128105163574      
899 -0.1280897855758667 0.34835633635520935 10.02691650390625      
900 0.29807811975479126 0.3387795388698578 10.019734382629395      
901 0.32680854201316833 0.35434186458587646 10.036493301391602      
902 -0.2561795711517334 0.3663128614425659 10.071209907531738      
903 -0.1867477297782898 0.3687070608139038 10.054450035095215      
904 0.3256114423274994 0.3555389642715454 10.035296440124512      
905 0.11133038252592087 0.35673606395721436 10.02571964263916      
906 -0.30885201692581177 0.40222588181495667 10.091560363769531      
907 -0.04668693244457245 0.3878606855869293 10.090363502502441      
908 0.45489832758903503 0.3555389642715454 10.040084838867188      
909 -0.026336219161748886 0.3579331636428833 10.012551307678223      
910 -0.5267243981361389 0.3687070608139038 10.014945983886719      
911 -0.39145198464393616 0.35673606395721436 9.996989250183105      
912 0.2944868206977844 0.33518823981285095 10.004171371459961      
913 -0.29209262132644653 0.3555389642715454 10.047266960144043      
914 -0.29209262132644653 0.3555389642715454 10.047266960144043      
915 0.3076549172401428 0.34835633635520935 10.031704902648926      
916 0.08858546614646912 0.3531447649002075 10.046070098876953      
917 -0.30047231912612915 0.37469255924224854 10.067618370056152      
918 -0.05626374110579491 0.38067805767059326 10.06043529510498      
919 0.43335050344467163 0.3711012601852417 10.044873237609863      
920 -0.05506663769483566 0.3770867586135864 10.022128105163574      
921 -0.4165911078453064 0.365115761756897 10.022128105163574      
922 -0.1041477769613266 0.3531447649002075 10.02452278137207      
923 0.46806642413139343 0.3471592366695404 10.035296440124512      
924 0.4273650050163269 0.3495534360408783 10.072406768798828      
925 -0.20231004059314728 0.34835633635520935 10.038887977600098      
926 -0.2621650993824005 0.36750996112823486 10.034099578857422      
927 0.26336219906806946 0.363918662071228 10.043676376342773      
928 0.18794482946395874 0.3603273630142212 10.036493301391602      
929 -0.24660277366638184 0.3794809579849243 10.075998306274414      
930 -0.07062894850969315 0.38307225704193115 10.066421508789062      
931 0.363918662071228 0.36152446269989014 10.055646896362305      
932 -0.031124621629714966 0.36152446269989014 10.02571964263916      
933 -0.3555389642715454 0.3687070608139038 10.037690162658691      
934 -0.043095629662275314 0.3603273630142212 10.040084838867188      
935 0.3818751573562622 0.34835633635520935 10.040084838867188      
936 0.21787235140800476 0.3531447649002075 10.02691650390625      
937 -0.34835633635520935 0.3603273630142212 10.032901763916016      
938 -0.17836803197860718 0.3555389642715454 10.02452278137207      
939 0.22505496442317963 0.35913026332855225 10.038887977600098      
940 0.20949265360832214 0.35913026332855225 10.035296440124512      
941 -0.2513911724090576 0.3627215623855591 10.030508041381836      
942 -0.07422025501728058 0.3579331636428833 10.035296440124512      
943 0.31124621629714966 0.3555389642715454 10.02691650390625      
944 0.0694318488240242 0.3603273630142212 10.019734382629395      
945 -0.34835633635520935 0.3818751573562622 10.064026832580566      
946 -0.16998831927776337 0.3770867586135864 10.067618370056152      
947 0.22385786473751068 0.3687070608139038 10.062829971313477      
948 0.30047231912612915 0.36152446269989014 10.037690162658691      
949 -0.2968810200691223 0.38067805767059326 10.037690162658691      
950 -0.1711854189634323 0.3519476354122162 10.023324966430664      
951 0.18794482946395874 0.35075053572654724 10.031704902648926      
952 0.14604631066322327 0.35434186458587646 10.044873237609863      
953 -0.34356793761253357 0.3555389642715454 10.001777648925781      
954 -0.07781155407428741 0.3411737382411957 10.014945983886719      
955 0.21428105235099792 0.34835633635520935 10.031704902648926      
956 0.13527239859104156 0.365115761756897 10.038887977600098      
957 -0.25498247146606445 0.35434186458587646 10.013748168945312      
958 -0.18914192914962769 0.35913026332855225 10.029311180114746      
959 0.08499415963888168 0.3603273630142212 10.036493301391602      
960 0.2777273952960968 0.35434186458587646 10.050858497619629      
961 -0.13766659796237946 0.3770867586135864 10.070012092590332      
962 -0.08978256583213806 0.3842693865299225 10.08437728881836      
963 0.21428105235099792 0.37469255924224854 10.062829971313477      
964 0.21428105235099792 0.365115761756897 10.054450035095215      
965 -0.19273324310779572 0.3818751573562622 10.046070098876953      
966 -0.13168109953403473 0.3758896589279175 10.049661636352539      
967 0.1149216815829277 0.3579331636428833 10.040084838867188      
968 0.0802057534456253 0.3519476354122162 10.013748168945312      
969 -0.272938996553421 0.365115761756897 10.020931243896484      
970 -0.272938996553421 0.365115761756897 10.020931243896484      
971 0.06584054976701736 0.35673606395721436 10.02571964263916      
972 -0.20231004059314728 0.3770867586135864 10.031704902648926      
973 -0.15682020783424377 0.3663128614425659 10.050858497619629      
974 0.16879121959209442 0.3531447649002075 10.030508041381836      
975 0.2059013396501541 0.35913026332855225 10.044873237609863      
976 -0.1472434103488922 0.3711012601852417 10.052056312561035      
977 -0.1496376097202301 0.3687070608139038 10.040084838867188      
978 0.07182604819536209 0.37828385829925537 10.056844711303711      
979 0.10773907601833344 0.37229835987091064 10.038887977600098      
980 -0.011971008032560349 0.36152446269989014 10.046070098876953      
981 -0.1735796183347702 0.3734954595565796 10.02811336517334      
982 0.040701430290937424 0.36990416049957275 10.042478561401367      
983 0.22625206410884857 0.3555389642715454 10.041281700134277      
984 0.061052143573760986 0.3687070608139038 10.071209907531738      
985 -0.18794482946395874 0.3794809579849243 10.050858497619629      
986 0.021547814831137657 0.3603273630142212 10.029311180114746      
987 0.08379705995321274 0.35075053572654724 10.019734382629395      
988 -0.04189852997660637 0.3495534360408783 10.012551307678223      
989 -0.11611878126859665 0.35075053572654724 10.020931243896484      
990 0.05746084079146385 0.363918662071228 10.042478561401367      
991 0.11013327538967133 0.3663128614425659 10.038887977600098      
992 -0.061052143573760986 0.3734954595565796 10.041281700134277      
993 -0.0347159244120121 0.36750996112823486 10.037690162658691      
994 0.05027823522686958 0.36750996112823486 10.049661636352539      
995 0.04429273307323456 0.3687070608139038 10.047266960144043      
996 0.035913024097681046 0.36990416049957275 10.046070098876953      
997 0.03950432687997818 0.3687070608139038 10.044873237609863      
998 0.028730420395731926 0.36750996112823486 10.044873237609863      
999 0.02753331884741783 0.3663128614425659 10.035296440124512      
1000 0.028730420395731926 0.3687070608139038 10.040084838867188      
1001 0.031124621629714966 0.3687070608139038 10.041281700134277      
1002 0.0347159244120121 0.36750996112823486 10.040084838867188      
1003 0.0347159244120121 0.36750996112823486 10.042478561401367      
1004 0.035913024097681046 0.3687070608139038 10.042478561401367      
1005 0.033518824726343155 0.365115761756897 10.046070098876953      
1006 0.033518824726343155 0.3663128614425659 10.046070098876953      
1007 0.038307227194309235 0.3687070608139038 10.044873237609863      
1008 0.038307227194309235 0.363918662071228 10.040084838867188      
1009 0.038307227194309235 0.365115761756897 10.037690162658691      
1010 0.02992752194404602 0.36750996112823486 10.043676376342773      
1011 0.02992752194404602 0.3627215623855591 10.046070098876953      
1012 0.031124621629714966 0.36152446269989014 10.042478561401367      
1013 0.031124621629714966 0.36750996112823486 10.040084838867188      
1014 0.02992752194404602 0.36750996112823486 10.042478561401367      
1015 0.03232172131538391 0.36750996112823486 10.047266960144043      
1016 0.02992752194404602 0.36750996112823486 10.042478561401367      
1017 0.033518824726343155 0.3627215623855591 10.042478561401367      
1018 0.03232172131538391 0.365115761756897 10.041281700134277      
1019 0.033518824726343155 0.3627215623855591 10.043676376342773      
1020 0.02992752194404602 0.3627215623855591 10.04846477508545      
1021 0.028730420395731926 0.3663128614425659 10.047266960144043      
1022 0.02992752194404602 0.3627215623855591 10.043676376342773      
1023 0.03232172131538391 0.3663128614425659 10.041281700134277      
1024 0.026336219161748886 0.3627215623855591 10.043676376342773      
1025 0.03232172131538391 0.3627215623855591 10.043676376342773      
1026 0.02992752194404602 0.365115761756897 10.043676376342773      
1027 0.028730420395731926 0.363918662071228 10.043676376342773      
1028 0.028730420395731926 0.363918662071228 10.038887977600098      
1029 0.026336219161748886 0.35913026332855225 10.044873237609863      
1030 0.028730420395731926 0.3627215623855591 10.046070098876953      
1031 0.028730420395731926 0.365115761756897 10.043676376342773      
1032 0.02513911761343479 0.365115761756897 10.040084838867188      
1033 0.028730420395731926 0.363918662071228 10.041281700134277      
1034 0.02753331884741783 0.3627215623855591 10.044873237609863      
1035 0.028730420395731926 0.363918662071228 10.042478561401367      
1036 0.02992752194404602 0.36750996112823486 10.046070098876953      
1037 0.031124621629714966 0.365115761756897 10.046070098876953      
1038 0.03232172131538391 0.3663128614425659 10.044873237609863      
1039 0.033518824726343155 0.3663128614425659 10.043676376342773      
1040 0.031124621629714966 0.363918662071228 10.047266960144043      
1041 0.02992752194404602 0.365115761756897 10.04846477508545      
1042 0.028730420395731926 0.36750996112823486 10.043676376342773      
1043 0.028730420395731926 0.365115761756897 10.043676376342773      
1044 0.02992752194404602 0.36152446269989014 10.041281700134277      
1045 0.02992752194404602 0.3603273630142212 10.042478561401367      
1046 0.03232172131538391 0.3627215623855591 10.047266960144043      
1047 0.031124621629714966 0.3603273630142212 10.046070098876953      
1048 0.03232172131538391 0.363918662071228 10.046070098876953      
1049 0.02992752194404602 0.3687070608139038 10.043676376342773      
1050 0.033518824726343155 0.3663128614425659 10.046070098876953      
1051 0.0347159244120121 0.36152446269989014 10.042478561401367      
1052 0.028730420395731926 0.363918662071228 10.044873237609863      
1053 0.028730420395731926 0.363918662071228 10.049661636352539      
1054 0.031124621629714966 0.36152446269989014 10.04846477508545      
1055 0.028730420395731926 0.3663128614425659 10.044873237609863      
1056 0.02992752194404602 0.3627215623855591 10.047266960144043      
1057 0.02992752194404602 0.3627215623855591 10.047266960144043      
1058 0.03232172131538391 0.3627215623855591 10.043676376342773      
1059 0.028730420395731926 0.363918662071228 10.042478561401367      
1060 0.028730420395731926 0.365115761756897 10.044873237609863      
1061 0.028730420395731926 0.36990416049957275 10.047266960144043      
1062 0.02992752194404602 0.3711012601852417 10.044873237609863      
1063 0.02992752194404602 0.36990416049957275 10.046070098876953      
1064 0.02992752194404602 0.3687070608139038 10.042478561401367      
1065 0.03232172131538391 0.3663128614425659 10.04846477508545      
1066 0.02992752194404602 0.3627215623855591 10.047266960144043      
1067 0.02992752194404602 0.36152446269989014 10.047266960144043      
1068 0.026336219161748886 0.3663128614425659 10.046070098876953      
1069 0.026336219161748886 0.3627215623855591 10.044873237609863      
1070 0.02274491637945175 0.365115761756897 10.041281700134277      
1071 0.02513911761343479 0.365115761756897 10.044873237609863      
1072 0.02753331884741783 0.36152446269989014 10.047266960144043      
1073 0.02992752194404602 0.3627215623855591 10.044873237609863      
1074 0.03232172131538391 0.365115761756897 10.047266960144043      
1075 0.028730420395731926 0.365115761756897 10.043676376342773      
1076 0.02753331884741783 0.365115761756897 10.046070098876953      
1077 0.028730420395731926 0.365115761756897 10.044873237609863      
1078 0.03232172131538391 0.35913026332855225 10.04846477508545      
1079 0.033518824726343155 0.365115761756897 10.046070098876953      
1080 0.031124621629714966 0.365115761756897 10.04846477508545      
1081 0.02753331884741783 0.3627215623855591 10.046070098876953      
1082 0.02513911761343479 0.36152446269989014 10.042478561401367      
1083 0.028730420395731926 0.363918662071228 10.042478561401367      
1084 0.031124621629714966 0.3687070608139038 10.043676376342773      
1085 0.031124621629714966 0.36990416049957275 10.050858497619629      
1086 0.033518824726343155 0.3687070608139038 10.04846477508545      
1087 0.0347159244120121 0.3687070608139038 10.049661636352539      
1088 0.028730420395731926 0.363918662071228 10.042478561401367      
1089 0.028730420395731926 0.363918662071228 10.042478561401367      
1090 0.033518824726343155 0.365115761756897 10.036493301391602      
1091 0.03232172131538391 0.363918662071228 10.044873237609863      
1092 0.03711012750864029 0.365115761756897 10.046070098876953      
1093 0.03950432687997818 0.3663128614425659 10.042478561401367      
1094 0.03232172131538391 0.3687070608139038 10.047266960144043      
1095 0.02992752194404602 0.3663128614425659 10.043676376342773      
1096 0.031124621629714966 0.365115761756897 10.042478561401367      
1097 0.02753331884741783 0.36750996112823486 10.041281700134277      
1098 0.028730420395731926 0.363918662071228 10.041281700134277      
1099 0.026336219161748886 0.363918662071228 10.041281700134277      
1100 0.028730420395731926 0.36152446269989014 10.046070098876953      
1101 0.02992752194404602 0.365115761756897 10.043676376342773      
1102 0.02992752194404602 0.365115761756897 10.043676376342773      
1103 0.028730420395731926 0.3627215623855591 10.042478561401367      
1104 0.02992752194404602 0.3663128614425659 10.046070098876953      
1105 0.03232172131538391 0.3627215623855591 10.044873237609863      
1106 0.028730420395731926 0.365115761756897 10.046070098876953      
1107 0.02992752194404602 0.36750996112823486 10.044873237609863      
1108 0.02753331884741783 0.36990416049957275 10.046070098876953      
1109 0.031124621629714966 0.3663128614425659 10.04846477508545      
1110 0.031124621629714966 0.365115761756897 10.044873237609863      
1111 0.031124621629714966 0.36750996112823486 10.044873237609863      
1112 0.02753331884741783 0.36750996112823486 10.044873237609863      
1113 0.02753331884741783 0.3663128614425659 10.042478561401367      
1114 0.033518824726343155 0.3663128614425659 10.041281700134277      
1115 0.031124621629714966 0.3663128614425659 10.041281700134277      
1116 0.0347159244120121 0.365115761756897 10.038887977600098      
1117 0.035913024097681046 0.365115761756897 10.038887977600098      
1118 0.03232172131538391 0.3663128614425659 10.041281700134277      
1119 0.033518824726343155 0.3663128614425659 10.044873237609863      
1120 0.03232172131538391 0.36750996112823486 10.043676376342773      
1121 0.0347159244120121 0.3687070608139038 10.043676376342773      
1122 0.033518824726343155 0.3663128614425659 10.044873237609863      
1123 0.031124621629714966 0.36152446269989014 10.046070098876953      
1124 0.03232172131538391 0.3663128614425659 10.050858497619629      
1125 0.03232172131538391 0.363918662071228 10.047266960144043      
1126 0.0347159244120121 0.36152446269989014 10.046070098876953      
1127 0.02992752194404602 0.36152446269989014 10.043676376342773      
1128 0.028730420395731926 0.365115761756897 10.042478561401367      
1129 0.02992752194404602 0.3687070608139038 10.040084838867188      
1130 0.028730420395731926 0.36990416049957275 10.040084838867188      
1131 0.02992752194404602 0.3627215623855591 10.040084838867188      
1132 0.02992752194404602 0.3663128614425659 10.040084838867188      
1133 0.028730420395731926 0.365115761756897 10.043676376342773      
1134 0.026336219161748886 0.36750996112823486 10.043676376342773      
1135 0.02513911761343479 0.363918662071228 10.043676376342773      
1136 0.02753331884741783 0.365115761756897 10.047266960144043      
1137 0.03232172131538391 0.3687070608139038 10.04846477508545      
1138 0.026336219161748886 0.365115761756897 10.04846477508545      
1139 0.026336219161748886 0.365115761756897 10.04846477508545      
1140 0.028730420395731926 0.3663128614425659 10.042478561401367      
1141 0.031124621629714966 0.363918662071228 10.042478561401367      
1142 0.031124621629714966 0.3687070608139038 10.046070098876953      
1143 0.031124621629714966 0.365115761756897 10.041281700134277      
1144 0.031124621629714966 0.363918662071228 10.040084838867188      
1145 0.028730420395731926 0.365115761756897 10.041281700134277      
1146 0.02753331884741783 0.3627215623855591 10.038887977600098      
1147 0.028730420395731926 0.363918662071228 10.040084838867188      
1148 0.033518824726343155 0.3627215623855591 10.041281700134277      
1149 0.033518824726343155 0.3663128614425659 10.044873237609863      
1150 0.031124621629714966 0.363918662071228 10.044873237609863      
1151 0.028730420395731926 0.36750996112823486 10.043676376342773      
1152 0.02992752194404602 0.36990416049957275 10.046070098876953      
1153 0.02992752194404602 0.363918662071228 10.046070098876953      
1154 0.033518824726343155 0.36750996112823486 10.042478561401367      
1155 0.0347159244120121 0.3663128614425659 10.041281700134277      
1156 0.031124621629714966 0.3663128614425659 10.041281700134277      
1157 0.02753331884741783 0.3711012601852417 10.040084838867188      
1158 0.02513911761343479 0.363918662071228 10.038887977600098      
1159 0.026336219161748886 0.36152446269989014 10.041281700134277      
1160 0.02992752194404602 0.3627215623855591 10.043676376342773      
1161 0.02992752194404602 0.3603273630142212 10.041281700134277      
1162 0.02992752194404602 0.365115761756897 10.044873237609863      
1163 0.02992752194404602 0.36750996112823486 10.044873237609863      
1164 0.028730420395731926 0.36990416049957275 10.042478561401367      
1165 0.028730420395731926 0.36990416049957275 10.041281700134277      
1166 0.02513911761343479 0.365115761756897 10.040084838867188      
1167 0.026336219161748886 0.3627215623855591 10.040084838867188      
1168 0.02992752194404602 0.365115761756897 10.036493301391602      
1169 0.028730420395731926 0.3663128614425659 10.043676376342773      
1170 0.02753331884741783 0.363918662071228 10.046070098876953      
1171 0.028730420395731926 0.3687070608139038 10.042478561401367      
1172 0.03232172131538391 0.365115761756897 10.038887977600098      
1173 0.031124621629714966 0.365115761756897 10.038887977600098      
1174 0.02992752194404602 0.3687070608139038 10.036493301391602      
1175 0.028730420395731926 0.363918662071228 10.038887977600098      
1176 0.02753331884741783 0.3627215623855591 10.041281700134277      
1177 0.031124621629714966 0.3627215623855591 10.044873237609863      
1178 0.033518824726343155 0.3627215623855591 10.046070098876953      
1179 0.033518824726343155 0.365115761756897 10.042478561401367      
1180 0.02992752194404602 0.365115761756897 10.043676376342773      
1181 0.031124621629714966 0.3663128614425659 10.040084838867188      
1182 0.02992752194404602 0.3663128614425659 10.042478561401367      
1183 0.02753331884741783 0.365115761756897 10.043676376342773      
1184 0.028730420395731926 0.363918662071228 10.042478561401367      
1185 0.028730420395731926 0.3627215623855591 10.042478561401367      
1186 0.026336219161748886 0.3627215623855591 10.043676376342773      
1187 0.028730420395731926 0.363918662071228 10.042478561401367      
1188 0.02992752194404602 0.3627215623855591 10.046070098876953      
1189 0.02992752194404602 0.3627215623855591 10.050858497619629      
1190 0.03232172131538391 0.365115761756897 10.050858497619629      
1191 0.031124621629714966 0.3687070608139038 10.04846477508545      
1192 0.033518824726343155 0.3663128614425659 10.043676376342773      
1193 0.02992752194404602 0.36750996112823486 10.046070098876953      
1194 0.028730420395731926 0.3603273630142212 10.041281700134277      
1195 0.02753331884741783 0.3627215623855591 10.038887977600098      
1196 0.02992752194404602 0.3627215623855591 10.038887977600098      
1197 0.02753331884741783 0.363918662071228 10.042478561401367      
1198 0.023942016065120697 0.36750996112823486 10.040084838867188      
1199 0.028730420395731926 0.365115761756897 10.042478561401367      
1200 0.033518824726343155 0.365115761756897 10.046070098876953      
1201 0.03232172131538391 0.3687070608139038 10.044873237609863      
1202 0.028730420395731926 0.363918662071228 10.042478561401367      
1203 0.031124621629714966 0.3663128614425659 10.041281700134277      
1204 0.033518824726343155 0.3663128614425659 10.042478561401367      
1205 0.03232172131538391 0.365115761756897 10.046070098876953      
1206 0.031124621629714966 0.365115761756897 10.042478561401367      
1207 0.03232172131538391 0.365115761756897 10.041281700134277      
1208 0.02992752194404602 0.363918662071228 10.040084838867188      
1209 0.03232172131538391 0.36750996112823486 10.037690162658691      
1210 0.02753331884741783 0.3627215623855591 10.038887977600098      
1211 0.028730420395731926 0.363918662071228 10.036493301391602      
1212 0.031124621629714966 0.36990416049957275 10.040084838867188      
1213 0.02992752194404602 0.3687070608139038 10.037690162658691      
1214 0.028730420395731926 0.365115761756897 10.038887977600098      
1215 0.02753331884741783 0.3687070608139038 10.041281700134277      
1216 0.023942016065120697 0.3663128614425659 10.044873237609863      
1217 0.028730420395731926 0.3663128614425659 10.044873237609863      
1218 0.031124621629714966 0.365115761756897 10.04846477508545      
1219 0.033518824726343155 0.3627215623855591 10.042478561401367      
1220 0.031124621629714966 0.365115761756897 10.043676376342773      
1221 0.031124621629714966 0.365115761756897 10.043676376342773      
1222 0.031124621629714966 0.36990416049957275 10.042478561401367      
1223 0.02992752194404602 0.365115761756897 10.044873237609863      
1224 0.031124621629714966 0.365115761756897 10.043676376342773      
1225 0.033518824726343155 0.36152446269989014 10.046070098876953      
1226 0.03232172131538391 0.365115761756897 10.042478561401367      
1227 0.02753331884741783 0.365115761756897 10.041281700134277      
1228 0.03232172131538391 0.3711012601852417 10.042478561401367      
1229 0.03232172131538391 0.3687070608139038 10.038887977600098      
1230 0.028730420395731926 0.3687070608139038 10.041281700134277      
1231 0.03232172131538391 0.3663128614425659 10.044873237609863      
1232 0.0347159244120121 0.36750996112823486 10.043676376342773      
1233 0.03711012750864029 0.36990416049957275 10.042478561401367      
1234 0.031124621629714966 0.36990416049957275 10.044873237609863      
1235 0.033518824726343155 0.36750996112823486 10.046070098876953      
1236 0.031124621629714966 0.3687070608139038 10.044873237609863      
1237 0.02992752194404602 0.36750996112823486 10.041281700134277      
1238 0.02753331884741783 0.3627215623855591 10.036493301391602      
1239 0.02753331884741783 0.363918662071228 10.043676376342773      
1240 0.028730420395731926 0.36750996112823486 10.041281700134277      
1241 0.02992752194404602 0.36750996112823486 10.037690162658691      
1242 0.03232172131538391 0.365115761756897 10.037690162658691      
1243 0.031124621629714966 0.36750996112823486 10.040084838867188      
1244 0.028730420395731926 0.36990416049957275 10.040084838867188      
1245 0.026336219161748886 0.3711012601852417 10.041281700134277      
1246 0.02992752194404602 0.3687070608139038 10.040084838867188      
1247 0.02753331884741783 0.363918662071228 10.037690162658691      
1248 0.02992752194404602 0.363918662071228 10.043676376342773      
1249 0.028730420395731926 0.3663128614425659 10.046070098876953      
1250 0.02513911761343479 0.3603273630142212 10.049661636352539      
1251 0.02753331884741783 0.36152446269989014 10.044873237609863      
1252 0.02992752194404602 0.36152446269989014 10.047266960144043      
1253 0.02992752194404602 0.3603273630142212 10.044873237609863      
1254 0.02753331884741783 0.3627215623855591 10.042478561401367      
1255 0.02992752194404602 0.3627215623855591 10.043676376342773      
1256 0.03232172131538391 0.3603273630142212 10.043676376342773      
1257 0.02992752194404602 0.363918662071228 10.044873237609863      
1258 0.028730420395731926 0.3627215623855591 10.043676376342773      
1259 0.02992752194404602 0.363918662071228 10.044873237609863      
1260 0.026336219161748886 0.36750996112823486 10.043676376342773      
1261 0.02753331884741783 0.365115761756897 10.042478561401367      
1262 0.03232172131538391 0.36750996112823486 10.043676376342773      
1263 0.028730420395731926 0.36750996112823486 10.042478561401367      
1264 0.03232172131538391 0.36990416049957275 10.044873237609863      
1265 0.028730420395731926 0.3663128614425659 10.043676376342773      
1266 0.02992752194404602 0.363918662071228 10.044873237609863      
1267 0.031124621629714966 0.3687070608139038 10.038887977600098      
1268 0.031124621629714966 0.365115761756897 10.041281700134277      
1269 0.031124621629714966 0.36750996112823486 10.044873237609863      
1270 0.03232172131538391 0.363918662071228 10.043676376342773      
1271 0.02992752194404602 0.36750996112823486 10.044873237609863      
1272 0.028730420395731926 0.3687070608139038 10.044873237609863      
1273 0.031124621629714966 0.365115761756897 10.043676376342773      
1274 0.03232172131538391 0.363918662071228 10.042478561401367      
1275 0.031124621629714966 0.363918662071228 10.043676376342773      
1276 0.028730420395731926 0.365115761756897 10.046070098876953      
1277 0.023942016065120697 0.363918662071228 10.044873237609863      
1278 0.028730420395731926 0.365115761756897 10.044873237609863      
1279 0.02992752194404602 0.3687070608139038 10.040084838867188      
1280 0.0347159244120121 0.36750996112823486 10.038887977600098      
1281 0.03232172131538391 0.36990416049957275 10.042478561401367      
1282 0.028730420395731926 0.365115761756897 10.044873237609863      
1283 0.031124621629714966 0.363918662071228 10.044873237609863      
1284 0.031124621629714966 0.363918662071228 10.044873237609863      
1285 0.031124621629714966 0.365115761756897 10.042478561401367      
1286 0.033518824726343155 0.36750996112823486 10.043676376342773      
1287 0.031124621629714966 0.363918662071228 10.044873237609863      
1288 0.02992752194404602 0.3627215623855591 10.046070098876953      
1289 0.031124621629714966 0.36152446269989014 10.050858497619629      
1290 0.026336219161748886 0.36152446269989014 10.052056312561035      
1291 0.02992752194404602 0.36152446269989014 10.04846477508545      
1292 0.026336219161748886 0.363918662071228 10.047266960144043      
1293 0.02513911761343479 0.3663128614425659 10.04846477508545      
1294 0.023942016065120697 0.3687070608139038 10.044873237609863      
1295 0.026336219161748886 0.36750996112823486 10.044873237609863      
1296 0.02753331884741783 0.365115761756897 10.040084838867188      
1297 0.026336219161748886 0.36750996112823486 10.037690162658691      
1298 0.02513911761343479 0.3663128614425659 10.038887977600098      
1299 0.02992752194404602 0.365115761756897 10.038887977600098      
1300 0.031124621629714966 0.36750996112823486 10.040084838867188      
1301 0.031124621629714966 0.36750996112823486 10.042478561401367      
1302 0.02992752194404602 0.365115761756897 10.040084838867188      
1303 0.02513911761343479 0.365115761756897 10.046070098876953      
1304 0.02513911761343479 0.37229835987091064 10.043676376342773      
1305 0.026336219161748886 0.36990416049957275 10.040084838867188      
1306 0.031124621629714966 0.3663128614425659 10.042478561401367      
1307 0.031124621629714966 0.3687070608139038 10.041281700134277      
1308 0.028730420395731926 0.3687070608139038 10.040084838867188      
1309 0.028730420395731926 0.3663128614425659 10.038887977600098      
1310 0.02992752194404602 0.3687070608139038 10.044873237609863      
1311 0.028730420395731926 0.36990416049957275 10.043676376342773      
1312 0.026336219161748886 0.36750996112823486 10.044873237609863      
1313 0.03232172131538391 0.363918662071228 10.043676376342773      
1314 0.03232172131538391 0.3627215623855591 10.041281700134277      
1315 0.028730420395731926 0.363918662071228 10.044873237609863      
1316 0.023942016065120697 0.3663128614425659 10.043676376342773      
1317 0.028730420395731926 0.36152446269989014 10.046070098876953      
1318 0.02753331884741783 0.36750996112823486 10.042478561401367      
1319 0.031124621629714966 0.3663128614425659 10.044873237609863      
1320 0.02992752194404602 0.365115761756897 10.043676376342773      
1321 0.02513911761343479 0.3663128614425659 10.050858497619629      
1322 0.031124621629714966 0.3663128614425659 10.044873237609863      
1323 0.0347159244120121 0.363918662071228 10.042478561401367      
1324 0.03232172131538391 0.36990416049957275 10.043676376342773      
1325 0.033518824726343155 0.36990416049957275 10.044873237609863      
1326 0.03232172131538391 0.36750996112823486 10.044873237609863      
1327 0.02992752194404602 0.36750996112823486 10.044873237609863      
1328 0.026336219161748886 0.365115761756897 10.042478561401367      
1329 0.026336219161748886 0.365115761756897 10.047266960144043      
1330 0.02992752194404602 0.363918662071228 10.047266960144043      
1331 0.028730420395731926 0.3603273630142212 10.047266960144043      
1332 0.02753331884741783 0.36152446269989014 10.044873237609863      
1333 0.02753331884741783 0.3627215623855591 10.044873237609863      
1334 0.026336219161748886 0.3627215623855591 10.047266960144043      
1335 0.03232172131538391 0.36152446269989014 10.047266960144043      
1336 0.028730420395731926 0.363918662071228 10.040084838867188      
1337 0.02992752194404602 0.365115761756897 10.044873237609863      
1338 0.033518824726343155 0.3663128614425659 10.046070098876953      
1339 0.028730420395731926 0.36750996112823486 10.043676376342773      
1340 0.02992752194404602 0.36990416049957275 10.043676376342773      
1341 0.031124621629714966 0.3663128614425659 10.042478561401367      
1342 0.02753331884741783 0.363918662071228 10.043676376342773      
1343 0.026336219161748886 0.363918662071228 10.041281700134277      
1344 0.026336219161748886 0.365115761756897 10.037690162658691      
1345 0.023942016065120697 0.3663128614425659 10.035296440124512      
1346 0.023942016065120697 0.3663128614425659 10.038887977600098      
1347 0.023942016065120697 0.36152446269989014 10.040084838867188      
1348 0.02753331884741783 0.3627215623855591 10.041281700134277      
1349 0.02753331884741783 0.36750996112823486 10.040084838867188      
1350 0.028730420395731926 0.3663128614425659 10.041281700134277      
1351 0.02513911761343479 0.363918662071228 10.042478561401367      
1352 0.02992752194404602 0.36750996112823486 10.038887977600098      
1353 0.03232172131538391 0.3627215623855591 10.041281700134277      
1354 0.028730420395731926 0.3663128614425659 10.040084838867188      
1355 0.021547814831137657 0.3711012601852417 10.042478561401367      
1356 0.02513911761343479 0.3711012601852417 10.041281700134277      
1357 0.02753331884741783 0.37229835987091064 10.041281700134277      
1358 0.0347159244120121 0.36990416049957275 10.037690162658691      
1359 0.02753331884741783 0.3687070608139038 10.040084838867188      
1360 0.02753331884741783 0.365115761756897 10.043676376342773      
1361 0.028730420395731926 0.3663128614425659 10.042478561401367      
1362 0.02992752194404602 0.36750996112823486 10.040084838867188      
1363 0.031124621629714966 0.3687070608139038 10.040084838867188      
1364 0.031124621629714966 0.36750996112823486 10.041281700134277      
1365 0.028730420395731926 0.3687070608139038 10.042478561401367      
1366 0.02992752194404602 0.365115761756897 10.049661636352539      
1367 0.03232172131538391 0.365115761756897 10.050858497619629      
1368 0.02992752194404602 0.36990416049957275 10.046070098876953      
1369 0.03232172131538391 0.36750996112823486 10.041281700134277      
1370 0.033518824726343155 0.365115761756897 10.043676376342773      
1371 0.031124621629714966 0.3663128614425659 10.046070098876953      
1372 0.028730420395731926 0.365115761756897 10.046070098876953      
1373 0.031124621629714966 0.363918662071228 10.046070098876953      
1374 0.02992752194404602 0.3627215623855591 10.042478561401367      
