1 -0.03711012750864029 0.37828385829925537 10.031704902648926      
2 0.25258827209472656 0.36750996112823486 10.000580787658691      
3 -0.3603273630142212 0.3758896589279175 10.055646896362305      
4 0.20470423996448517 0.36750996112823486 10.053253173828125      
5 -0.20709845423698425 0.3818751573562622 10.054450035095215      
6 -0.16160862147808075 0.35673606395721436 10.029311180114746      
7 0.4189853072166443 0.3363853394985199 10.022128105163574      
8 -0.47165772318840027 0.37469255924224854 10.02691650390625      
9 0.3016694188117981 0.3627215623855591 10.056844711303711      
10 -0.23343466222286224 0.37229835987091064 10.014945983886719      
11 0.1975216418504715 0.3663128614425659 10.049661636352539      
12 0.2753331959247589 0.3603273630142212 10.004171371459961      
13 -0.35075053572654724 0.35434186458587646 10.020931243896484      
14 0.38307225704193115 0.3519476354122162 10.022128105163574      
15 -0.1759738177061081 0.37828385829925537 10.0580415725708      
16 -0.09576806426048279 0.36152446269989014 10.041281700134277      
17 0.47644615173339844 0.3471592366695404 10.031704902648926      
18 -0.5027823448181152 0.3770867586135864 10.043676376342773      
19 0.4010287821292877 0.3555389642715454 10.046070098876953      
20 -0.21188685297966003 0.35673606395721436 10.02691650390625      
21 0.09217676520347595 0.3579331636428833 10.054450035095215      
22 0.3363853394985199 0.3627215623855591 10.038887977600098      
23 -0.3711012601852417 0.3627215623855591 10.046070098876953      
24 0.47165772318840027 0.3519476354122162 10.035296440124512      
25 -0.27054479718208313 0.37229835987091064 10.071209907531738      
26 -0.1280897855758667 0.3794809579849243 10.056844711303711      
27 0.6033388376235962 0.3495534360408783 10.055646896362305      
28 -0.48961424827575684 0.3758896589279175 10.046070098876953      
29 0.3016694188117981 0.3555389642715454 10.029311180114746      
30 -0.23822307586669922 0.35913026332855225 10.018536567687988      
31 -0.0011971008498221636 0.35673606395721436 10.032901763916016      
32 -0.48961424827575684 0.36990416049957275 10.032901763916016      
33 0.45250412821769714 0.3531447649002075 10.029311180114746      
34 -0.2717418968677521 0.36990416049957275 10.050858497619629      
35 0.08259996026754379 0.363918662071228 10.038887977600098      
36 0.2322375625371933 0.3495534360408783 10.02691650390625      
37 -0.39863458275794983 0.36750996112823486 10.041281700134277      
38 0.365115761756897 0.3579331636428833 10.050858497619629      
39 -0.21787235140800476 0.37229835987091064 10.046070098876953      
40 -0.10295066982507706 0.3519476354122162 10.023324966430664      
41 0.4704606235027313 0.34596213698387146 10.032901763916016      
42 -0.4967968463897705 0.37229835987091064 10.02811336517334      
43 0.3926490843296051 0.363918662071228 10.042478561401367      
44 -0.22744916379451752 0.36750996112823486 10.012551307678223      
45 0.061052143573760986 0.3687070608139038 10.029311180114746      
46 0.3124433159828186 0.363918662071228 10.020931243896484      
47 -0.3818751573562622 0.3687070608139038 10.041281700134277      
48 0.42018240690231323 0.35075053572654724 10.023324966430664      
49 -0.3555389642715454 0.3663128614425659 10.054450035095215      
50 -0.18794482946395874 0.36152446269989014 10.02452278137207      
51 0.49559974670410156 0.3411737382411957 10.02452278137207      
52 -0.47884035110473633 0.37469255924224854 10.049661636352539      
53 0.38067805767059326 0.3579331636428833 10.040084838867188      
54 -0.2082955539226532 0.36152446269989014 10.042478561401367      
55 0.09457096457481384 0.3627215623855591 10.053253173828125      
56 0.3495534360408783 0.3734954595565796 10.066421508789062      
57 -0.4836287498474121 0.36750996112823486 10.065223693847656      
58 0.4381389021873474 0.35434186458587646 10.032901763916016      
59 -0.2621650993824005 0.363918662071228 10.029311180114746      
60 0.18794482946395874 0.3579331636428833 10.04846477508545      
61 0.5051765441894531 0.35673606395721436 10.037690162658691      
62 -0.5363011956214905 0.38905778527259827 10.044873237609863      
63 0.26096799969673157 0.36152446269989014 10.041281700134277      
64 -0.22026655077934265 0.36152446269989014 10.02571964263916      
65 -0.014365210197865963 0.35913026332855225 10.036493301391602      
66 0.3770867586135864 0.3579331636428833 10.023324966430664      
67 -0.5626373887062073 0.36152446269989014 9.99459457397461      
68 0.4572925269603729 0.3447650372982025 10.030508041381836      
69 -0.29568392038345337 0.365115761756897 10.023324966430664      
70 0.12449848651885986 0.36152446269989014 10.030508041381836      
71 0.29568392038345337 0.3519476354122162 10.034099578857422      
72 -0.4165911078453064 0.3711012601852417 10.054450035095215      
73 0.23942017555236816 0.35434186458587646 10.02811336517334      
74 -0.23343466222286224 0.3758896589279175 10.040084838867188      
75 -0.11013327538967133 0.35673606395721436 10.042478561401367      
76 0.4668693244457245 0.35075053572654724 10.049661636352539      
77 -0.5231330990791321 0.3866635859012604 10.055646896362305      
78 0.39384618401527405 0.36750996112823486 10.04846477508545      
79 -0.2537853717803955 0.365115761756897 10.046070098876953      
80 0.06344634294509888 0.36152446269989014 10.05923843383789      
81 0.2861070930957794 0.35913026332855225 10.023324966430664      
82 -0.42377370595932007 0.3531447649002075 10.019734382629395      
83 0.3998316824436188 0.34596213698387146 10.007762908935547      
84 -0.1711854189634323 0.37229835987091064 10.041281700134277      
85 -0.16519992053508759 0.37469255924224854 10.022128105163574      
86 0.5494692921638489 0.34835633635520935 10.034099578857422      
87 0.3687070608139038 0.35673606395721436 10.042478561401367      
88 0.3687070608139038 0.35673606395721436 10.042478561401367      
89 0.05267243832349777 0.3711012601852417 10.046070098876953      
90 0.05267243832349777 0.3711012601852417 10.046070098876953      
91 -0.44771572947502136 0.3758896589279175 10.047266960144043      
92 0.4692635238170624 0.33997663855552673 10.019734382629395      
93 -0.28730419278144836 0.363918662071228 10.023324966430664      
94 0.1412578970193863 0.3627215623855591 10.041281700134277      
95 0.28131869435310364 0.3387795388698578 10.02452278137207      
96 -0.4776432514190674 0.36750996112823486 10.02691650390625      
97 0.23822307586669922 0.3531447649002075 10.02691650390625      
98 -0.2717418968677521 0.36990416049957275 10.02452278137207      
99 -0.0802057534456253 0.35673606395721436 10.02811336517334      
100 0.4010287821292877 0.3555389642715454 10.029311180114746      
101 -0.5363011956214905 0.38546648621559143 10.044873237609863      
102 0.48482584953308105 0.3603273630142212 10.050858497619629      
103 -0.21667525172233582 0.365115761756897 10.041281700134277      
104 0.090979665517807 0.36152446269989014 10.034099578857422      
105 0.27653029561042786 0.34835633635520935 10.013748168945312      
106 -0.3423708379268646 0.36152446269989014 10.034099578857422      
107 0.38905778527259827 0.35075053572654724 10.023324966430664      
108 -0.24899697303771973 0.3758896589279175 10.029311180114746      
109 -0.14844051003456116 0.363918662071228 10.020931243896484      
110 0.5003881454467773 0.3555389642715454 10.044873237609863      
111 -0.5434837937355042 0.39624038338661194 10.072406768798828      
112 0.38067805767059326 0.3579331636428833 10.047266960144043      
113 -0.21188685297966003 0.3471592366695404 10.014945983886719      
114 0.1173158809542656 0.34835633635520935 10.038887977600098      
115 0.33997663855552673 0.36152446269989014 10.02811336517334      
116 -0.4920084476470947 0.365115761756897 10.034099578857422      
117 0.3974374830722809 0.3627215623855591 10.029311180114746      
118 -0.3280056416988373 0.3818751573562622 10.064026832580566      
119 0.12449848651885986 0.3758896589279175 10.065223693847656      
120 0.5099649429321289 0.3663128614425659 10.05923843383789      
121 -0.4118026793003082 0.3866635859012604 10.067618370056152      
122 0.3734954595565796 0.3603273630142212 10.043676376342773      
123 -0.181959331035614 0.37229835987091064 10.070012092590332      
124 0.06464344263076782 0.3711012601852417 10.08198356628418      
125 0.3292027413845062 0.38067805767059326 10.055646896362305      
126 -0.5770025849342346 0.37229835987091064 10.004171371459961      
127 0.4225766062736511 0.34596213698387146 10.016142845153809      
128 -0.28969839215278625 0.36990416049957275 10.023324966430664      
129 0.152031809091568 0.37229835987091064 10.054450035095215      
130 0.31364041566848755 0.35434186458587646 10.038887977600098      
131 -0.4225766062736511 0.3734954595565796 10.037690162658691      
132 0.27892449498176575 0.35075053572654724 10.031704902648926      
133 -0.1628057211637497 0.3663128614425659 10.052056312561035      
134 -0.06584054976701736 0.3471592366695404 10.031704902648926      
135 0.46327802538871765 0.3627215623855591 10.04846477508545      
136 -0.5099649429321289 0.4034229815006256 10.072406768798828      
137 0.4884171485900879 0.37229835987091064 10.068815231323242      
138 -0.1412578970193863 0.36990416049957275 10.078392028808594      
139 0.1173158809542656 0.363918662071228 10.053253173828125      
140 0.31364041566848755 0.34835633635520935 10.007762908935547      
141 -0.42377370595932007 0.3471592366695404 10.013748168945312      
142 0.3256114423274994 0.3280056416988373 9.976638793945312      
143 -0.2777273952960968 0.3627215623855591 10.011354446411133      
144 -0.19393034279346466 0.3603273630142212 10.017339706420898      
145 0.5195417404174805 0.35434186458587646 10.042478561401367      
146 -0.44532153010368347 0.3902548849582672 10.061633110046387      
147 0.395043283700943 0.3711012601852417 10.050858497619629      
148 -0.16879121959209442 0.36750996112823486 10.0580415725708      
149 0.09217676520347595 0.36750996112823486 10.042478561401367      
150 0.3315969407558441 0.37229835987091064 10.031704902648926      
151 -0.4944026470184326 0.3663128614425659 10.032901763916016      
152 0.41539400815963745 0.34835633635520935 10.020931243896484      
153 0.09816227108240128 0.3687070608139038 10.052056312561035      
154 0.2849099934101105 0.35075053572654724 10.056844711303711      
155 -0.2908954918384552 0.36990416049957275 10.064026832580566      
156 0.3423708379268646 0.3579331636428833 10.043676376342773      
157 -0.16639702022075653 0.37229835987091064 10.064026832580566      
158 0.002394201699644327 0.3627215623855591 10.067618370056152      
159 0.3902548849582672 0.365115761756897 10.047266960144043      
160 -0.5734112858772278 0.3711012601852417 10.023324966430664      
161 0.3124433159828186 0.33518823981285095 9.985017776489258      
162 -0.31603461503982544 0.35673606395721436 10.016142845153809      
163 0.2059013396501541 0.3770867586135864 10.075998306274414      
164 0.3124433159828186 0.35434186458587646 10.032901763916016      
165 -0.4620809257030487 0.3579331636428833 10.006566047668457      
166 0.27413609623908997 0.3411737382411957 10.017339706420898      
167 -0.30286651849746704 0.365115761756897 10.006566047668457      
168 -0.14365209639072418 0.3555389642715454 10.011354446411133      
169 0.5195417404174805 0.3519476354122162 10.046070098876953      
170 -0.5422866940498352 0.38546648621559143 10.077195167541504      
171 0.4225766062736511 0.3579331636428833 10.050858497619629      
172 -0.16519992053508759 0.35673606395721436 10.049661636352539      
173 0.10534487664699554 0.3663128614425659 10.047266960144043      
174 0.27653029561042786 0.3627215623855591 10.018536567687988      
175 -0.4884171485900879 0.35434186458587646 10.008959770202637      
176 0.36152446269989014 0.3423708379268646 10.008959770202637      
177 -0.22864626348018646 0.36990416049957275 10.050858497619629      
178 -0.20709845423698425 0.3663128614425659 10.019734382629395      
179 0.4920084476470947 0.3471592366695404 10.030508041381836      
180 -0.4537012279033661 0.3758896589279175 10.049661636352539      
181 0.4129997789859772 0.35673606395721436 10.036493301391602      
182 -0.14604631066322327 0.36152446269989014 10.052056312561035      
183 0.06584054976701736 0.35075053572654724 10.041281700134277      
184 0.3495534360408783 0.35673606395721436 10.040084838867188      
185 -0.5267243981361389 0.3579331636428833 10.032901763916016      
186 0.4010287821292877 0.3423708379268646 10.022128105163574      
187 -0.39145198464393616 0.365115761756897 10.044873237609863      
188 0.16160862147808075 0.365115761756897 10.072406768798828      
189 0.2968810200691223 0.34596213698387146 10.041281700134277      
190 -0.37828385829925537 0.3770867586135864 10.055646896362305      
191 0.2849099934101105 0.35913026332855225 10.052056312561035      
192 -0.18794482946395874 0.363918662071228 10.036493301391602      
193 -0.04668693244457245 0.35075053572654724 10.02571964263916      
194 0.4537012279033661 0.36152446269989014 10.032901763916016      
195 -0.5063736438751221 0.3770867586135864 10.036493301391602      
196 0.4513070285320282 0.35434186458587646 10.050858497619629      
197 -0.19632454216480255 0.365115761756897 10.032901763916016      
198 0.17956513166427612 0.3711012601852417 10.066421508789062      
199 0.32680854201316833 0.3579331636428833 10.036493301391602      
200 -0.3902548849582672 0.3603273630142212 10.044873237609863      
201 0.3734954595565796 0.3495534360408783 10.020931243896484      
202 -0.26336219906806946 0.3758896589279175 10.023324966430664      
203 -0.17477671802043915 0.3687070608139038 10.036493301391602      
204 0.4884171485900879 0.35434186458587646 10.037690162658691      
205 -0.45010992884635925 0.39145198464393616 10.066421508789062      
206 0.4572925269603729 0.36750996112823486 10.0580415725708      
207 -0.20949265360832214 0.3579331636428833 10.038887977600098      
208 0.10534487664699554 0.35913026332855225 10.040084838867188      
209 0.3016694188117981 0.3663128614425659 10.032901763916016      
210 -0.456095427274704 0.36152446269989014 10.041281700134277      
211 0.43335050344467163 0.3531447649002075 10.02571964263916      
212 -0.3315969407558441 0.3794809579849243 10.074800491333008      
213 -0.19153612852096558 0.37828385829925537 10.032901763916016      
214 0.524330198764801 0.35434186458587646 10.032901763916016      
215 0.3902548849582672 0.3663128614425659 10.06043529510498      
216 -0.2190694510936737 0.37469255924224854 10.0580415725708      
217 -0.040701430290937424 0.3531447649002075 10.035296440124512      
218 0.35434186458587646 0.3555389642715454 10.02811336517334      
219 -0.5003881454467773 0.36750996112823486 10.013748168945312      
220 0.4381389021873474 0.34596213698387146 10.02571964263916      
221 -0.27653029561042786 0.3734954595565796 10.054450035095215      
222 0.23702596127986908 0.38067805767059326 10.091560363769531      
223 0.3770867586135864 0.35913026332855225 10.053253173828125      
224 -0.30885201692581177 0.3687070608139038 10.055646896362305      
225 0.2801215946674347 0.35913026332855225 10.049661636352539      
226 -0.18315643072128296 0.37229835987091064 10.036493301391602      
227 -0.010773907415568829 0.34596213698387146 10.034099578857422      
228 0.46806642413139343 0.3531447649002075 10.032901763916016      
229 -0.5650315880775452 0.3878606855869293 10.065223693847656      
230 0.3579331636428833 0.365115761756897 10.040084838867188      
231 -0.20231004059314728 0.35434186458587646 10.019734382629395      
232 0.13287819921970367 0.36990416049957275 10.047266960144043      
233 0.31364041566848755 0.365115761756897 10.029311180114746      
234 -0.3866635859012604 0.35673606395721436 10.038887977600098      
235 0.40462008118629456 0.3447650372982025 10.017339706420898      
236 -0.25019407272338867 0.36990416049957275 10.013748168945312      
237 -0.2346317619085312 0.35913026332855225 9.995792388916016      
238 0.4908113479614258 0.33758243918418884 10.018536567687988      
239 -0.38905778527259827 0.38307225704193115 10.08078670501709      
240 0.43933600187301636 0.36750996112823486 10.077195167541504      
241 -0.21667525172233582 0.3663128614425659 10.023324966430664      
242 0.02992752194404602 0.35673606395721436 10.022128105163574      
243 0.30885201692581177 0.3519476354122162 10.029311180114746      
244 -0.5111620426177979 0.3603273630142212 10.029311180114746      
245 0.40222588181495667 0.34835633635520935 10.014945983886719      
246 -0.3411737382411957 0.36990416049957275 10.055646896362305      
247 0.11851298063993454 0.3627215623855591 10.050858497619629      
248 0.3124433159828186 0.34835633635520935 10.056844711303711      
249 -0.3770867586135864 0.3866635859012604 10.055646896362305      
250 0.4129997789859772 0.3734954595565796 10.066421508789062      
251 -0.12928688526153564 0.3794809579849243 10.068815231323242      
252 -0.0035913025494664907 0.3627215623855591 10.05923843383789      
253 0.4034229815006256 0.365115761756897 10.053253173828125      
254 -0.5542576909065247 0.37229835987091064 10.040084838867188      
255 0.3794809579849243 0.33518823981285095 10.017339706420898      
256 -0.25258827209472656 0.3495534360408783 10.008959770202637      
257 0.16759411990642548 0.3687070608139038 10.055646896362305      
258 0.3531447649002075 0.35075053572654724 10.046070098876953      
259 -0.36990416049957275 0.3555389642715454 10.050858497619629      
260 0.41778820753097534 0.34596213698387146 10.02691650390625      
261 -0.18555063009262085 0.3794809579849243 10.046070098876953      
262 -0.08140286058187485 0.363918662071228 10.047266960144043      
263 0.5339069962501526 0.35913026332855225 10.050858497619629      
264 -0.49799394607543945 0.3902548849582672 10.075998306274414      
265 0.4572925269603729 0.37469255924224854 10.072406768798828      
266 -0.14245499670505524 0.3603273630142212 10.029311180114746      
267 0.1280897855758667 0.3627215623855591 10.032901763916016      
268 0.3208230137825012 0.3579331636428833 10.02571964263916      
269 -0.45489832758903503 0.34835633635520935 10.020931243896484      
270 0.3423708379268646 0.333991140127182 10.000580787658691      
271 -0.5183446407318115 0.3711012601852417 10.052056312561035      
272 0.10654197633266449 0.3663128614425659 10.042478561401367      
273 0.4812345504760742 0.3495534360408783 10.02811336517334      
274 -0.43335050344467163 0.3758896589279175 10.040084838867188      
275 -0.14365209639072418 0.3734954595565796 10.053253173828125      
276 0.10055647045373917 0.3627215623855591 10.049661636352539      
277 0.35434186458587646 0.365115761756897 10.030508041381836      
278 -0.5434837937355042 0.37229835987091064 10.030508041381836      
279 0.4082113802433014 0.34835633635520935 10.02691650390625      
280 -0.2825157940387726 0.35913026332855225 10.034099578857422      
281 0.14844051003456116 0.35913026332855225 10.050858497619629      
282 0.31603461503982544 0.34835633635520935 10.02452278137207      
283 -0.3292027413845062 0.37469255924224854 10.066421508789062      
284 0.3100491166114807 0.36750996112823486 10.054450035095215      
285 -0.15322890877723694 0.36990416049957275 10.040084838867188      
286 -0.06584054976701736 0.34835633635520935 10.02571964263916      
287 0.39145198464393616 0.35075053572654724 10.023324966430664      
288 -0.5494692921638489 0.3734954595565796 10.037690162658691      
289 0.4129997789859772 0.35913026332855225 10.042478561401367      
290 -0.20350714027881622 0.3627215623855591 10.012551307678223      
291 0.16879121959209442 0.3663128614425659 10.053253173828125      
292 0.35434186458587646 0.35673606395721436 10.035296440124512      
293 -0.35434186458587646 0.3555389642715454 10.0580415725708      
294 0.42856210470199585 0.3519476354122162 10.037690162658691      
295 -0.22625206410884857 0.3794809579849243 10.034099578857422      
296 -0.14245499670505524 0.3687070608139038 10.040084838867188      
297 0.5722141861915588 0.34356793761253357 10.043676376342773      
298 -0.4644751250743866 0.3902548849582672 10.077195167541504      
299 0.4704606235027313 0.3687070608139038 10.049661636352539      
300 -0.15801730751991272 0.36750996112823486 10.040084838867188      
301 0.06584054976701736 0.3627215623855591 10.05923843383789      
302 0.3196259140968323 0.37229835987091064 10.046070098876953      
303 -0.47644615173339844 0.363918662071228 10.02452278137207      
304 0.43095630407333374 0.3519476354122162 10.031704902648926      
305 -0.3124433159828186 0.37229835987091064 10.056844711303711      
306 0.14484919607639313 0.3627215623855591 10.052056312561035      
307 0.2693476974964142 0.3495534360408783 10.071209907531738      
308 -0.42616790533065796 0.38905778527259827 10.066421508789062      
309 0.3734954595565796 0.3663128614425659 10.070012092590332      
310 -0.12449848651885986 0.3734954595565796 10.074800491333008      
311 -0.0071826050989329815 0.3627215623855591 10.055646896362305      
312 0.3758896589279175 0.35913026332855225 10.034099578857422      
313 -0.5351040959358215 0.36990416049957275 10.02811336517334      
314 0.4465186297893524 0.34835633635520935 10.022128105163574      
315 -0.19153612852096558 0.3627215623855591 10.02691650390625      
316 0.2298433631658554 0.3734954595565796 10.06043529510498      
317 0.2885012924671173 0.35913026332855225 10.053253173828125      
318 -0.41778820753097534 0.3579331636428833 10.037690162658691      
319 0.5410895943641663 0.3447650372982025 10.018536567687988      
320 -0.18076223134994507 0.3687070608139038 10.02571964263916      
321 -0.08619125932455063 0.3555389642715454 10.029311180114746      
322 0.48961424827575684 0.36152446269989014 10.038887977600098      
323 -0.4967968463897705 0.38905778527259827 10.0580415725708      
324 0.42856210470199585 0.363918662071228 10.05923843383789      
325 -0.16639702022075653 0.3663128614425659 10.053253173828125      
326 0.15322890877723694 0.3519476354122162 10.036493301391602      
327 0.28969839215278625 0.3471592366695404 10.017339706420898      
328 -0.365115761756897 0.3471592366695404 10.022128105163574      
329 0.4273650050163269 0.35434186458587646 10.02571964263916      
330 -0.20709845423698425 0.3818751573562622 10.0580415725708      
331 -0.19273324310779572 0.3818751573562622 10.038887977600098      
332 0.5207388401031494 0.3519476354122162 10.040084838867188      
333 0.35434186458587646 0.3603273630142212 10.038887977600098      
334 -0.19033902883529663 0.363918662071228 10.037690162658691      
335 0.04189852997660637 0.3555389642715454 10.030508041381836      
336 0.04189852997660637 0.3555389642715454 10.030508041381836      
337 0.3196259140968323 0.36152446269989014 10.034099578857422      
338 -0.5159504413604736 0.35913026332855225 10.008959770202637      
339 0.44173020124435425 0.34835633635520935 10.022128105163574      
340 0.13407529890537262 0.36152446269989014 10.037690162658691      
341 0.5171475410461426 0.3519476354122162 10.042478561401367      
342 -0.3974374830722809 0.3794809579849243 10.050858497619629      
343 0.3280056416988373 0.3627215623855591 10.050858497619629      
344 -0.1843535304069519 0.37469255924224854 10.050858497619629      
345 -0.06464344263076782 0.3495534360408783 10.016142845153809      
346 0.4106055796146393 0.3627215623855591 10.040084838867188      
347 -0.49559974670410156 0.3734954595565796 10.043676376342773      
348 0.5051765441894531 0.34835633635520935 10.062829971313477      
349 -0.20111294090747833 0.363918662071228 10.031704902648926      
350 0.08499415963888168 0.37828385829925537 10.053253173828125      
351 0.27892449498176575 0.3555389642715454 10.032901763916016      
352 -0.32441434264183044 0.35913026332855225 10.052056312561035      
353 0.31364041566848755 0.3519476354122162 10.02452278137207      
354 -0.2190694510936737 0.3758896589279175 10.041281700134277      
355 -0.14365209639072418 0.36990416049957275 10.053253173828125      
356 0.5363011956214905 0.3663128614425659 10.06043529510498      
357 -0.43095630407333374 0.38546648621559143 10.06043529510498      
358 0.45250412821769714 0.36750996112823486 10.04846477508545      
359 -0.18914192914962769 0.365115761756897 10.029311180114746      
360 0.1173158809542656 0.3627215623855591 10.041281700134277      
361 0.33279404044151306 0.35913026332855225 10.02691650390625      
362 -0.4489128291606903 0.34596213698387146 10.018536567687988      
363 0.41539400815963745 0.3411737382411957 10.012551307678223      
364 -0.3208230137825012 0.3770867586135864 10.0580415725708      
365 0.10893617570400238 0.3663128614425659 10.044873237609863      
366 0.48961424827575684 0.34835633635520935 10.036493301391602      
367 -0.4537012279033661 0.3758896589279175 10.053253173828125      
368 0.38905778527259827 0.3603273630142212 10.043676376342773      
369 -0.17836803197860718 0.365115761756897 10.030508041381836      
370 0.008379706181585789 0.35913026332855225 10.043676376342773      
371 0.31842881441116333 0.3627215623855591 10.035296440124512      
372 -0.5339069962501526 0.35673606395721436 10.007762908935547      
373 0.48482584953308105 0.3519476354122162 10.019734382629395      
374 -0.2585737705230713 0.37229835987091064 10.065223693847656      
375 0.1735796183347702 0.365115761756897 10.04846477508545      
376 0.3256114423274994 0.34596213698387146 10.037690162658691      
377 -0.3208230137825012 0.36750996112823486 10.038887977600098      
378 0.3076549172401428 0.3531447649002075 10.02452278137207      
379 -0.2885012924671173 0.3711012601852417 10.02811336517334      
380 -0.2106897532939911 0.3579331636428833 10.019734382629395      
381 0.37828385829925537 0.3471592366695404 9.996989250183105      
382 -0.50876784324646 0.37469255924224854 10.034099578857422      
383 0.4668693244457245 0.35673606395721436 10.034099578857422      
384 -0.2537853717803955 0.3603273630142212 10.034099578857422      
385 0.20231004059314728 0.3711012601852417 10.071209907531738      
386 0.3232172429561615 0.3627215623855591 10.035296440124512      
387 -0.34356793761253357 0.35673606395721436 10.02811336517334      
388 0.33279404044151306 0.3519476354122162 10.02452278137207      
389 -0.20949265360832214 0.37828385829925537 10.030508041381836      
390 -0.18315643072128296 0.363918662071228 10.02571964263916      
391 0.4967968463897705 0.3579331636428833 10.042478561401367      
392 -0.44532153010368347 0.3866635859012604 10.0580415725708      
393 -0.19632454216480255 0.363918662071228 10.034099578857422      
394 0.11611878126859665 0.3555389642715454 10.044873237609863      
395 0.3196259140968323 0.36152446269989014 10.032901763916016      
396 -0.46806642413139343 0.3603273630142212 10.031704902648926      
397 0.35075053572654724 0.35075053572654724 10.016142845153809      
398 -0.32680854201316833 0.3734954595565796 10.061633110046387      
399 0.13168109953403473 0.3663128614425659 10.043676376342773      
400 0.25737667083740234 0.33997663855552673 10.031704902648926      
401 -0.45848962664604187 0.3663128614425659 10.032901763916016      
402 0.3603273630142212 0.3495534360408783 10.046070098876953      
403 -0.08738835901021957 0.36152446269989014 10.036493301391602      
404 -0.002394201699644327 0.3531447649002075 10.044873237609863      
405 0.33997663855552673 0.3603273630142212 10.040084838867188      
406 -0.52552729845047 0.36750996112823486 10.02811336517334      
407 0.48602294921875 0.34835633635520935 10.037690162658691      
408 -0.2322375625371933 0.36750996112823486 10.044873237609863      
409 0.16998831927776337 0.37469255924224854 10.067618370056152      
410 0.28131869435310364 0.34835633635520935 10.016142845153809      
411 -0.34596213698387146 0.3663128614425659 10.047266960144043      
412 0.4776432514190674 0.3555389642715454 10.041281700134277      
413 -0.1735796183347702 0.37828385829925537 10.034099578857422      
414 -0.1364694982767105 0.36152446269989014 10.031704902648926      
415 0.456095427274704 0.3519476354122162 10.02571964263916      
416 -0.46327802538871765 0.3794809579849243 10.054450035095215      
417 0.4357447028160095 0.3555389642715454 10.036493301391602      
418 -0.19871874153614044 0.35673606395721436 10.008959770202637      
419 0.15801730751991272 0.36152446269989014 10.041281700134277      
420 0.27054479718208313 0.3579331636428833 10.012551307678223      
421 -0.4345476031303406 0.35913026332855225 10.02691650390625      
422 0.3878606855869293 0.34835633635520935 10.008959770202637      
423 -0.24660277366638184 0.3711012601852417 10.018536567687988      
424 0.11013327538967133 0.3495534360408783 10.016142845153809      
425 0.5339069962501526 0.3471592366695404 10.040084838867188      
426 -0.4345476031303406 0.37828385829925537 10.064026832580566      
427 0.42616790533065796 0.3579331636428833 10.038887977600098      
428 -0.181959331035614 0.36750996112823486 10.031704902648926      
429 0.026336219161748886 0.3663128614425659 10.031704902648926      
430 0.3315969407558441 0.3627215623855591 10.032901763916016      
431 -0.50876784324646 0.363918662071228 10.02452278137207      
432 0.4465186297893524 0.35075053572654724 10.020931243896484      
433 -0.30047231912612915 0.3663128614425659 10.030508041381836      
434 0.10295066982507706 0.35075053572654724 10.02452278137207      
435 0.36990416049957275 0.34596213698387146 10.053253173828125      
436 -0.22505496442317963 0.37469255924224854 10.08437728881836      
437 0.3447650372982025 0.37828385829925537 10.054450035095215      
438 -0.15801730751991272 0.3794809579849243 10.0580415725708      
439 0.033518824726343155 0.365115761756897 10.040084838867188      
440 0.44412440061569214 0.36990416049957275 10.0580415725708      
441 -0.5590460896492004 0.38067805767059326 10.020931243896484      
442 0.5099649429321289 0.3531447649002075 10.02811336517334      
443 -0.16998831927776337 0.36990416049957275 10.0580415725708      
444 0.12330138683319092 0.365115761756897 10.041281700134277      
445 0.2861070930957794 0.3471592366695404 10.012551307678223      
446 -0.3974374830722809 0.3495534360408783 10.034099578857422      
447 0.22266076505184174 0.34596213698387146 10.016142845153809      
448 -0.25977087020874023 0.36990416049957275 10.040084838867188      
449 -0.1711854189634323 0.3663128614425659 10.031704902648926      
450 -0.4728548228740692 0.3842693865299225 10.072406768798828      
451 0.46806642413139343 0.35913026332855225 10.053253173828125      
452 -0.18555063009262085 0.3603273630142212 10.04846477508545      
453 0.07781155407428741 0.3579331636428833 10.061633110046387      
454 0.2669534981250763 0.35075053572654724 10.013748168945312      
455 -0.44412440061569214 0.34356793761253357 10.004171371459961      
456 0.3842693865299225 0.3471592366695404 10.007762908935547      
457 -0.5279214978218079 0.363918662071228 10.046070098876953      
458 0.10654197633266449 0.35434186458587646 10.023324966430664      
459 0.48482584953308105 0.34596213698387146 10.02452278137207      
460 -0.43933600187301636 0.3794809579849243 10.056844711303711      
461 0.4010287821292877 0.3531447649002075 10.047266960144043      
462 -0.05386953800916672 0.35673606395721436 10.02691650390625      
463 0.09696517139673233 0.3603273630142212 10.053253173828125      
464 0.33518823981285095 0.37229835987091064 10.047266960144043      
465 -0.5602431893348694 0.35913026332855225 10.012551307678223      
466 0.3770867586135864 0.3447650372982025 10.007762908935547      
467 -0.2885012924671173 0.3663128614425659 10.030508041381836      
468 0.20350714027881622 0.35913026332855225 10.055646896362305      
469 0.3148375153541565 0.3411737382411957 10.041281700134277      
470 -0.33518823981285095 0.36990416049957275 10.043676376342773      
471 0.4620809257030487 0.3627215623855591 10.037690162658691      
472 -0.16639702022075653 0.36990416049957275 10.037690162658691      
473 -0.09217676520347595 0.35434186458587646 10.02811336517334      
474 0.4034229815006256 0.35913026332855225 10.031704902648926      
475 -0.4991910457611084 0.3818751573562622 10.068815231323242      
476 0.46327802538871765 0.3627215623855591 10.052056312561035      
477 -0.2585737705230713 0.35913026332855225 10.020931243896484      
478 0.1628057211637497 0.35673606395721436 10.037690162658691      
479 0.2849099934101105 0.35673606395721436 10.017339706420898      
480 -0.4273650050163269 0.3627215623855591 10.046070098876953      
481 0.5626373887062073 0.34356793761253357 10.019734382629395      
482 -0.38067805767059326 0.36152446269989014 10.019734382629395      
483 -0.24181437492370605 0.3579331636428833 10.012551307678223      
484 0.45250412821769714 0.3447650372982025 10.020931243896484      
485 -0.5279214978218079 0.3758896589279175 10.044873237609863      
486 0.3256114423274994 0.33997663855552673 10.006566047668457      
487 -0.16879121959209442 0.3423708379268646 10.001777648925781      
488 0.11133038252592087 0.35913026332855225 10.049661636352539      
489 0.3519476354122162 0.3663128614425659 10.040084838867188      
490 -0.44771572947502136 0.35913026332855225 10.029311180114746      
491 0.42018240690231323 0.34596213698387146 10.018536567687988      
492 -0.3603273630142212 0.37828385829925537 10.046070098876953      
493 0.14844051003456116 0.3627215623855591 10.035296440124512      
494 0.333991140127182 0.34835633635520935 10.055646896362305      
495 -0.3447650372982025 0.3794809579849243 10.075998306274414      
496 0.38307225704193115 0.35913026332855225 10.040084838867188      
497 -0.16519992053508759 0.36990416049957275 10.04846477508545      
498 -0.011971008032560349 0.3555389642715454 10.043676376342773      
499 0.40701428055763245 0.35913026332855225 10.047266960144043      
500 -0.5267243981361389 0.37469255924224854 10.037690162658691      
501 0.43933600187301636 0.3579331636428833 10.038887977600098      
502 -0.2322375625371933 0.36990416049957275 10.044873237609863      
503 0.2082955539226532 0.36990416049957275 10.056844711303711      
504 0.3232172429561615 0.3519476354122162 10.035296440124512      
505 -0.3603273630142212 0.35913026332855225 10.043676376342773      
506 0.2585737705230713 0.3495534360408783 10.02811336517334      
507 -0.21188685297966003 0.36750996112823486 10.036493301391602      
508 -0.1364694982767105 0.3603273630142212 10.052056312561035      
509 0.4908113479614258 0.36750996112823486 10.042478561401367      
510 -0.47884035110473633 0.3866635859012604 10.067618370056152      
511 -0.18315643072128296 0.3555389642715454 10.02571964263916      
512 0.07541735470294952 0.3531447649002075 10.02691650390625      
513 0.2932897210121155 0.363918662071228 10.031704902648926      
514 -0.3663128614425659 0.35913026332855225 10.032901763916016      
515 0.4345476031303406 0.34596213698387146 10.029311180114746      
516 -0.3315969407558441 0.37229835987091064 10.055646896362305      
517 -0.19033902883529663 0.37469255924224854 10.036493301391602      
518 0.5410895943641663 0.3531447649002075 10.046070098876953      
519 -0.39384618401527405 0.3818751573562622 10.06043529510498      
520 0.48961424827575684 0.36152446269989014 10.070012092590332      
521 -0.1472434103488922 0.3818751573562622 10.068815231323242      
522 0.03950432687997818 0.3758896589279175 10.071209907531738      
523 0.31124621629714966 0.3687070608139038 10.046070098876953      
524 -0.4884171485900879 0.3519476354122162 10.023324966430664      
525 0.44771572947502136 0.3495534360408783 10.022128105163574      
526 -0.3208230137825012 0.36750996112823486 10.036493301391602      
527 0.15801730751991272 0.36152446269989014 10.04846477508545      
528 0.28969839215278625 0.3519476354122162 10.050858497619629      
529 -0.3315969407558441 0.37828385829925537 10.050858497619629      
530 0.3555389642715454 0.35913026332855225 10.049661636352539      
531 -0.20949265360832214 0.3770867586135864 10.040084838867188      
532 -0.12210428714752197 0.3531447649002075 10.02811336517334      
533 0.395043283700943 0.35673606395721436 10.029311180114746      
534 -0.5422866940498352 0.38546648621559143 10.038887977600098      
535 0.42616790533065796 0.3555389642715454 10.036493301391602      
536 -0.19033902883529663 0.35673606395721436 10.014945983886719      
537 0.18555063009262085 0.3555389642715454 10.02691650390625      
538 0.2932897210121155 0.3471592366695404 10.007762908935547      
539 -0.33758243918418884 0.35075053572654724 10.02811336517334      
540 0.29807811975479126 0.3447650372982025 10.018536567687988      
541 -0.5626373887062073 0.37229835987091064 10.031704902648926      
542 -0.2346317619085312 0.36152446269989014 10.029311180114746      
543 0.47405192255973816 0.34596213698387146 10.030508041381836      
544 -0.46088382601737976 0.3794809579849243 10.067618370056152      
545 0.45489832758903503 0.35075053572654724 10.031704902648926      
546 -0.17477671802043915 0.3555389642715454 10.030508041381836      
547 0.1041477769613266 0.3687070608139038 10.068815231323242      
548 0.25498247146606445 0.3627215623855591 10.030508041381836      
549 -0.4884171485900879 0.34835633635520935 10.008959770202637      
550 0.3998316824436188 0.35434186458587646 10.019734382629395      
551 -0.2454056739807129 0.3711012601852417 10.078392028808594      
552 -0.0802057534456253 0.365115761756897 10.061633110046387      
553 0.5303156971931458 0.3531447649002075 10.064026832580566      
554 -0.42856210470199585 0.3926490843296051 10.075998306274414      
555 0.3842693865299225 0.36152446269989014 10.054450035095215      
556 -0.23942017555236816 0.36152446269989014 10.029311180114746      
557 -0.019153613597154617 0.3495534360408783 10.031704902648926      
558 0.31842881441116333 0.35434186458587646 10.02811336517334      
559 -0.5195417404174805 0.3627215623855591 10.023324966430664      
560 0.4405331015586853 0.3555389642715454 10.030508041381836      
561 -0.2645592987537384 0.3687070608139038 10.038887977600098      
562 0.19632454216480255 0.36990416049957275 10.070012092590332      
563 0.3734954595565796 0.36152446269989014 10.062829971313477      
564 -0.36152446269989014 0.3794809579849243 10.044873237609863      
565 0.30047231912612915 0.3495534360408783 10.030508041381836      
566 -0.19033902883529663 0.37229835987091064 10.047266960144043      
567 -0.10654197633266449 0.35913026332855225 10.037690162658691      
568 0.47644615173339844 0.3531447649002075 10.034099578857422      
569 -0.52552729845047 0.37469255924224854 10.035296440124512      
570 0.39384618401527405 0.35075053572654724 10.013748168945312      
571 -0.27653029561042786 0.3627215623855591 10.02571964263916      
572 0.11133038252592087 0.3579331636428833 10.075998306274414      
573 0.25019407272338867 0.34835633635520935 10.017339706420898      
574 -0.41778820753097534 0.3519476354122162 10.020931243896484      
575 0.3866635859012604 0.34835633635520935 10.014945983886719      
576 -0.3603273630142212 0.365115761756897 10.02811336517334      
577 0.08978256583213806 0.3519476354122162 10.02452278137207      
578 -0.47644615173339844 0.3866635859012604 10.070012092590332      
579 0.47644615173339844 0.3555389642715454 10.054450035095215      
580 -0.12689268589019775 0.35913026332855225 10.02452278137207      
581 0.11611878126859665 0.3627215623855591 10.038887977600098      
582 0.29807811975479126 0.36750996112823486 10.020931243896484      
583 -0.5267243981361389 0.3603273630142212 10.011354446411133      
584 0.4489128291606903 0.3423708379268646 10.011354446411133      
585 -0.3555389642715454 0.37469255924224854 10.052056312561035      
586 0.19033902883529663 0.35434186458587646 10.037690162658691      
587 0.2908954918384552 0.3471592366695404 10.071209907531738      
588 -0.43335050344467163 0.3866635859012604 10.04846477508545      
589 0.4345476031303406 0.363918662071228 10.064026832580566      
590 -0.23822307586669922 0.36990416049957275 10.0580415725708      
591 -0.0586579404771328 0.3423708379268646 10.008959770202637      
592 0.3411737382411957 0.3495534360408783 10.02811336517334      
593 -0.5291185975074768 0.363918662071228 10.041281700134277      
594 0.40940847992897034 0.3423708379268646 10.010157585144043      
595 -0.29568392038345337 0.3579331636428833 10.029311180114746      
596 0.15562310814857483 0.363918662071228 10.064026832580566      
597 0.30526071786880493 0.35434186458587646 10.047266960144043      
598 -0.4118026793003082 0.363918662071228 10.049661636352539      
599 0.2801215946674347 0.34835633635520935 10.022128105163574      
600 -0.19033902883529663 0.36750996112823486 10.032901763916016      
601 -0.10534487664699554 0.35913026332855225 10.038887977600098      
602 0.44173020124435425 0.3519476354122162 10.035296440124512      
603 -0.5351040959358215 0.3770867586135864 10.066421508789062      
604 0.4058171808719635 0.3579331636428833 10.044873237609863      
605 -0.24181437492370605 0.3579331636428833 10.014945983886719      
606 0.10295066982507706 0.3555389642715454 10.042478561401367      
607 0.2777273952960968 0.3495534360408783 10.019734382629395      
608 -0.3998316824436188 0.3579331636428833 10.037690162658691      
609 0.37828385829925537 0.34596213698387146 10.017339706420898      
610 -0.22625206410884857 0.37469255924224854 10.040084838867188      
611 -0.16879121959209442 0.3663128614425659 10.042478561401367      
612 0.5351040959358215 0.3555389642715454 10.04846477508545      
613 -0.5015852451324463 0.38546648621559143 10.044873237609863      
614 0.456095427274704 0.3603273630142212 10.055646896362305      
615 -0.22026655077934265 0.3663128614425659 10.053253173828125      
616 0.021547814831137657 0.3519476354122162 10.02691650390625      
617 0.2693476974964142 0.3531447649002075 10.014945983886719      
618 -0.48961424827575684 0.35673606395721436 10.022128105163574      
619 0.40940847992897034 0.33997663855552673 10.002974510192871      
620 -0.2849099934101105 0.3627215623855591 10.043676376342773      
621 0.13766659796237946 0.36750996112823486 10.041281700134277      
622 0.363918662071228 0.35913026332855225 10.079588890075684      
623 -0.333991140127182 0.38905778527259827 10.08318042755127      
624 0.41778820753097534 0.3663128614425659 10.062829971313477      
625 -0.19273324310779572 0.365115761756897 10.037690162658691      
626 -0.04668693244457245 0.3423708379268646 10.031704902648926      
627 0.3603273630142212 0.3519476354122162 10.029311180114746      
628 -0.507570743560791 0.3687070608139038 10.029311180114746      
629 -0.2082955539226532 0.363918662071228 10.04846477508545      
630 0.22744916379451752 0.37229835987091064 10.070012092590332      
631 0.34356793761253357 0.3555389642715454 10.029311180114746      
632 -0.33279404044151306 0.37229835987091064 10.06043529510498      
633 0.33758243918418884 0.3531447649002075 10.034099578857422      
634 -0.24899697303771973 0.3711012601852417 10.037690162658691      
635 -0.16400282084941864 0.3531447649002075 10.017339706420898      
636 0.44173020124435425 0.3447650372982025 10.002974510192871      
637 -0.4991910457611084 0.37828385829925537 10.049661636352539      
638 0.4273650050163269 0.35913026332855225 10.0580415725708      
639 -0.22026655077934265 0.3627215623855591 10.001777648925781      
640 0.14844051003456116 0.3627215623855591 10.022128105163574      
641 0.2992752194404602 0.35913026332855225 10.016142845153809      
642 -0.4776432514190674 0.35673606395721436 10.010157585144043      
643 0.3663128614425659 0.3411737382411957 10.004171371459961      
644 -0.3256114423274994 0.363918662071228 10.035296440124512      
645 0.07900865375995636 0.35913026332855225 10.022128105163574      
646 0.46567222476005554 0.3447650372982025 10.016142845153809      
647 -0.5015852451324463 0.3818751573562622 10.037690162658691      
648 0.4644751250743866 0.3579331636428833 10.065223693847656      
649 -0.24779987335205078 0.3519476354122162 10.041281700134277      
650 -0.02992752194404602 0.3387795388698578 10.02571964263916      
651 0.35673606395721436 0.3555389642715454 10.031704902648926      
652 -0.4489128291606903 0.35673606395721436 10.044873237609863      
653 0.4106055796146393 0.34356793761253357 10.016142845153809      
654 -0.3423708379268646 0.363918662071228 10.050858497619629      
655 0.1759738177061081 0.35913026332855225 10.049661636352539      
656 0.27413609623908997 0.34596213698387146 10.052056312561035      
657 -0.33997663855552673 0.3663128614425659 10.036493301391602      
658 0.363918662071228 0.3555389642715454 10.037690162658691      
659 -0.181959331035614 0.3687070608139038 10.038887977600098      
660 -0.10295066982507706 0.35075053572654724 10.020931243896484      
661 0.3794809579849243 0.3555389642715454 10.011354446411133      
662 -0.5159504413604736 0.38067805767059326 10.044873237609863      
663 0.507570743560791 0.3627215623855591 10.067618370056152      
664 -0.26096799969673157 0.3734954595565796 10.065223693847656      
665 0.11013327538967133 0.36750996112823486 10.05923843383789      
666 0.27413609623908997 0.3495534360408783 10.019734382629395      
667 -0.4297592043876648 0.3579331636428833 10.035296440124512      
668 0.4489128291606903 0.3447650372982025 10.020931243896484      
669 -0.21787235140800476 0.3770867586135864 10.055646896362305      
670 -0.2406172752380371 0.3603273630142212 10.019734382629395      
671 0.4405331015586853 0.3423708379268646 10.013748168945312      
672 -0.5111620426177979 0.3878606855869293 10.052056312561035      
673 0.48722004890441895 0.363918662071228 10.071209907531738      
674 -0.11372458189725876 0.35913026332855225 10.04846477508545      
675 0.17717093229293823 0.3627215623855591 10.065223693847656      
676 0.3208230137825012 0.3687070608139038 10.034099578857422      
677 -0.4225766062736511 0.3603273630142212 10.047266960144043      
678 -0.3315969407558441 0.3711012601852417 10.049661636352539      
679 0.11851298063993454 0.36152446269989014 10.029311180114746      
680 0.5099649429321289 0.3555389642715454 10.052056312561035      
681 0.5099649429321289 0.3555389642715454 10.052056312561035      
682 0.43694180250167847 0.35434186458587646 10.040084838867188      
683 -0.22026655077934265 0.36750996112823486 10.040084838867188      
684 -0.021547814831137657 0.3531447649002075 10.023324966430664      
685 0.3232172429561615 0.35913026332855225 10.036493301391602      
686 -0.4752490520477295 0.35913026332855225 10.02811336517334      
687 0.41539400815963745 0.3423708379268646 10.011354446411133      
688 -0.29807811975479126 0.3603273630142212 10.0580415725708      
689 0.20350714027881622 0.3603273630142212 10.056844711303711      
690 0.31364041566848755 0.35434186458587646 10.061633110046387      
691 -0.50876784324646 0.36990416049957275 10.055646896362305      
692 0.28371289372444153 0.3531447649002075 10.035296440124512      
693 -0.2059013396501541 0.36152446269989014 10.042478561401367      
694 -0.0802057534456253 0.35075053572654724 10.02811336517334      
695 0.4225766062736511 0.3519476354122162 10.02811336517334      
696 -0.4836287498474121 0.3770867586135864 10.036493301391602      
697 0.44173020124435425 0.365115761756897 10.037690162658691      
698 -0.2537853717803955 0.35673606395721436 10.02691650390625      
699 0.13287819921970367 0.35434186458587646 10.037690162658691      
700 0.26575639843940735 0.35434186458587646 10.02571964263916      
701 -0.3818751573562622 0.365115761756897 10.04846477508545      
702 0.31124621629714966 0.3555389642715454 10.046070098876953      
703 -0.21787235140800476 0.3770867586135864 10.044873237609863      
704 -0.1364694982767105 0.363918662071228 10.029311180114746      
705 0.4704606235027313 0.3603273630142212 10.036493301391602      
706 -0.49559974670410156 0.38546648621559143 10.054450035095215      
707 0.4297592043876648 0.3627215623855591 10.04846477508545      
708 -0.11133038252592087 0.363918662071228 10.050858497619629      
709 0.14844051003456116 0.36990416049957275 10.079588890075684      
710 0.3208230137825012 0.36990416049957275 10.040084838867188      
711 -0.3555389642715454 0.3531447649002075 10.042478561401367      
712 0.4321534037590027 0.3603273630142212 10.046070098876953      
713 -0.36152446269989014 0.3794809579849243 10.067618370056152      
714 0.14484919607639313 0.35434186458587646 10.018536567687988      
715 0.23104046285152435 0.3411737382411957 10.047266960144043      
716 -0.4920084476470947 0.3902548849582672 10.04846477508545      
717 0.3794809579849243 0.3579331636428833 10.037690162658691      
718 -0.16639702022075653 0.35673606395721436 10.029311180114746      
719 0.033518824726343155 0.3519476354122162 10.04846477508545      
720 0.31842881441116333 0.3519476354122162 10.034099578857422      
721 -0.5626373887062073 0.3603273630142212 10.046070098876953      
722 0.4692635238170624 0.3387795388698578 10.02811336517334      
723 -0.2992752194404602 0.3555389642715454 10.019734382629395      
724 0.16879121959209442 0.3555389642715454 10.044873237609863      
725 0.28969839215278625 0.34835633635520935 10.049661636352539      
726 -0.4010287821292877 0.3687070608139038 10.053253173828125      
727 0.2561795711517334 0.3555389642715454 10.036493301391602      
728 -0.20949265360832214 0.36990416049957275 10.052056312561035      
729 -0.08499415963888168 0.35673606395721436 10.041281700134277      
730 0.43095630407333374 0.35434186458587646 10.035296440124512      
731 -0.47644615173339844 0.365115761756897 10.044873237609863      
732 0.44173020124435425 0.33758243918418884 10.019734382629395      
733 -0.16879121959209442 0.35075053572654724 10.032901763916016      
734 0.20470423996448517 0.3711012601852417 10.061633110046387      
735 0.30286651849746704 0.3603273630142212 10.036493301391602      
736 -0.4572925269603729 0.3411737382411957 10.006566047668457      
737 0.40940847992897034 0.3280056416988373 10.001777648925781      
738 -0.4118026793003082 0.3423708379268646 10.001777648925781      
739 0.46088382601737976 0.3447650372982025 10.02691650390625      
740 -0.47405192255973816 0.37828385829925537 10.071209907531738      
741 0.45489832758903503 0.35673606395721436 10.052056312561035      
742 -0.16400282084941864 0.35913026332855225 10.020931243896484      
743 0.13048399984836578 0.3579331636428833 10.044873237609863      
744 0.30526071786880493 0.3603273630142212 10.02571964263916      
745 -0.4991910457611084 0.35075053572654724 10.006566047668457      
746 0.3866635859012604 0.33997663855552673 9.998186111450195      
747 -0.3256114423274994 0.3627215623855591 10.038887977600098      
748 0.1496376097202301 0.3555389642715454 10.011354446411133      
749 0.31124621629714966 0.33997663855552673 10.047266960144043      
750 -0.41539400815963745 0.37229835987091064 10.049661636352539      
751 0.39863458275794983 0.3519476354122162 10.038887977600098      
752 -0.15442600846290588 0.35913026332855225 10.047266960144043      
753 0.011971008032560349 0.34596213698387146 10.02571964263916      
754 0.34356793761253357 0.3495534360408783 10.043676376342773      
755 -0.49320554733276367 0.3555389642715454 10.012551307678223      
756 0.44173020124435425 0.3495534360408783 10.02811336517334      
757 -0.31603461503982544 0.363918662071228 10.041281700134277      
758 0.1388636976480484 0.3519476354122162 10.02452278137207      
759 0.2885012924671173 0.3411737382411957 10.012551307678223      
760 -0.36152446269989014 0.363918662071228 10.038887977600098      
761 0.42856210470199585 0.35075053572654724 10.019734382629395      
762 -0.19632454216480255 0.3687070608139038 10.032901763916016      
763 -0.06584054976701736 0.35434186458587646 10.042478561401367      
764 0.45250412821769714 0.35434186458587646 10.037690162658691      
765 -0.5566518902778625 0.37469255924224854 10.050858497619629      
766 0.4297592043876648 0.3555389642715454 10.047266960144043      
767 -0.21308395266532898 0.3627215623855591 10.046070098876953      
768 0.1843535304069519 0.36152446269989014 10.05923843383789      
769 0.3148375153541565 0.35434186458587646 10.030508041381836      
770 -0.3974374830722809 0.3603273630142212 10.04846477508545      
771 0.4513070285320282 0.34356793761253357 10.035296440124512      
772 -0.3387795388698578 0.35913026332855225 10.041281700134277      
773 0.08738835901021957 0.35075053572654724 10.023324966430664      
774 0.47884035110473633 0.3471592366695404 10.029311180114746      
775 -0.47405192255973816 0.37828385829925537 10.061633110046387      
776 0.4537012279033661 0.3531447649002075 10.04846477508545      
777 -0.2082955539226532 0.3579331636428833 10.043676376342773      
778 0.09457096457481384 0.3471592366695404 10.038887977600098      
779 0.3256114423274994 0.3519476354122162 10.034099578857422      
780 -0.5327098965644836 0.35673606395721436 10.023324966430664      
781 0.36990416049957275 0.3423708379268646 10.005369186401367      
782 -0.32202014327049255 0.3663128614425659 10.066421508789062      
783 0.16759411990642548 0.35673606395721436 10.041281700134277      
784 0.2693476974964142 0.3387795388698578 10.046070098876953      
785 -0.46806642413139343 0.37229835987091064 10.034099578857422      
786 0.3064578175544739 0.35913026332855225 10.055646896362305      
787 -0.22744916379451752 0.36152446269989014 10.04846477508545      
788 -0.08499415963888168 0.3387795388698578 10.016142845153809      
789 0.33279404044151306 0.34596213698387146 10.012551307678223      
790 -0.4967968463897705 0.35913026332855225 10.011354446411133      
791 0.5051765441894531 0.3531447649002075 10.041281700134277      
792 -0.26575639843940735 0.3711012601852417 10.042478561401367      
793 0.13048399984836578 0.3687070608139038 10.049661636352539      
794 0.27413609623908997 0.3519476354122162 10.02571964263916      
795 0.33039984107017517 0.3531447649002075 10.042478561401367      
796 -0.20949265360832214 0.3711012601852417 10.065223693847656      
797 -0.152031809091568 0.36152446269989014 10.032901763916016      
798 0.48243165016174316 0.3555389642715454 10.038887977600098      
799 -0.4920084476470947 0.3878606855869293 10.054450035095215      
800 0.48243165016174316 0.3579331636428833 10.068815231323242      
801 -0.23343466222286224 0.35913026332855225 10.02811336517334      
802 0.0694318488240242 0.3627215623855591 10.02452278137207      
803 0.2621650993824005 0.36152446269989014 10.02811336517334      
804 -0.4644751250743866 0.3555389642715454 10.023324966430664      
805 0.4345476031303406 0.34835633635520935 10.005369186401367      
806 -0.30885201692581177 0.36750996112823486 10.0580415725708      
807 -0.2059013396501541 0.363918662071228 10.012551307678223      
808 0.5207388401031494 0.3495534360408783 10.037690162658691      
809 -0.4704606235027313 0.3770867586135864 10.056844711303711      
810 0.45010992884635925 0.35673606395721436 10.040084838867188      
811 -0.1364694982767105 0.3603273630142212 10.056844711303711      
812 -0.016759412363171577 0.3531447649002075 10.040084838867188      
813 0.3148375153541565 0.36152446269989014 10.032901763916016      
814 -0.4704606235027313 0.3603273630142212 10.030508041381836      
815 0.40940847992897034 0.34596213698387146 10.023324966430664      
816 -0.3076549172401428 0.3770867586135864 10.077195167541504      
817 0.20231004059314728 0.36990416049957275 10.05923843383789      
818 0.524330198764801 0.3519476354122162 10.072406768798828      
819 -0.3447650372982025 0.36990416049957275 10.056844711303711      
820 0.36990416049957275 0.35434186458587646 10.041281700134277      
821 -0.1759738177061081 0.363918662071228 10.053253173828125      
822 -0.06823474913835526 0.35673606395721436 10.053253173828125      
823 0.395043283700943 0.3603273630142212 10.053253173828125      
824 -0.48602294921875 0.38307225704193115 10.074800491333008      
825 0.48482584953308105 0.3603273630142212 10.055646896362305      
826 -0.2693476974964142 0.36152446269989014 10.034099578857422      
827 0.16759411990642548 0.3603273630142212 10.05923843383789      
828 0.33279404044151306 0.34596213698387146 10.050858497619629      
829 -0.3758896589279175 0.36152446269989014 10.052056312561035      
830 0.26815059781074524 0.3387795388698578 10.012551307678223      
831 -0.2885012924671173 0.3579331636428833 10.02571964263916      
832 -0.13527239859104156 0.34596213698387146 10.023324966430664      
833 0.4596867263317108 0.34835633635520935 10.02571964263916      
834 -0.49320554733276367 0.3878606855869293 10.08318042755127      
835 0.50876784324646 0.35913026332855225 10.070012092590332      
836 -0.20949265360832214 0.3627215623855591 10.02571964263916      
837 0.14604631066322327 0.3663128614425659 10.056844711303711      
838 0.3423708379268646 0.363918662071228 10.038887977600098      
839 -0.4297592043876648 0.3531447649002075 10.032901763916016      
840 0.3770867586135864 0.3423708379268646 9.999382972717285      
841 -0.36750996112823486 0.3663128614425659 10.038887977600098      
842 -0.2106897532939911 0.36990416049957275 10.023324966430664      
843 0.50876784324646 0.3387795388698578 10.043676376342773      
844 -0.4165911078453064 0.37469255924224854 10.056844711303711      
845 0.4225766062736511 0.3579331636428833 10.046070098876953      
846 -0.11971008777618408 0.3663128614425659 10.040084838867188      
847 0.0802057534456253 0.3687070608139038 10.041281700134277      
848 0.304063618183136 0.3711012601852417 10.031704902648926      
849 -0.4297592043876648 0.35434186458587646 10.020931243896484      
850 0.4620809257030487 0.33758243918418884 10.031704902648926      
851 -0.30286651849746704 0.3734954595565796 10.05923843383789      
852 0.1388636976480484 0.37469255924224854 10.067618370056152      
853 0.29209262132644653 0.3519476354122162 10.05923843383789      
854 -0.32441434264183044 0.37229835987091064 10.056844711303711      
855 0.38307225704193115 0.3531447649002075 10.04846477508545      
856 -0.1604115068912506 0.3734954595565796 10.050858497619629      
857 -0.05506663769483566 0.3603273630142212 10.043676376342773      
858 0.40222588181495667 0.365115761756897 10.04846477508545      
859 -0.5147533416748047 0.3627215623855591 10.035296440124512      
860 -0.26575639843940735 0.3555389642715454 10.055646896362305      
861 0.03232172131538391 0.365115761756897 10.06043529510498      
862 0.27653029561042786 0.3495534360408783 10.035296440124512      
863 -0.4106055796146393 0.35434186458587646 10.037690162658691      
864 0.4010287821292877 0.3519476354122162 10.02811336517334      
865 -0.1999158412218094 0.37229835987091064 10.056844711303711      
866 -0.15322890877723694 0.35913026332855225 10.023324966430664      
867 0.5063736438751221 0.35434186458587646 10.040084838867188      
868 -0.4836287498474121 0.3818751573562622 10.053253173828125      
869 0.42377370595932007 0.3447650372982025 10.032901763916016      
870 -0.25019407272338867 0.35075053572654724 9.996989250183105      
871 0.08140286058187485 0.3519476354122162 10.037690162658691      
872 0.2968810200691223 0.3531447649002075 10.020931243896484      
873 -0.45010992884635925 0.3531447649002075 10.037690162658691      
874 0.40462008118629456 0.3531447649002075 10.02811336517334      
875 -0.3076549172401428 0.38307225704193115 10.079588890075684      
876 0.1735796183347702 0.365115761756897 10.054450035095215      
877 0.22625206410884857 0.34596213698387146 10.06043529510498      
878 -0.4465186297893524 0.3902548849582672 10.068815231323242      
879 0.524330198764801 0.35913026332855225 10.061633110046387      
880 -0.09217676520347595 0.365115761756897 10.04846477508545      
881 -0.013168109580874443 0.365115761756897 10.04846477508545      
882 0.32680854201316833 0.365115761756897 10.046070098876953      
883 -0.5135562419891357 0.36750996112823486 10.032901763916016      
884 0.49559974670410156 0.3531447649002075 10.031704902648926      
885 -0.22625206410884857 0.3734954595565796 10.056844711303711      
886 0.20470423996448517 0.3711012601852417 10.05923843383789      
887 0.31124621629714966 0.3531447649002075 10.040084838867188      
888 -0.3531447649002075 0.3627215623855591 10.047266960144043      
889 0.32202014327049255 0.3447650372982025 10.023324966430664      
890 -0.2298433631658554 0.365115761756897 10.040084838867188      
891 -0.09935937076807022 0.35075053572654724 10.014945983886719      
892 0.44173020124435425 0.35434186458587646 10.035296440124512      
893 -0.4884171485900879 0.37828385829925537 10.055646896362305      
894 0.5207388401031494 0.35673606395721436 10.064026832580566      
895 -0.23702596127986908 0.365115761756897 10.042478561401367      
896 0.12928688526153564 0.3579331636428833 10.054450035095215      
897 0.2885012924671173 0.3531447649002075 10.02571964263916      
898 -0.4297592043876648 0.3519476354122162 10.02452278137207      
899 0.4129997789859772 0.33758243918418884 10.014945983886719      
900 -0.27054479718208313 0.3663128614425659 10.019734382629395      
901 -0.21667525172233582 0.34596213698387146 10.010157585144043      
902 0.5003881454467773 0.3411737382411957 10.013748168945312      
903 -0.456095427274704 0.3794809579849243 10.049661636352539      
904 0.43694180250167847 0.35434186458587646 10.053253173828125      
905 -0.05267243832349777 0.3770867586135864 10.08078670501709      
906 0.11611878126859665 0.37469255924224854 10.066421508789062      
907 0.28371289372444153 0.363918662071228 10.038887977600098      
908 -0.5051765441894531 0.3603273630142212 10.023324966430664      
909 0.42018240690231323 0.3363853394985199 9.996989250183105      
910 -0.3208230137825012 0.3627215623855591 10.041281700134277      
911 0.13048399984836578 0.3603273630142212 10.041281700134277      
912 0.15562310814857483 0.3423708379268646 10.037690162658691      
913 -0.45489832758903503 0.3711012601852417 10.034099578857422      
914 -0.1604115068912506 0.363918662071228 10.042478561401367      
915 -0.05386953800916672 0.3519476354122162 10.035296440124512      
916 0.33039984107017517 0.3447650372982025 10.02452278137207      
917 -0.5913678407669067 0.3627215623855591 10.005369186401367      
918 0.49559974670410156 0.333991140127182 10.016142845153809      
919 -0.272938996553421 0.3603273630142212 10.034099578857422      
920 0.17477671802043915 0.35673606395721436 10.055646896362305      
921 0.30885201692581177 0.3519476354122162 10.036493301391602      
922 -0.3579331636428833 0.37469255924224854 10.066421508789062      
923 0.42018240690231323 0.3519476354122162 10.034099578857422      
924 -0.2214636504650116 0.3711012601852417 10.042478561401367      
925 -0.15442600846290588 0.3579331636428833 10.030508041381836      
926 0.4668693244457245 0.35434186458587646 10.036493301391602      
927 -0.48243165016174316 0.38546648621559143 10.05923843383789      
928 0.4513070285320282 0.3603273630142212 10.054450035095215      
929 -0.22266076505184174 0.36152446269989014 10.036493301391602      
930 0.06344634294509888 0.36152446269989014 10.050858497619629      
931 0.2669534981250763 0.3603273630142212 10.02571964263916      
932 -0.4273650050163269 0.3519476354122162 10.029311180114746      
933 0.39384618401527405 0.33758243918418884 10.016142845153809      
934 -0.29209262132644653 0.3663128614425659 10.05923843383789      
935 0.12449848651885986 0.3663128614425659 10.0580415725708      
936 0.48243165016174316 0.35913026332855225 10.062829971313477      
937 -0.38546648621559143 0.3794809579849243 10.06043529510498      
938 0.3519476354122162 0.35673606395721436 10.046070098876953      
939 -0.18555063009262085 0.3627215623855591 10.040084838867188      
940 -0.028730420395731926 0.35075053572654724 10.036493301391602      
941 0.3172317147254944 0.3555389642715454 10.040084838867188      
942 -0.44532153010368347 0.37828385829925537 10.061633110046387      
943 0.4465186297893524 0.365115761756897 10.0580415725708      
944 -0.16519992053508759 0.3663128614425659 10.049661636352539      
945 0.14484919607639313 0.3627215623855591 10.040084838867188      
946 0.23822307586669922 0.35075053572654724 10.031704902648926      
947 -0.33758243918418884 0.35913026332855225 10.034099578857422      
948 0.17956513166427612 0.35434186458587646 10.032901763916016      
949 -0.21308395266532898 0.37229835987091064 10.055646896362305      
950 -0.12090718746185303 0.3663128614425659 10.038887977600098      
951 0.40462008118629456 0.365115761756897 10.053253173828125      
952 -0.34835633635520935 0.3758896589279175 10.046070098876953      
953 0.3100491166114807 0.3531447649002075 10.02811336517334      
954 -0.24420857429504395 0.36990416049957275 10.014945983886719      
955 0.011971008032560349 0.363918662071228 10.053253173828125      
956 0.31124621629714966 0.3687070608139038 10.056844711303711      
957 -0.2537853717803955 0.3770867586135864 10.077195167541504      
958 0.3711012601852417 0.3531447649002075 10.044873237609863      
959 -0.25019407272338867 0.365115761756897 10.05923843383789      
960 -0.18794482946395874 0.3758896589279175 10.041281700134277      
961 0.2585737705230713 0.36152446269989014 10.029311180114746      
962 -0.3627215623855591 0.37229835987091064 10.02691650390625      
963 0.2214636504650116 0.3531447649002075 10.0580415725708      
964 -0.002394201699644327 0.37469255924224854 10.08198356628418      
965 -0.03232172131538391 0.3603273630142212 10.041281700134277      
966 0.2322375625371933 0.34356793761253357 10.006566047668457      
967 -0.4537012279033661 0.3711012601852417 10.02452278137207      
968 0.1711854189634323 0.35434186458587646 10.035296440124512      
969 -0.08978256583213806 0.3531447649002075 10.031704902648926      
970 0.2693476974964142 0.365115761756897 10.034099578857422      
971 -0.2190694510936737 0.36750996112823486 10.030508041381836      
972 0.13407529890537262 0.35075053572654724 10.016142845153809      
973 -0.08978256583213806 0.35913026332855225 10.040084838867188      
974 -0.12928688526153564 0.36750996112823486 10.02452278137207      
975 0.2454056739807129 0.35913026332855225 10.046070098876953      
976 -0.07781155407428741 0.35913026332855225 10.050858497619629      
977 0.0586579404771328 0.3770867586135864 10.066421508789062      
978 -0.12928688526153564 0.3758896589279175 10.055646896362305      
979 -0.11252748221158981 0.3627215623855591 10.02811336517334      
980 0.16400282084941864 0.3471592366695404 10.022128105163574      
981 -0.16879121959209442 0.36152446269989014 10.04846477508545      
982 0.05027823522686958 0.3603273630142212 10.036493301391602      
983 0.04189852997660637 0.35673606395721436 10.04846477508545      
984 -0.005985504016280174 0.35673606395721436 10.035296440124512      
985 0.1388636976480484 0.35913026332855225 10.046070098876953      
986 -0.05267243832349777 0.36152446269989014 10.052056312561035      
987 0.010773907415568829 0.363918662071228 10.031704902648926      
988 -0.06703764945268631 0.363918662071228 10.043676376342773      
989 -0.02513911761343479 0.35075053572654724 10.02571964263916      
990 -0.014365210197865963 0.35673606395721436 10.023324966430664      
991 -0.09457096457481384 0.3603273630142212 10.034099578857422      
992 -0.06823474913835526 0.365115761756897 10.034099578857422      
993 -0.021547814831137657 0.35673606395721436 10.038887977600098      
994 0.014365210197865963 0.35434186458587646 10.02452278137207      
995 0.033518824726343155 0.3519476354122162 10.047266960144043      
996 0.04429273307323456 0.3495534360408783 10.035296440124512      
997 -0.016759412363171577 0.36152446269989014 10.042478561401367      
998 -0.008379706181585789 0.3627215623855591 10.040084838867188      
999 -0.008379706181585789 0.35913026332855225 10.04846477508545      
1000 0.017956512048840523 0.35673606395721436 10.032901763916016      
1001 0.010773907415568829 0.3603273630142212 10.034099578857422      
1002 0.019153613597154617 0.3531447649002075 10.034099578857422      
1003 0.013168109580874443 0.35434186458587646 10.038887977600098      
1004 0.013168109580874443 0.3579331636428833 10.043676376342773      
1005 0.005985504016280174 0.3663128614425659 10.049661636352539      
1006 0.015562310814857483 0.3603273630142212 10.043676376342773      
1007 0.02274491637945175 0.3603273630142212 10.046070098876953      
1008 0.014365210197865963 0.3603273630142212 10.043676376342773      
1009 0.011971008032560349 0.36152446269989014 10.041281700134277      
1010 0.011971008032560349 0.3579331636428833 10.042478561401367      
1011 0.014365210197865963 0.3579331636428833 10.043676376342773      
1012 0.017956512048840523 0.35673606395721436 10.038887977600098      
1013 0.020350715145468712 0.3603273630142212 10.042478561401367      
1014 0.021547814831137657 0.36152446269989014 10.044873237609863      
1015 0.023942016065120697 0.35913026332855225 10.049661636352539      
1016 0.017956512048840523 0.36152446269989014 10.047266960144043      
1017 0.017956512048840523 0.3627215623855591 10.044873237609863      
1018 0.02274491637945175 0.363918662071228 10.042478561401367      
1019 0.026336219161748886 0.363918662071228 10.044873237609863      
1020 0.023942016065120697 0.363918662071228 10.044873237609863      
1021 0.02274491637945175 0.36152446269989014 10.047266960144043      
1022 0.021547814831137657 0.363918662071228 10.044873237609863      
1023 0.019153613597154617 0.3579331636428833 10.046070098876953      
1024 0.013168109580874443 0.3531447649002075 10.043676376342773      
1025 0.017956512048840523 0.3603273630142212 10.041281700134277      
1026 0.023942016065120697 0.363918662071228 10.046070098876953      
1027 0.02753331884741783 0.365115761756897 10.042478561401367      
1028 0.016759412363171577 0.3663128614425659 10.038887977600098      
1029 0.019153613597154617 0.3663128614425659 10.044873237609863      
1030 0.019153613597154617 0.365115761756897 10.042478561401367      
1031 0.019153613597154617 0.3627215623855591 10.041281700134277      
1032 0.019153613597154617 0.36152446269989014 10.046070098876953      
1033 0.017956512048840523 0.363918662071228 10.04846477508545      
1034 0.021547814831137657 0.363918662071228 10.046070098876953      
1035 0.02513911761343479 0.36750996112823486 10.040084838867188      
1036 0.02274491637945175 0.3663128614425659 10.041281700134277      
1037 0.023942016065120697 0.3663128614425659 10.042478561401367      
1038 0.021547814831137657 0.365115761756897 10.041281700134277      
1039 0.02274491637945175 0.3627215623855591 10.043676376342773      
1040 0.023942016065120697 0.3627215623855591 10.042478561401367      
1041 0.020350715145468712 0.36152446269989014 10.046070098876953      
1042 0.020350715145468712 0.3603273630142212 10.044873237609863      
1043 0.02274491637945175 0.363918662071228 10.041281700134277      
1044 0.023942016065120697 0.36152446269989014 10.047266960144043      
1045 0.02274491637945175 0.3663128614425659 10.041281700134277      
1046 0.023942016065120697 0.3627215623855591 10.041281700134277      
1047 0.023942016065120697 0.363918662071228 10.040084838867188      
1048 0.021547814831137657 0.363918662071228 10.038887977600098      
1049 0.021547814831137657 0.3627215623855591 10.044873237609863      
1050 0.019153613597154617 0.3663128614425659 10.043676376342773      
1051 0.019153613597154617 0.3627215623855591 10.044873237609863      
1052 0.017956512048840523 0.363918662071228 10.042478561401367      
1053 0.017956512048840523 0.363918662071228 10.042478561401367      
1054 0.016759412363171577 0.3663128614425659 10.043676376342773      
1055 0.017956512048840523 0.3663128614425659 10.046070098876953      
1056 0.017956512048840523 0.3627215623855591 10.046070098876953      
1057 0.021547814831137657 0.363918662071228 10.042478561401367      
1058 0.019153613597154617 0.3663128614425659 10.047266960144043      
1059 0.016759412363171577 0.3663128614425659 10.044873237609863      
1060 0.021547814831137657 0.363918662071228 10.043676376342773      
1061 0.019153613597154617 0.36750996112823486 10.046070098876953      
1062 0.015562310814857483 0.3663128614425659 10.041281700134277      
1063 0.021547814831137657 0.3627215623855591 10.043676376342773      
1064 0.017956512048840523 0.3579331636428833 10.042478561401367      
1065 0.017956512048840523 0.3579331636428833 10.043676376342773      
1066 0.017956512048840523 0.35913026332855225 10.043676376342773      
1067 0.017956512048840523 0.35913026332855225 10.042478561401367      
1068 0.017956512048840523 0.3603273630142212 10.043676376342773      
1069 0.019153613597154617 0.3579331636428833 10.042478561401367      
1070 0.020350715145468712 0.363918662071228 10.040084838867188      
1071 0.020350715145468712 0.365115761756897 10.043676376342773      
1072 0.020350715145468712 0.3627215623855591 10.044873237609863      
1073 0.019153613597154617 0.3627215623855591 10.043676376342773      
1074 0.021547814831137657 0.3627215623855591 10.047266960144043      
1075 0.019153613597154617 0.36152446269989014 10.042478561401367      
1076 0.02513911761343479 0.36152446269989014 10.044873237609863      
1077 0.019153613597154617 0.36152446269989014 10.046070098876953      
1078 0.019153613597154617 0.3603273630142212 10.044873237609863      
1079 0.020350715145468712 0.363918662071228 10.037690162658691      
1080 0.019153613597154617 0.3627215623855591 10.041281700134277      
1081 0.021547814831137657 0.3603273630142212 10.043676376342773      
1082 0.019153613597154617 0.35913026332855225 10.044873237609863      
1083 0.016759412363171577 0.3579331636428833 10.046070098876953      
1084 0.02274491637945175 0.3603273630142212 10.044873237609863      
1085 0.02274491637945175 0.36152446269989014 10.046070098876953      
1086 0.023942016065120697 0.3627215623855591 10.043676376342773      
1087 0.02513911761343479 0.3579331636428833 10.042478561401367      
1088 0.021547814831137657 0.36152446269989014 10.042478561401367      
1089 0.023942016065120697 0.365115761756897 10.040084838867188      
1090 0.020350715145468712 0.3603273630142212 10.041281700134277      
1091 0.021547814831137657 0.3627215623855591 10.041281700134277      
1092 0.019153613597154617 0.3603273630142212 10.044873237609863      
1093 0.017956512048840523 0.3627215623855591 10.043676376342773      
1094 0.019153613597154617 0.365115761756897 10.044873237609863      
1095 0.016759412363171577 0.36750996112823486 10.044873237609863      
1096 0.015562310814857483 0.365115761756897 10.043676376342773      
1097 0.017956512048840523 0.365115761756897 10.04846477508545      
1098 0.02274491637945175 0.3687070608139038 10.047266960144043      
1099 0.020350715145468712 0.363918662071228 10.044873237609863      
1100 0.016759412363171577 0.3627215623855591 10.041281700134277      
1101 0.026336219161748886 0.35913026332855225 10.042478561401367      
1102 0.02753331884741783 0.36152446269989014 10.038887977600098      
1103 0.021547814831137657 0.36152446269989014 10.042478561401367      
1104 0.026336219161748886 0.3627215623855591 10.043676376342773      
1105 0.021547814831137657 0.3603273630142212 10.044873237609863      
1106 0.02513911761343479 0.35673606395721436 10.043676376342773      
1107 0.023942016065120697 0.3627215623855591 10.046070098876953      
1108 0.02274491637945175 0.3603273630142212 10.042478561401367      
1109 0.02274491637945175 0.36152446269989014 10.043676376342773      
1110 0.021547814831137657 0.3627215623855591 10.043676376342773      
1111 0.021547814831137657 0.3687070608139038 10.043676376342773      
1112 0.023942016065120697 0.3663128614425659 10.043676376342773      
1113 0.020350715145468712 0.3603273630142212 10.040084838867188      
1114 0.019153613597154617 0.36152446269989014 10.043676376342773      
1115 0.020350715145468712 0.3663128614425659 10.041281700134277      
1116 0.021547814831137657 0.365115761756897 10.040084838867188      
1117 0.023942016065120697 0.3627215623855591 10.041281700134277      
1118 0.02274491637945175 0.3627215623855591 10.041281700134277      
1119 0.023942016065120697 0.3627215623855591 10.040084838867188      
1120 0.023942016065120697 0.36152446269989014 10.041281700134277      
1121 0.02513911761343479 0.363918662071228 10.040084838867188      
1122 0.019153613597154617 0.3627215623855591 10.040084838867188      
1123 0.019153613597154617 0.35913026332855225 10.046070098876953      
1124 0.021547814831137657 0.365115761756897 10.050858497619629      
1125 0.020350715145468712 0.3603273630142212 10.046070098876953      
1126 0.016759412363171577 0.363918662071228 10.043676376342773      
1127 0.017956512048840523 0.363918662071228 10.042478561401367      
1128 0.016759412363171577 0.36152446269989014 10.042478561401367      
1129 0.017956512048840523 0.3603273630142212 10.044873237609863      
1130 0.019153613597154617 0.35913026332855225 10.043676376342773      
1131 0.020350715145468712 0.3603273630142212 10.043676376342773      
1132 0.020350715145468712 0.36152446269989014 10.046070098876953      
1133 0.023942016065120697 0.35673606395721436 10.047266960144043      
1134 0.02274491637945175 0.3603273630142212 10.041281700134277      
1135 0.023942016065120697 0.3627215623855591 10.037690162658691      
1136 0.020350715145468712 0.36152446269989014 10.044873237609863      
1137 0.021547814831137657 0.3603273630142212 10.043676376342773      
1138 0.02274491637945175 0.365115761756897 10.043676376342773      
1139 0.019153613597154617 0.36750996112823486 10.046070098876953      
1140 0.021547814831137657 0.3627215623855591 10.047266960144043      
1141 0.02274491637945175 0.36152446269989014 10.042478561401367      
1142 0.020350715145468712 0.36152446269989014 10.038887977600098      
1143 0.017956512048840523 0.36152446269989014 10.041281700134277      
1144 0.016759412363171577 0.3627215623855591 10.044873237609863      
1145 0.017956512048840523 0.363918662071228 10.042478561401367      
1146 0.019153613597154617 0.36152446269989014 10.035296440124512      
1147 0.017956512048840523 0.363918662071228 10.038887977600098      
1148 0.021547814831137657 0.35913026332855225 10.042478561401367      
1149 0.021547814831137657 0.36152446269989014 10.042478561401367      
1150 0.021547814831137657 0.35913026332855225 10.042478561401367      
1151 0.021547814831137657 0.3627215623855591 10.046070098876953      
1152 0.021547814831137657 0.36152446269989014 10.042478561401367      
1153 0.02513911761343479 0.3603273630142212 10.042478561401367      
1154 0.02513911761343479 0.35913026332855225 10.042478561401367      
1155 0.021547814831137657 0.3603273630142212 10.040084838867188      
1156 0.021547814831137657 0.3627215623855591 10.041281700134277      
1157 0.023942016065120697 0.3627215623855591 10.041281700134277      
1158 0.021547814831137657 0.36152446269989014 10.044873237609863      
1159 0.021547814831137657 0.3627215623855591 10.042478561401367      
1160 0.016759412363171577 0.36152446269989014 10.043676376342773      
1161 0.017956512048840523 0.36152446269989014 10.046070098876953      
1162 0.016759412363171577 0.3627215623855591 10.043676376342773      
1163 0.017956512048840523 0.365115761756897 10.044873237609863      
1164 0.017956512048840523 0.3663128614425659 10.046070098876953      
1165 0.019153613597154617 0.3603273630142212 10.044873237609863      
1166 0.021547814831137657 0.3603273630142212 10.041281700134277      
1167 0.019153613597154617 0.3603273630142212 10.042478561401367      
1168 0.017956512048840523 0.36152446269989014 10.043676376342773      
1169 0.019153613597154617 0.36152446269989014 10.043676376342773      
1170 0.019153613597154617 0.3603273630142212 10.044873237609863      
1171 0.019153613597154617 0.3603273630142212 10.044873237609863      
1172 0.021547814831137657 0.3663128614425659 10.047266960144043      
1173 0.021547814831137657 0.3663128614425659 10.047266960144043      
1174 0.02274491637945175 0.3627215623855591 10.043676376342773      
1175 0.019153613597154617 0.3627215623855591 10.044873237609863      
1176 0.016759412363171577 0.36152446269989014 10.038887977600098      
1177 0.017956512048840523 0.35913026332855225 10.040084838867188      
1178 0.019153613597154617 0.36152446269989014 10.038887977600098      
1179 0.021547814831137657 0.3627215623855591 10.034099578857422      
1180 0.02274491637945175 0.363918662071228 10.036493301391602      
1181 0.016759412363171577 0.363918662071228 10.037690162658691      
1182 0.019153613597154617 0.36152446269989014 10.035296440124512      
1183 0.019153613597154617 0.3627215623855591 10.040084838867188      
1184 0.017956512048840523 0.3627215623855591 10.042478561401367      
1185 0.021547814831137657 0.363918662071228 10.042478561401367      
1186 0.017956512048840523 0.3603273630142212 10.038887977600098      
1187 0.021547814831137657 0.36152446269989014 10.040084838867188      
1188 0.019153613597154617 0.36152446269989014 10.038887977600098      
1189 0.023942016065120697 0.363918662071228 10.038887977600098      
1190 0.020350715145468712 0.365115761756897 10.035296440124512      
1191 0.02513911761343479 0.365115761756897 10.037690162658691      
1192 0.023942016065120697 0.3603273630142212 10.038887977600098      
1193 0.023942016065120697 0.3603273630142212 10.042478561401367      
1194 0.02513911761343479 0.36152446269989014 10.040084838867188      
1195 0.02274491637945175 0.3603273630142212 10.040084838867188      
1196 0.026336219161748886 0.35913026332855225 10.040084838867188      
1197 0.02274491637945175 0.363918662071228 10.041281700134277      
1198 0.02274491637945175 0.363918662071228 10.040084838867188      
1199 0.02274491637945175 0.3663128614425659 10.038887977600098      
1200 0.02513911761343479 0.3627215623855591 10.035296440124512      
1201 0.02513911761343479 0.365115761756897 10.038887977600098      
1202 0.019153613597154617 0.36152446269989014 10.037690162658691      
1203 0.023942016065120697 0.36152446269989014 10.041281700134277      
1204 0.020350715145468712 0.36152446269989014 10.046070098876953      
1205 0.02513911761343479 0.363918662071228 10.040084838867188      
1206 0.02513911761343479 0.363918662071228 10.041281700134277      
1207 0.019153613597154617 0.363918662071228 10.041281700134277      
1208 0.019153613597154617 0.3603273630142212 10.038887977600098      
1209 0.016759412363171577 0.35913026332855225 10.043676376342773      
1210 0.020350715145468712 0.3603273630142212 10.042478561401367      
1211 0.02274491637945175 0.36152446269989014 10.042478561401367      
1212 0.02274491637945175 0.3579331636428833 10.043676376342773      
1213 0.023942016065120697 0.3603273630142212 10.041281700134277      
1214 0.021547814831137657 0.3627215623855591 10.043676376342773      
1215 0.023942016065120697 0.3663128614425659 10.042478561401367      
1216 0.02513911761343479 0.3663128614425659 10.042478561401367      
1217 0.021547814831137657 0.365115761756897 10.042478561401367      
1218 0.02513911761343479 0.3663128614425659 10.042478561401367      
1219 0.023942016065120697 0.365115761756897 10.043676376342773      
1220 0.019153613597154617 0.365115761756897 10.041281700134277      
1221 0.019153613597154617 0.3627215623855591 10.042478561401367      
1222 0.017956512048840523 0.36152446269989014 10.047266960144043      
1223 0.017956512048840523 0.3603273630142212 10.047266960144043      
1224 0.016759412363171577 0.36152446269989014 10.043676376342773      
1225 0.019153613597154617 0.36152446269989014 10.042478561401367      
1226 0.021547814831137657 0.363918662071228 10.043676376342773      
1227 0.020350715145468712 0.3603273630142212 10.040084838867188      
1228 0.023942016065120697 0.35913026332855225 10.041281700134277      
1229 0.020350715145468712 0.36152446269989014 10.043676376342773      
1230 0.021547814831137657 0.365115761756897 10.042478561401367      
1231 0.017956512048840523 0.363918662071228 10.046070098876953      
1232 0.019153613597154617 0.3627215623855591 10.043676376342773      
1233 0.023942016065120697 0.36152446269989014 10.046070098876953      
1234 0.023942016065120697 0.3603273630142212 10.042478561401367      
1235 0.023942016065120697 0.36152446269989014 10.040084838867188      
1236 0.02274491637945175 0.36152446269989014 10.040084838867188      
1237 0.021547814831137657 0.3627215623855591 10.046070098876953      
1238 0.019153613597154617 0.3603273630142212 10.044873237609863      
1239 0.020350715145468712 0.35673606395721436 10.041281700134277      
1240 0.019153613597154617 0.3603273630142212 10.041281700134277      
1241 0.021547814831137657 0.3627215623855591 10.043676376342773      
1242 0.021547814831137657 0.35913026332855225 10.046070098876953      
1243 0.026336219161748886 0.35913026332855225 10.047266960144043      
1244 0.023942016065120697 0.3555389642715454 10.043676376342773      
1245 0.02513911761343479 0.3579331636428833 10.043676376342773      
1246 0.02513911761343479 0.363918662071228 10.042478561401367      
1247 0.019153613597154617 0.36152446269989014 10.040084838867188      
1248 0.021547814831137657 0.3627215623855591 10.042478561401367      
1249 0.021547814831137657 0.365115761756897 10.038887977600098      
1250 0.02274491637945175 0.363918662071228 10.038887977600098      
1251 0.026336219161748886 0.36750996112823486 10.043676376342773      
1252 0.02274491637945175 0.3627215623855591 10.043676376342773      
1253 0.021547814831137657 0.363918662071228 10.047266960144043      
1254 0.021547814831137657 0.365115761756897 10.040084838867188      
1255 0.023942016065120697 0.363918662071228 10.042478561401367      
1256 0.02274491637945175 0.3663128614425659 10.042478561401367      
1257 0.017956512048840523 0.3663128614425659 10.041281700134277      
1258 0.019153613597154617 0.3663128614425659 10.044873237609863      
1259 0.021547814831137657 0.3627215623855591 10.046070098876953      
1260 0.021547814831137657 0.3627215623855591 10.041281700134277      
1261 0.02274491637945175 0.3627215623855591 10.043676376342773      
1262 0.02274491637945175 0.3627215623855591 10.042478561401367      
1263 0.023942016065120697 0.3627215623855591 10.040084838867188      
1264 0.023942016065120697 0.36152446269989014 10.042478561401367      
1265 0.02753331884741783 0.36152446269989014 10.041281700134277      
1266 0.02274491637945175 0.35913026332855225 10.042478561401367      
1267 0.02513911761343479 0.365115761756897 10.041281700134277      
1268 0.021547814831137657 0.3627215623855591 10.038887977600098      
1269 0.02274491637945175 0.36152446269989014 10.038887977600098      
1270 0.02513911761343479 0.3627215623855591 10.038887977600098      
1271 0.023942016065120697 0.363918662071228 10.041281700134277      
1272 0.02274491637945175 0.3627215623855591 10.043676376342773      
1273 0.02274491637945175 0.365115761756897 10.042478561401367      
1274 0.026336219161748886 0.36750996112823486 10.041281700134277      
1275 0.02513911761343479 0.363918662071228 10.043676376342773      
1276 0.02274491637945175 0.363918662071228 10.034099578857422      
1277 0.02513911761343479 0.3627215623855591 10.042478561401367      
1278 0.02513911761343479 0.36152446269989014 10.041281700134277      
1279 0.02513911761343479 0.36152446269989014 10.043676376342773      
1280 0.026336219161748886 0.3663128614425659 10.044873237609863      
1281 0.02274491637945175 0.3627215623855591 10.041281700134277      
1282 0.02274491637945175 0.3627215623855591 10.034099578857422      
1283 0.02513911761343479 0.363918662071228 10.042478561401367      
1284 0.02274491637945175 0.36152446269989014 10.040084838867188      
1285 0.02274491637945175 0.35913026332855225 10.041281700134277      
1286 0.023942016065120697 0.36152446269989014 10.038887977600098      
1287 0.017956512048840523 0.363918662071228 10.043676376342773      
1288 0.021547814831137657 0.36750996112823486 10.041281700134277      
1289 0.02274491637945175 0.363918662071228 10.038887977600098      
1290 0.019153613597154617 0.3627215623855591 10.038887977600098      
1291 0.021547814831137657 0.365115761756897 10.040084838867188      
1292 0.019153613597154617 0.3627215623855591 10.046070098876953      
1293 0.021547814831137657 0.365115761756897 10.047266960144043      
1294 0.019153613597154617 0.363918662071228 10.041281700134277      
1295 0.021547814831137657 0.3627215623855591 10.044873237609863      
1296 0.023942016065120697 0.3627215623855591 10.046070098876953      
1297 0.023942016065120697 0.3579331636428833 10.041281700134277      
1298 0.02513911761343479 0.3603273630142212 10.042478561401367      
1299 0.02513911761343479 0.3627215623855591 10.041281700134277      
1300 0.021547814831137657 0.36152446269989014 10.041281700134277      
1301 0.017956512048840523 0.363918662071228 10.041281700134277      
1302 0.019153613597154617 0.3663128614425659 10.044873237609863      
1303 0.021547814831137657 0.3627215623855591 10.046070098876953      
1304 0.019153613597154617 0.363918662071228 10.043676376342773      
1305 0.020350715145468712 0.3627215623855591 10.046070098876953      
1306 0.019153613597154617 0.36152446269989014 10.042478561401367      
1307 0.023942016065120697 0.3627215623855591 10.043676376342773      
1308 0.02274491637945175 0.36152446269989014 10.044873237609863      
1309 0.02274491637945175 0.3663128614425659 10.042478561401367      
1310 0.02753331884741783 0.3687070608139038 10.041281700134277      
1311 0.02513911761343479 0.363918662071228 10.043676376342773      
1312 0.02274491637945175 0.363918662071228 10.037690162658691      
1313 0.021547814831137657 0.35913026332855225 10.043676376342773      
1314 0.021547814831137657 0.36152446269989014 10.046070098876953      
1315 0.020350715145468712 0.36152446269989014 10.043676376342773      
1316 0.020350715145468712 0.35913026332855225 10.043676376342773      
1317 0.019153613597154617 0.36152446269989014 10.044873237609863      
1318 0.019153613597154617 0.3627215623855591 10.042478561401367      
1319 0.021547814831137657 0.363918662071228 10.043676376342773      
1320 0.02274491637945175 0.36152446269989014 10.040084838867188      
1321 0.019153613597154617 0.3603273630142212 10.043676376342773      
1322 0.02513911761343479 0.363918662071228 10.047266960144043      
1323 0.02753331884741783 0.365115761756897 10.037690162658691      
1324 0.02992752194404602 0.363918662071228 10.038887977600098      
1325 0.023942016065120697 0.36152446269989014 10.040084838867188      
1326 0.02274491637945175 0.3627215623855591 10.042478561401367      
1327 0.021547814831137657 0.3627215623855591 10.041281700134277      
1328 0.020350715145468712 0.3627215623855591 10.047266960144043      
1329 0.026336219161748886 0.365115761756897 10.046070098876953      
1330 0.02513911761343479 0.363918662071228 10.046070098876953      
1331 0.023942016065120697 0.3603273630142212 10.040084838867188      
1332 0.021547814831137657 0.3579331636428833 10.044873237609863      
1333 0.019153613597154617 0.35913026332855225 10.042478561401367      
1334 0.021547814831137657 0.3603273630142212 10.042478561401367      
1335 0.020350715145468712 0.3627215623855591 10.044873237609863      
1336 0.023942016065120697 0.35673606395721436 10.047266960144043      
1337 0.02274491637945175 0.3603273630142212 10.042478561401367      
1338 0.016759412363171577 0.36152446269989014 10.036493301391602      
1339 0.019153613597154617 0.363918662071228 10.040084838867188      
1340 0.021547814831137657 0.363918662071228 10.037690162658691      
1341 0.021547814831137657 0.36152446269989014 10.040084838867188      
1342 0.023942016065120697 0.3603273630142212 10.035296440124512      
1343 0.020350715145468712 0.35913026332855225 10.043676376342773      
1344 0.02513911761343479 0.3603273630142212 10.044873237609863      
1345 0.02274491637945175 0.35913026332855225 10.042478561401367      
1346 0.02274491637945175 0.3603273630142212 10.040084838867188      
1347 0.02513911761343479 0.363918662071228 10.042478561401367      
1348 0.026336219161748886 0.3663128614425659 10.043676376342773      
1349 0.026336219161748886 0.365115761756897 10.041281700134277      
1350 0.02274491637945175 0.363918662071228 10.041281700134277      
1351 0.023942016065120697 0.3627215623855591 10.037690162658691      
1352 0.021547814831137657 0.3627215623855591 10.042478561401367      
1353 0.023942016065120697 0.3603273630142212 10.043676376342773      
1354 0.02274491637945175 0.3663128614425659 10.038887977600098      
1355 0.020350715145468712 0.3603273630142212 10.041281700134277      
1356 0.019153613597154617 0.3603273630142212 10.043676376342773      
1357 0.02513911761343479 0.3555389642715454 10.043676376342773      
1358 0.026336219161748886 0.3579331636428833 10.042478561401367      
1359 0.021547814831137657 0.3555389642715454 10.043676376342773      
1360 0.026336219161748886 0.35434186458587646 10.044873237609863      
1361 0.02513911761343479 0.3603273630142212 10.043676376342773      
1362 0.02753331884741783 0.35673606395721436 10.046070098876953      
1363 0.021547814831137657 0.3579331636428833 10.046070098876953      
1364 0.02274491637945175 0.3603273630142212 10.046070098876953      
1365 0.019153613597154617 0.3579331636428833 10.044873237609863      
1366 0.02274491637945175 0.3603273630142212 10.038887977600098      
1367 0.020350715145468712 0.35673606395721436 10.04846477508545      
1368 0.017956512048840523 0.3603273630142212 10.04846477508545      
1369 0.019153613597154617 0.36152446269989014 10.046070098876953      
1370 0.019153613597154617 0.363918662071228 10.04846477508545      
1371 0.021547814831137657 0.363918662071228 10.042478561401367      
1372 0.021547814831137657 0.363918662071228 10.043676376342773      
1373 0.023942016065120697 0.3663128614425659 10.046070098876953      
