1 115519050 115519052 115519050
2 115519052 115519052 115519052
3 115519073 115519073 115519073
4 115519119 115519119 115519119
5 115519173 115519173 115519173
6 115519217 115519218 115519217
7 115519272 115519276 115519272
8 115519323 115519323 115519323
9 115519368 115519368 115519368
10 115519424 115519425 115519424
11 115519467 115519468 115519467
12 115519524 115519524 115519524
13 115519567 115519567 115519567
14 115519626 115519626 115519626
15 115519668 115519669 115519668
16 115519722 115519723 115519722
17 115519774 115519774 115519774
18 115519825 115519825 115519825
19 115519877 115519879 115519877
20 115519927 115519927 115519927
21 115519966 115519966 115519966
22 115520024 115520024 115520024
23 115520067 115520067 115520067
24 115520125 115520125 115520125
25 115520176 115520176 115520176
26 115520231 115520231 115520231
27 115520264 115520264 115520264
28 115520324 115520324 115520324
29 115520377 115520379 115520377
30 115520424 115520424 115520424
31 115520463 115520463 115520463
32 115520518 115520518 115520518
33 115520566 115520566 115520566
34 115520619 115520619 115520619
35 115520668 115520668 115520668
36 115520718 115520718 115520718
37 115520768 115520769 115520768
38 115520818 115520818 115520818
39 115520874 115520874 115520874
40 115520931 115520931 115520931
41 115520983 115520983 115520983
42 115521015 115521015 115521015
43 115521066 115521066 115521066
44 115521117 115521117 115521117
45 115521169 115521170 115521169
46 115521237 115521237 115521237
47 115521269 115521269 115521269
48 115521325 115521325 115521325
49 115521364 115521365 115521364
50 115521417 115521417 115521417
51 115521469 115521470 115521469
52 115521520 115521520 115521520
53 115521574 115521574 115521574
54 115521631 115521631 115521631
55 115521667 115521667 115521667
56 115521715 115521716 115521715
57 115521769 115521769 115521769
58 115521819 115521820 115521819
59 115521874 115521874 115521874
60 115521923 115521923 115521923
61 115521976 115521976 115521976
62 115522014 115522014 115522014
63 115522068 115522069 115522068
64 115522121 115522122 115522121
65 115522183 115522184 115522183
66 115522215 115522215 115522215
67 115522269 115522270 115522269
68 115522319 115522319 115522319
69 115522370 115522370 115522370
70 115522417 115522417 115522417
71 115522467 115522467 115522467
72 115522518 115522518 115522518
73 115522566 115522566 115522566
74 115522622 115522622 115522622
75 115522666 115522667 115522666
76 115522720 115522720 115522720
77 115522769 115522769 115522769
78 115522822 115522822 115522822
79 115522870 115522870 115522870
80 115522915 115522915 115522915
81 115522973 115522973 115522973
82 115523026 115523027 115523026
83 115523063 115523063 115523063
84 115523121 115523121 115523121
85 115523170 115523171 115523170
86 115523220 115523220 115523220
87 115523274 115523274 115523274
88 115523325 115523325 115523325
89 115523365 115523366 115523365
90 115523417 115523417 115523417
91 115523467 115523468 115523467
92 115523519 115523520 115523519
93 115523570 115523571 115523570
94 115523626 115523626 115523626
95 115523689 115523689 115523689
96 115523721 115523721 115523721
97 115523777 115523781 115523777
98 115523816 115523816 115523816
99 115523864 115523864 115523864
100 115523917 115523917 115523917
101 115523969 115523969 115523969
102 115524022 115524023 115524022
103 115524069 115524069 115524069
104 115524122 115524122 115524122
105 115524173 115524173 115524173
106 115524229 115524230 115524229
107 115524283 115524283 115524283
108 115524316 115524316 115524316
109 115524373 115524373 115524373
110 115524420 115524420 115524420
111 115524473 115524473 115524473
112 115524532 115524532 115524532
113 115524564 115524565 115524564
114 115524618 115524619 115524618
115 115524672 115524672 115524672
116 115524726 115524726 115524726
117 115524781 115524781 115524781
118 115524814 115524814 115524814
119 115524870 115524870 115524870
120 115524918 115524919 115524918
121 115524972 115524972 115524972
122 115525022 115525022 115525022
123 115525075 115525075 115525075
124 115525117 115525117 115525117
125 115525171 115525171 115525171
126 115525219 115525219 115525219
127 115525275 115525276 115525275
128 115525317 115525317 115525317
129 115525366 115525367 115525366
130 115525421 115525421 115525421
131 115525471 115525471 115525471
132 115525524 115525524 115525524
133 115525576 115525584 115525576
134 115525615 115525615 115525615
135 115525669 115525671 115525669
136 115525725 115525725 115525725
137 115525768 115525768 115525768
138 115525822 115525822 115525822
139 115525908 115525908 115525908
140 115525920 115525920 115525920
141 115525980 115525989 115525980
142 115526017 115526017 115526017
143 115526096 115526096 115526096
144 115526119 115526119 115526119
145 115526166 115526166 115526166
146 115526222 115526222 115526222
147 115526273 115526273 115526273
148 115526326 115526326 115526326
149 115526368 115526368 115526368
150 115526416 115526417 115526416
151 115526466 115526468 115526466
152 115526518 115526519 115526518
153 115526568 115526570 115526568
154 115526620 115526620 115526620
155 115526670 115526670 115526670
156 115526716 115526716 115526716
157 115526768 115526768 115526768
158 115526835 115526835 115526835
159 115526868 115526869 115526868
160 115526921 115526921 115526921
161 115526969 115526970 115526969
162 115527022 115527022 115527022
163 115527072 115527073 115527072
164 115527126 115527126 115527126
165 115527183 115527184 115527183
166 115527216 115527217 115527216
167 115527267 115527269 115527267
168 115527320 115527321 115527320
169 115527374 115527374 115527374
170 115527424 115527425 115527424
171 115527463 115527464 115527463
172 115527519 115527519 115527519
173 115527568 115527569 115527568
174 115527622 115527622 115527622
175 115527671 115527671 115527671
176 115527726 115527726 115527726
177 115527768 115527768 115527768
178 115527817 115527817 115527817
179 115527868 115527868 115527868
180 115527919 115527919 115527919
181 115527968 115527968 115527968
182 115528019 115528019 115528019
183 115528066 115528066 115528066
184 115528122 115528122 115528122
185 115528175 115528176 115528175
186 115528240 115528241 115528240
187 115528270 115528270 115528270
188 115528325 115528325 115528325
189 115528383 115528383 115528383
190 115528430 115528431 115528430
191 115528484 115528484 115528484
192 115528513 115528514 115528513
193 115528569 115528569 115528569
194 115528619 115528619 115528619
195 115528671 115528671 115528671
196 115528724 115528725 115528724
197 115528763 115528763 115528763
198 115528817 115528817 115528817
199 115528871 115528871 115528871
200 115528923 115528923 115528923
201 115528974 115528975 115528974
202 115529015 115529015 115529015
203 115529070 115529070 115529070
204 115529124 115529124 115529124
205 115529167 115529167 115529167
206 115529219 115529219 115529219
207 115529271 115529271 115529271
208 115529322 115529322 115529322
209 115529375 115529375 115529375
210 115529426 115529426 115529426
211 115529465 115529465 115529465
212 115529523 115529523 115529523
213 115529575 115529576 115529575
214 115529634 115529634 115529634
215 115529684 115529685 115529684
216 115529717 115529718 115529717
217 115529769 115529770 115529769
218 115529820 115529820 115529820
219 115529869 115529869 115529869
220 115529919 115529919 115529919
221 115529976 115529976 115529976
222 115530023 115530024 115530023
223 115530063 115530064 115530063
224 115530120 115530121 115530120
225 115530174 115530174 115530174
226 115530224 115530224 115530224
227 115530264 115530265 115530264
228 115530316 115530316 115530316
229 115530369 115530369 115530369
230 115530416 115530416 115530416
231 115530468 115530468 115530468
232 115530516 115530516 115530516
233 115530568 115530569 115530568
234 115530615 115530616 115530615
235 115530666 115530667 115530666
236 115530723 115530723 115530723
237 115530765 115530765 115530765
238 115530818 115530818 115530818
239 115530865 115530866 115530865
240 115530918 115530919 115530918
241 115530967 115530967 115530967
242 115531033 115531034 115531033
243 115531069 115531069 115531069
244 115531130 115531130 115531130
245 115531170 115531171 115531170
246 115531215 115531215 115531215
247 115531268 115531268 115531268
248 115531317 115531318 115531317
249 115531371 115531371 115531371
250 115531421 115531421 115531421
251 115531473 115531473 115531473
252 115531526 115531526 115531526
253 115531565 115531565 115531565
254 115531619 115531619 115531619
255 115531668 115531668 115531668
256 115531726 115531730 115531726
257 115531769 115531769 115531769
258 115531827 115531830 115531827
259 115531939 115531940 115531939
260 115531971 115531971 115531971
261 115532015 115532015 115532015
262 115532180 115532180 115532180
263 115532180 115532180 115532180
264 115532180 115532180 115532180
265 115532222 115532222 115532222
266 115532281 115532281 115532281
267 115532322 115532322 115532322
268 115532366 115532366 115532366
269 115532417 115532417 115532417
270 115532469 115532469 115532469
271 115532520 115532520 115532520
272 115532585 115532585 115532585
273 115532618 115532618 115532618
274 115532670 115532670 115532670
275 115532724 115532725 115532724
276 115532780 115532780 115532780
277 115532832 115532833 115532832
278 115532866 115532866 115532866
279 115532922 115532922 115532922
280 115532975 115532975 115532975
281 115533024 115533025 115533024
282 115533065 115533065 115533065
283 115533115 115533115 115533115
284 115533166 115533166 115533166
285 115533218 115533218 115533218
286 115533268 115533268 115533268
287 115533317 115533317 115533317
288 115533368 115533368 115533368
289 115533419 115533419 115533419
290 115533470 115533471 115533470
291 115533521 115533521 115533521
292 115533567 115533567 115533567
293 115533617 115533618 115533617
294 115533666 115533666 115533666
295 115533721 115533721 115533721
296 115533769 115533769 115533769
297 115533823 115533823 115533823
298 115533873 115533873 115533873
299 115533927 115533929 115533927
300 115533975 115533976 115533975
301 115534018 115534018 115534018
302 115534070 115534071 115534070
303 115534115 115534115 115534115
304 115534180 115534182 115534180
305 115534218 115534218 115534218
306 115534279 115534280 115534279
307 115534316 115534316 115534316
308 115534369 115534369 115534369
309 115534423 115534424 115534423
310 115534466 115534466 115534466
311 115534516 115534518 115534516
312 115534567 115534567 115534567
313 115534623 115534623 115534623
314 115534676 115534676 115534676
315 115534717 115534717 115534717
316 115534773 115534773 115534773
317 115534823 115534826 115534823
318 115534875 115534876 115534875
319 115534932 115534932 115534932
320 115534965 115534965 115534965
321 115535017 115535018 115535017
322 115535067 115535067 115535067
323 115535120 115535120 115535120
324 115535170 115535170 115535170
325 115535225 115535225 115535225
326 115535267 115535267 115535267
327 115535322 115535322 115535322
328 115535372 115535372 115535372
329 115535429 115535429 115535429
330 115535476 115535477 115535476
331 115535515 115535515 115535515
332 115535575 115535575 115535575
333 115535631 115535631 115535631
334 115535664 115535665 115535664
335 115535731 115535732 115535731
336 115535763 115535763 115535763
337 115535815 115535815 115535815
338 115535871 115535871 115535871
339 115535924 115535924 115535924
340 115535974 115535975 115535974
341 115536015 115536015 115536015
342 115536067 115536067 115536067
343 115536126 115536126 115536126
344 115536169 115536169 115536169
345 115536218 115536218 115536218
346 115536272 115536272 115536272
347 115536322 115536322 115536322
348 115536374 115536375 115536374
349 115536426 115536426 115536426
350 115536465 115536465 115536465
351 115536520 115536520 115536520
352 115536569 115536569 115536569
353 115536618 115536618 115536618
354 115536673 115536673 115536673
355 115536715 115536715 115536715
356 115536769 115536769 115536769
357 115536824 115536825 115536824
358 115536875 115536875 115536875
359 115536930 115536930 115536930
360 115536964 115536965 115536964
361 115537019 115537020 115537019
362 115537065 115537065 115537065
363 115537117 115537117 115537117
364 115537169 115537169 115537169
365 115537224 115537224 115537224
366 115537264 115537264 115537264
367 115537317 115537317 115537317
368 115537367 115537367 115537367
369 115537423 115537423 115537423
370 115537474 115537474 115537474
371 115537527 115537527 115537527
372 115537569 115537569 115537569
373 115537618 115537619 115537618
374 115537669 115537670 115537669
375 115537724 115537724 115537724
376 115537777 115537779 115537777
377 115537826 115537827 115537826
378 115537865 115537865 115537865
379 115537915 115537915 115537915
380 115537966 115537966 115537966
381 115538017 115538017 115538017
382 115538071 115538071 115538071
383 115538124 115538125 115538124
384 115538168 115538168 115538168
385 115538220 115538220 115538220
386 115538272 115538273 115538272
387 115538322 115538323 115538322
388 115538381 115538382 115538381
389 115538434 115538434 115538434
390 115538463 115538463 115538463
391 115538519 115538519 115538519
392 115538568 115538568 115538568
393 115538620 115538620 115538620
394 115538668 115538669 115538668
395 115538724 115538724 115538724
396 115538775 115538776 115538775
397 115538814 115538814 115538814
398 115538868 115538869 115538868
399 115538918 115538918 115538918
400 115538966 115538966 115538966
401 115539020 115539020 115539020
402 115539072 115539072 115539072
403 115539124 115539125 115539124
404 115539163 115539164 115539163
405 115539217 115539217 115539217
406 115539270 115539270 115539270
407 115539314 115539314 115539314
408 115539367 115539367 115539367
409 115539419 115539419 115539419
410 115539470 115539471 115539470
411 115539523 115539523 115539523
412 115539572 115539573 115539572
413 115539631 115539631 115539631
414 115539664 115539665 115539664
415 115539724 115539724 115539724
416 115539780 115539781 115539780
417 115539816 115539816 115539816
418 115539868 115539868 115539868
419 115539923 115539923 115539923
420 115539981 115539981 115539981
421 115540013 115540014 115540013
422 115540070 115540070 115540070
423 115540122 115540123 115540122
424 115540171 115540172 115540171
425 115540215 115540216 115540215
426 115540270 115540270 115540270
427 115540321 115540321 115540321
428 115540376 115540376 115540376
429 115540431 115540431 115540431
430 115540464 115540465 115540464
431 115540519 115540520 115540519
432 115540573 115540573 115540573
433 115540620 115540620 115540620
434 115540670 115540670 115540670
435 115540715 115540716 115540715
436 115540769 115540769 115540769
437 115540817 115540817 115540817
438 115540872 115540872 115540872
439 115540926 115540926 115540926
440 115540988 115540989 115540988
441 115541026 115541026 115541026
442 115541100 115541101 115541100
443 115541121 115541121 115541121
444 115541163 115541163 115541163
445 115541232 115541232 115541232
446 115541265 115541265 115541265
447 115541322 115541323 115541322
448 115541364 115541364 115541364
449 115541416 115541416 115541416
450 115541469 115541469 115541469
451 115541518 115541518 115541518
452 115541569 115541569 115541569
453 115541622 115541622 115541622
454 115541672 115541673 115541672
455 115541717 115541717 115541717
456 115541779 115541780 115541779
457 115541818 115541818 115541818
458 115541873 115541873 115541873
459 115541924 115541924 115541924
460 115541964 115541964 115541964
461 115542018 115542018 115542018
462 115542068 115542069 115542068
463 115542122 115542122 115542122
464 115542172 115542172 115542172
465 115542213 115542214 115542213
466 115542268 115542268 115542268
467 115542319 115542319 115542319
468 115542374 115542375 115542374
469 115542414 115542414 115542414
470 115542466 115542466 115542466
471 115542532 115542533 115542532
472 115542563 115542563 115542563
473 115542633 115542633 115542633
474 115542665 115542666 115542665
475 115542725 115542726 115542725
476 115542765 115542767 115542765
477 115542817 115542817 115542817
478 115542867 115542867 115542867
479 115542918 115542919 115542918
480 115542969 115542969 115542969
481 115543022 115543022 115543022
482 115543071 115543071 115543071
483 115543121 115543121 115543121
484 115543176 115543176 115543176
485 115543231 115543232 115543231
486 115543266 115543267 115543266
487 115543322 115543322 115543322
488 115543376 115543376 115543376
489 115543430 115543430 115543430
490 115543466 115543466 115543466
491 115543521 115543521 115543521
492 115543570 115543570 115543570
493 115543619 115543620 115543619
494 115543674 115543674 115543674
495 115543718 115543718 115543718
496 115543770 115543770 115543770
497 115543819 115543819 115543819
498 115543865 115543870 115543865
499 115543921 115543921 115543921
500 115543974 115543974 115543974
501 115544021 115544021 115544021
502 115544071 115544073 115544071
503 115544125 115544125 115544125
504 115544165 115544165 115544165
505 115544224 115544224 115544224
506 115544265 115544266 115544265
507 115544317 115544317 115544317
508 115544369 115544369 115544369
509 115544419 115544419 115544419
510 115544469 115544469 115544469
511 115544516 115544517 115544516
512 115544572 115544572 115544572
513 115544623 115544623 115544623
514 115544677 115544679 115544677
515 115544721 115544722 115544721
516 115544768 115544768 115544768
517 115544820 115544821 115544820
518 115544872 115544872 115544872
519 115544914 115544915 115544914
520 115544967 115544967 115544967
521 115545015 115545015 115545015
522 115545071 115545071 115545071
523 115545120 115545120 115545120
524 115545171 115545171 115545171
525 115545226 115545226 115545226
526 115545276 115545277 115545276
527 115545333 115545333 115545333
528 115545368 115545368 115545368
529 115545425 115545425 115545425
530 115545479 115545480 115545479
531 115545515 115545515 115545515
532 115545567 115545567 115545567
533 115545614 115545614 115545614
534 115545668 115545668 115545668
535 115545723 115545724 115545723
536 115545776 115545777 115545776
537 115545820 115545820 115545820
538 115545871 115545871 115545871
539 115545919 115545919 115545919
540 115545973 115545973 115545973
541 115546023 115546024 115546023
542 115546088 115546089 115546088
543 115546120 115546121 115546120
544 115546176 115546177 115546176
545 115546226 115546226 115546226
546 115546266 115546267 115546266
547 115546326 115546326 115546326
548 115546368 115546368 115546368
549 115546426 115546426 115546426
550 115546475 115546475 115546475
551 115546516 115546516 115546516
552 115546570 115546570 115546570
553 115546625 115546625 115546625
554 115546681 115546681 115546681
555 115546722 115546722 115546722
556 115546781 115546781 115546781
557 115546814 115546815 115546814
558 115546867 115546867 115546867
559 115546921 115546921 115546921
560 115546970 115546970 115546970
561 115547023 115547023 115547023
562 115547066 115547066 115547066
563 115547118 115547118 115547118
564 115547169 115547169 115547169
565 115547225 115547225 115547225
566 115547275 115547275 115547275
567 115547317 115547317 115547317
568 115547374 115547374 115547374
569 115547426 115547426 115547426
570 115547465 115547466 115547465
571 115547520 115547521 115547520
572 115547571 115547571 115547571
573 115547623 115547623 115547623
574 115547675 115547675 115547675
575 115547714 115547714 115547714
576 115547769 115547769 115547769
577 115547816 115547816 115547816
578 115547869 115547869 115547869
579 115547918 115547919 115547918
580 115547971 115547971 115547971
581 115548021 115548021 115548021
582 115548072 115548073 115548072
583 115548121 115548121 115548121
584 115548176 115548176 115548176
585 115548232 115548234 115548232
586 115548265 115548265 115548265
587 115548324 115548324 115548324
588 115548365 115548365 115548365
589 115548422 115548422 115548422
590 115548472 115548472 115548472
591 115548525 115548525 115548525
592 115548575 115548575 115548575
593 115548619 115548619 115548619
594 115548673 115548674 115548673
595 115548732 115548732 115548732
596 115548765 115548765 115548765
597 115548818 115548818 115548818
598 115548867 115548867 115548867
599 115548915 115548915 115548915
600 115548970 115548970 115548970
601 115549021 115549021 115549021
602 115549070 115549070 115549070
603 115549124 115549125 115549124
604 115549175 115549176 115549175
605 115549216 115549216 115549216
606 115549273 115549273 115549273
607 115549330 115549330 115549330
608 115549364 115549364 115549364
609 115549425 115549425 115549425
610 115549476 115549476 115549476
611 115549532 115549532 115549532
612 115549563 115549564 115549563
613 115549618 115549618 115549618
614 115549666 115549666 115549666
615 115549724 115549724 115549724
616 115549784 115549784 115549784
617 115549816 115549816 115549816
618 115549872 115549872 115549872
619 115549925 115549925 115549925
620 115549974 115549975 115549974
621 115550032 115550032 115550032
622 115550067 115550067 115550067
623 115550119 115550119 115550119
624 115550172 115550172 115550172
625 115550226 115550226 115550226
626 115550266 115550267 115550266
627 115550315 115550316 115550315
628 115550377 115550379 115550377
629 115550413 115550414 115550413
630 115550467 115550468 115550467
631 115550522 115550522 115550522
632 115550572 115550572 115550572
633 115550626 115550627 115550626
634 115550665 115550665 115550665
635 115550720 115550720 115550720
636 115550774 115550774 115550774
637 115550833 115550833 115550833
638 115550880 115550881 115550880
639 115550920 115550920 115550920
640 115550975 115550975 115550975
641 115551025 115551025 115551025
642 115551088 115551096 115551088
643 115551116 115551117 115551116
644 115551171 115551171 115551171
645 115551220 115551222 115551220
646 115551275 115551275 115551275
647 115551315 115551315 115551315
648 115551370 115551370 115551370
649 115551424 115551424 115551424
650 115551476 115551476 115551476
651 115551532 115551532 115551532
652 115551565 115551566 115551565
653 115551621 115551621 115551621
654 115551669 115551669 115551669
655 115551731 115551731 115551731
656 115551766 115551767 115551766
657 115551820 115551820 115551820
658 115551868 115551868 115551868
659 115551917 115551917 115551917
660 115551967 115551967 115551967
661 115552019 115552019 115552019
662 115552063 115552063 115552063
663 115552117 115552117 115552117
664 115552166 115552166 115552166
665 115552218 115552218 115552218
666 115552273 115552273 115552273
667 115552335 115552335 115552335
668 115552381 115552382 115552381
669 115552415 115552415 115552415
670 115552529 115552529 115552529
671 115552529 115552529 115552529
672 115552582 115552582 115552582
673 115552619 115552619 115552619
674 115552666 115552666 115552666
675 115552718 115552718 115552718
676 115552764 115552764 115552764
677 115552817 115552817 115552817
678 115552872 115552872 115552872
679 115552921 115552921 115552921
680 115552973 115552973 115552973
681 115553024 115553025 115553024
682 115553079 115553079 115553079
683 115553113 115553113 115553113
684 115553167 115553167 115553167
685 115553222 115553222 115553222
686 115553271 115553271 115553271
687 115553320 115553320 115553320
688 115553372 115553372 115553372
689 115553432 115553432 115553432
690 115553463 115553463 115553463
691 115553517 115553517 115553517
692 115553568 115553569 115553568
693 115553618 115553618 115553618
694 115553674 115553674 115553674
695 115553735 115553735 115553735
696 115553797 115553798 115553797
697 115553814 115553815 115553814
698 115553867 115553867 115553867
699 115553931 115553931 115553931
700 115553983 115553983 115553983
701 115554014 115554016 115554014
702 115554067 115554067 115554067
703 115554133 115554133 115554133
704 115554171 115554172 115554171
705 115554216 115554216 115554216
706 115554267 115554267 115554267
707 115554316 115554316 115554316
708 115554373 115554373 115554373
709 115554424 115554424 115554424
710 115554466 115554467 115554466
711 115554523 115554523 115554523
712 115554573 115554573 115554573
713 115554626 115554626 115554626
714 115554667 115554668 115554667
715 115554727 115554730 115554727
716 115554765 115554767 115554765
717 115554819 115554819 115554819
718 115554866 115554866 115554866
719 115554917 115554917 115554917
720 115554964 115554965 115554964
721 115555018 115555018 115555018
722 115555070 115555070 115555070
723 115555123 115555123 115555123
724 115555171 115555171 115555171
725 115555223 115555223 115555223
726 115555281 115555281 115555281
727 115555314 115555314 115555314
728 115555367 115555367 115555367
729 115555420 115555420 115555420
730 115555483 115555484 115555483
731 115555516 115555516 115555516
732 115555569 115555569 115555569
733 115555618 115555618 115555618
734 115555665 115555665 115555665
735 115555718 115555718 115555718
736 115555783 115555783 115555783
737 115555819 115555819 115555819
738 115555870 115555870 115555870
739 115555923 115555924 115555923
740 115555975 115555975 115555975
741 115556026 115556026 115556026
742 115556067 115556068 115556067
743 115556131 115556131 115556131
744 115556168 115556168 115556168
745 115556220 115556221 115556220
746 115556273 115556273 115556273
747 115556325 115556325 115556325
748 115556364 115556364 115556364
749 115556419 115556419 115556419
750 115556468 115556469 115556468
751 115556521 115556521 115556521
752 115556571 115556571 115556571
753 115556623 115556623 115556623
754 115556674 115556674 115556674
755 115556714 115556714 115556714
756 115556769 115556769 115556769
757 115556819 115556820 115556819
758 115556874 115556875 115556874
759 115556914 115556914 115556914
760 115556965 115556966 115556965
761 115557017 115557017 115557017
762 115557065 115557065 115557065
763 115557117 115557117 115557117
764 115557173 115557174 115557173
765 115557222 115557222 115557222
766 115557273 115557277 115557273
767 115557313 115557313 115557313
768 115557368 115557368 115557368
769 115557416 115557416 115557416
770 115557471 115557471 115557471
771 115557526 115557526 115557526
772 115557575 115557576 115557575
773 115557618 115557618 115557618
774 115557673 115557673 115557673
775 115557726 115557726 115557726
776 115557766 115557766 115557766
777 115557819 115557819 115557819
778 115557872 115557873 115557872
779 115557925 115557925 115557925
780 115557981 115557981 115557981
781 115558014 115558014 115558014
782 115558067 115558067 115558067
783 115558125 115558125 115558125
784 115558171 115558171 115558171
785 115558233 115558233 115558233
786 115558268 115558269 115558268
787 115558326 115558326 115558326
788 115558376 115558377 115558376
789 115558419 115558419 115558419
790 115558472 115558472 115558472
791 115558520 115558521 115558520
792 115558575 115558575 115558575
793 115558625 115558626 115558625
794 115558664 115558664 115558664
795 115558724 115558724 115558724
796 115558775 115558776 115558775
797 115558815 115558815 115558815
798 115558868 115558868 115558868
799 115558915 115558915 115558915
800 115558982 115558983 115558982
801 115559016 115559017 115559016
802 115559066 115559066 115559066
803 115559118 115559118 115559118
804 115559166 115559166 115559166
805 115559234 115559234 115559234
806 115559266 115559266 115559266
807 115559321 115559321 115559321
808 115559373 115559373 115559373
809 115559425 115559425 115559425
810 115559485 115559485 115559485
811 115559515 115559515 115559515
812 115559568 115559569 115559568
813 115559619 115559619 115559619
814 115559672 115559672 115559672
815 115559724 115559724 115559724
816 115559765 115559766 115559765
817 115559821 115559821 115559821
818 115559874 115559875 115559874
819 115559924 115559924 115559924
820 115559966 115559967 115559966
821 115600121 115600122 115600121
822 115600122 115600122 115600122
823 115600122 115600122 115600122
824 115600173 115600173 115600173
825 115600226 115600226 115600226
826 115600283 115600283 115600283
827 115600313 115600313 115600313
828 115600365 115600365 115600365
829 115600417 115600417 115600417
830 115600464 115600467 115600464
831 115600522 115600522 115600522
832 115600565 115600565 115600565
833 115600618 115600618 115600618
834 115600668 115600669 115600668
835 115600723 115600723 115600723
836 115600793 115600795 115600793
837 115600821 115600822 115600821
838 115600881 115600881 115600881
839 115600915 115600916 115600915
840 115600968 115600968 115600968
841 115601021 115601021 115601021
842 115601074 115601074 115601074
843 115601118 115601118 115601118
844 115601169 115601173 115601169
845 115601225 115601225 115601225
846 115601264 115601264 115601264
847 115601318 115601319 115601318
848 115601376 115601376 115601376
849 115601426 115601426 115601426
850 115601483 115601483 115601483
851 115601513 115601513 115601513
852 115601583 115601584 115601583
853 115601615 115601615 115601615
854 115601667 115601667 115601667
855 115601719 115601719 115601719
856 115601775 115601775 115601775
857 115601816 115601816 115601816
858 115601868 115601868 115601868
859 115601918 115601918 115601918
860 115601967 115601967 115601967
861 115602018 115602018 115602018
862 115602069 115602069 115602069
863 115602121 115602121 115602121
864 115602169 115602169 115602169
865 115602221 115602221 115602221
866 115602274 115602275 115602274
867 115602330 115602331 115602330
868 115602367 115602367 115602367
869 115602419 115602419 115602419
870 115602473 115602473 115602473
871 115602532 115602532 115602532
872 115602565 115602565 115602565
873 115602648 115602648 115602648
874 115602664 115602664 115602664
875 115602738 115602738 115602738
876 115602775 115602775 115602775
877 115602818 115602819 115602818
878 115602870 115602871 115602870
879 115602923 115602923 115602923
880 115602971 115602971 115602971
881 115603023 115603023 115603023
882 115603074 115603074 115603074
883 115603125 115603126 115603125
884 115603176 115603176 115603176
885 115603232 115603233 115603232
886 115603265 115603265 115603265
887 115603318 115603319 115603318
888 115603383 115603383 115603383
889 115603415 115603416 115603415
890 115603467 115603467 115603467
891 115603517 115603517 115603517
892 115603566 115603566 115603566
893 115603617 115603618 115603617
894 115603668 115603668 115603668
895 115603724 115603724 115603724
896 115603775 115603775 115603775
897 115603830 115603831 115603830
898 115603867 115603867 115603867
899 115603919 115603919 115603919
900 115603973 115603973 115603973
901 115604023 115604023 115604023
902 115604081 115604082 115604081
903 115604115 115604117 115604115
904 115604166 115604166 115604166
905 115604214 115604215 115604214
906 115604269 115604270 115604269
907 115604318 115604318 115604318
908 115604370 115604370 115604370
909 115604420 115604420 115604420
910 115604471 115604471 115604471
911 115604517 115604517 115604517
912 115604581 115604581 115604581
913 115604632 115604633 115604632
914 115604665 115604665 115604665
915 115604723 115604723 115604723
916 115604764 115604765 115604764
917 115604818 115604818 115604818
918 115604868 115604869 115604868
919 115604921 115604921 115604921
920 115604969 115604969 115604969
921 115605023 115605023 115605023
922 115605073 115605073 115605073
923 115605126 115605126 115605126
924 115605166 115605168 115605166
925 115605218 115605218 115605218
926 115605270 115605271 115605270
927 115605320 115605321 115605320
928 115605372 115605372 115605372
929 115605421 115605421 115605421
930 115605476 115605476 115605476
931 115605516 115605516 115605516
932 115605571 115605571 115605571
933 115605626 115605626 115605626
934 115605676 115605676 115605676
935 115605731 115605731 115605731
936 115605769 115605769 115605769
937 115605815 115605815 115605815
938 115605865 115605866 115605865
939 115605918 115605918 115605918
940 115605968 115605968 115605968
941 115606018 115606018 115606018
942 115606065 115606065 115606065
943 115606127 115606133 115606127
944 115606163 115606163 115606163
945 115606218 115606218 115606218
946 115606270 115606270 115606270
947 115606322 115606322 115606322
948 115606372 115606373 115606372
949 115606415 115606416 115606415
950 115606469 115606469 115606469
951 115606515 115606515 115606515
952 115606569 115606570 115606569
953 115606616 115606616 115606616
954 115606666 115606666 115606666
955 115606720 115606720 115606720
956 115606776 115606776 115606776
957 115606814 115606814 115606814
958 115606869 115606869 115606869
959 115606924 115606924 115606924
960 115606980 115606981 115606980
961 115607016 115607017 115607016
962 115607072 115607072 115607072
963 115607125 115607125 115607125
964 115607175 115607175 115607175
965 115607215 115607215 115607215
966 115607263 115607264 115607263
967 115607317 115607318 115607317
968 115607371 115607371 115607371
969 115607421 115607421 115607421
970 115607473 115607473 115607473
971 115607516 115607516 115607516
972 115607568 115607568 115607568
973 115607619 115607620 115607619
974 115607670 115607670 115607670
975 115607721 115607722 115607721
976 115607774 115607774 115607774
977 115607816 115607817 115607816
978 115607868 115607869 115607868
979 115607917 115607917 115607917
980 115607972 115607972 115607972
981 115608021 115608021 115608021
982 115608075 115608075 115608075
983 115608132 115608132 115608132
984 115608165 115608166 115608165
985 115608218 115608219 115608218
986 115608280 115608281 115608280
987 115608317 115608317 115608317
988 115608369 115608369 115608369
989 115608417 115608418 115608417
990 115608472 115608472 115608472
991 115608526 115608527 115608526
992 115608569 115608569 115608569
993 115608615 115608615 115608615
994 115608665 115608665 115608665
995 115608717 115608717 115608717
996 115608780 115608780 115608780
997 115608833 115608833 115608833
998 115608866 115608866 115608866
999 115608920 115608920 115608920
1000 115608968 115608968 115608968
1001 115609020 115609020 115609020
1002 115609068 115609069 115609068
1003 115609119 115609119 115609119
1004 115609167 115609168 115609167
1005 115609219 115609219 115609219
1006 115609270 115609270 115609270
1007 115609318 115609318 115609318
1008 115609366 115609369 115609366
1009 115609417 115609417 115609417
1010 115609470 115609471 115609470
1011 115609522 115609522 115609522
1012 115609582 115609582 115609582
1013 115609617 115609617 115609617
1014 115609673 115609673 115609673
1015 115609714 115609715 115609714
1016 115609767 115609768 115609767
1017 115609815 115609817 115609815
1018 115609869 115609869 115609869
1019 115609918 115609918 115609918
1020 115609968 115609968 115609968
1021 115610022 115610022 115610022
1022 115610074 115610074 115610074
1023 115610125 115610125 115610125
1024 115610164 115610164 115610164
1025 115610216 115610217 115610216
1026 115610268 115610268 115610268
1027 115610322 115610322 115610322
1028 115610376 115610376 115610376
1029 115610413 115610414 115610413
1030 115610468 115610468 115610468
1031 115610515 115610515 115610515
1032 115610584 115610584 115610584
1033 115610618 115610618 115610618
1034 115610675 115610675 115610675
1035 115610714 115610714 115610714
1036 115610774 115610775 115610774
1037 115610816 115610816 115610816
1038 115610868 115610869 115610868
1039 115610925 115610925 115610925
1040 115610965 115610965 115610965
1041 115611018 115611018 115611018
1042 115611066 115611067 115611066
1043 115611124 115611124 115611124
1044 115611173 115611173 115611173
1045 115611213 115611214 115611213
1046 115611270 115611270 115611270
1047 115611320 115611320 115611320
1048 115611372 115611372 115611372
1049 115611426 115611427 115611426
1050 115611476 115611476 115611476
1051 115611531 115611532 115611531
1052 115611564 115611564 115611564
1053 115611619 115611619 115611619
1054 115611664 115611664 115611664
1055 115611718 115611723 115611718
1056 115611767 115611767 115611767
1057 115611815 115611815 115611815
1058 115611871 115611871 115611871
1059 115611923 115611924 115611923
1060 115611974 115611974 115611974
1061 115612016 115612016 115612016
1062 115612069 115612069 115612069
1063 115612118 115612118 115612118
1064 115612164 115612165 115612164
1065 115612216 115612216 115612216
1066 115612267 115612268 115612267
1067 115612320 115612320 115612320
1068 115612370 115612370 115612370
1069 115612423 115612424 115612423
1070 115612474 115612482 115612474
1071 115612515 115612515 115612515
1072 115612567 115612568 115612567
1073 115612631 115612631 115612631
1074 115612673 115612673 115612673
1075 115612734 115612735 115612734
1076 115612770 115612771 115612770
1077 115612885 115612885 115612885
1078 115612885 115612886 115612885
1079 115612934 115612935 115612934
1080 115612980 115612980 115612980
1081 115613050 115613051 115613050
1082 115613066 115613067 115613066
1083 115613123 115613123 115613123
1084 115613168 115613168 115613168
1085 115613221 115613222 115613221
1086 115613276 115613280 115613276
1087 115613315 115613315 115613315
1088 115613368 115613369 115613368
1089 115613420 115613420 115613420
1090 115613471 115613471 115613471
1091 115613519 115613520 115613519
1092 115613574 115613574 115613574
1093 115613632 115613632 115613632
1094 115613667 115613667 115613667
1095 115613721 115613722 115613721
1096 115613780 115613780 115613780
1097 115613814 115613814 115613814
1098 115613867 115613868 115613867
1099 115613922 115613922 115613922
1100 115613981 115613981 115613981
1101 115614014 115614014 115614014
1102 115614068 115614069 115614068
1103 115614120 115614121 115614120
1104 115614170 115614171 115614170
1105 115614220 115614220 115614220
1106 115614275 115614275 115614275
1107 115614325 115614325 115614325
1108 115614375 115614375 115614375
1109 115614424 115614424 115614424
1110 115614479 115614479 115614479
1111 115614514 115614515 115614514
1112 115614567 115614568 115614567
1113 115614617 115614618 115614617
1114 115614672 115614672 115614672
1115 115614724 115614725 115614724
1116 115614768 115614768 115614768
1117 115614819 115614820 115614819
1118 115614871 115614871 115614871
1119 115614921 115614921 115614921
1120 115614976 115614976 115614976
1121 115615027 115615027 115615027
1122 115615066 115615066 115615066
1123 115615119 115615119 115615119
1124 115615171 115615172 115615171
1125 115615221 115615222 115615221
1126 115615272 115615272 115615272
1127 115615315 115615315 115615315
1128 115615367 115615367 115615367
1129 115615420 115615420 115615420
1130 115615474 115615474 115615474
1131 115615530 115615530 115615530
1132 115615581 115615585 115615581
1133 115615619 115615619 115615619
1134 115615671 115615671 115615671
1135 115615716 115615716 115615716
1136 115615776 115615776 115615776
1137 115615818 115615818 115615818
1138 115615869 115615869 115615869
1139 115615931 115615931 115615931
1140 115615985 115615985 115615985
1141 115616013 115616013 115616013
1142 115616068 115616068 115616068
1143 115616114 115616114 115616114
1144 115616169 115616169 115616169
1145 115616219 115616219 115616219
1146 115616270 115616270 115616270
1147 115616319 115616319 115616319
1148 115616374 115616374 115616374
1149 115616426 115616426 115616426
1150 115616464 115616465 115616464
1151 115616520 115616520 115616520
1152 115616572 115616573 115616572
1153 115616625 115616625 115616625
1154 115616664 115616664 115616664
1155 115616724 115616724 115616724
1156 115616768 115616769 115616768
1157 115616820 115616820 115616820
1158 115616864 115616864 115616864
1159 115616917 115616917 115616917
1160 115616986 115616986 115616986
1161 115617017 115617017 115617017
1162 115617076 115617076 115617076
1163 115617125 115617125 115617125
1164 115617166 115617166 115617166
1165 115617215 115617215 115617215
1166 115617268 115617268 115617268
1167 115617332 115617332 115617332
1168 115617384 115617384 115617384
1169 115617414 115617415 115617414
1170 115617468 115617468 115617468
1171 115617514 115617516 115617514
1172 115617565 115617566 115617565
1173 115617621 115617621 115617621
1174 115617684 115617684 115617684
1175 115617718 115617718 115617718
1176 115617775 115617775 115617775
1177 115617826 115617826 115617826
1178 115617864 115617864 115617864
1179 115617922 115617922 115617922
1180 115617966 115617966 115617966
1181 115618015 115618015 115618015
1182 115618068 115618068 115618068
1183 115618118 115618119 115618118
1184 115618169 115618169 115618169
1185 115618216 115618217 115618216
1186 115618269 115618269 115618269
1187 115618318 115618318 115618318
1188 115618367 115618367 115618367
1189 115618423 115618423 115618423
1190 115618476 115618476 115618476
1191 115618531 115618531 115618531
1192 115618563 115618563 115618563
1193 115618618 115618618 115618618
1194 115618670 115618671 115618670
1195 115618713 115618713 115618713
1196 115618770 115618770 115618770
1197 115618822 115618822 115618822
1198 115618875 115618875 115618875
1199 115618915 115618915 115618915
1200 115618969 115618969 115618969
1201 115619019 115619019 115619019
1202 115619067 115619068 115619067
1203 115619131 115619132 115619131
1204 115619163 115619163 115619163
1205 115619218 115619218 115619218
1206 115619265 115619265 115619265
1207 115619333 115619333 115619333
1208 115619366 115619367 115619366
1209 115619415 115619416 115619415
1210 115619469 115619469 115619469
1211 115619515 115619515 115619515
1212 115619568 115619569 115619568
1213 115619620 115619620 115619620
1214 115619673 115619673 115619673
1215 115619718 115619718 115619718
1216 115619781 115619781 115619781
1217 115619819 115619820 115619819
1218 115619868 115619869 115619868
1219 115619922 115619922 115619922
1220 115619966 115619966 115619966
1221 115620015 115620015 115620015
1222 115620070 115620070 115620070
1223 115620135 115620135 115620135
1224 115620167 115620167 115620167
1225 115620216 115620216 115620216
1226 115620268 115620268 115620268
1227 115620325 115620325 115620325
1228 115620383 115620383 115620383
1229 115620418 115620419 115620418
1230 115620470 115620470 115620470
1231 115620519 115620519 115620519
1232 115620567 115620567 115620567
1233 115620618 115620619 115620618
1234 115620665 115620665 115620665
1235 115620719 115620719 115620719
1236 115620769 115620769 115620769
1237 115620832 115620832 115620832
1238 115620866 115620866 115620866
1239 115620915 115620916 115620915
1240 115620968 115620968 115620968
1241 115621017 115621018 115621017
1242 115621069 115621069 115621069
1243 115621129 115621130 115621129
1244 115621164 115621164 115621164
1245 115621221 115621221 115621221
1246 115621268 115621268 115621268
1247 115621325 115621325 115621325
1248 115621381 115621381 115621381
1249 115621434 115621435 115621434
1250 115621469 115621470 115621469
1251 115621520 115621521 115621520
1252 115621569 115621569 115621569
1253 115621623 115621624 115621623
1254 115621673 115621674 115621673
1255 115621713 115621714 115621713
1256 115621775 115621775 115621775
1257 115621827 115621830 115621827
1258 115621877 115621879 115621877
1259 115621916 115621917 115621916
1260 115621975 115621975 115621975
1261 115622026 115622031 115622026
1262 115622064 115622065 115622064
1263 115622121 115622121 115622121
1264 115622171 115622171 115622171
1265 115622222 115622223 115622222
1266 115622273 115622273 115622273
1267 115622326 115622326 115622326
1268 115622381 115622382 115622381
1269 115622416 115622417 115622416
1270 115622470 115622470 115622470
1271 115622518 115622518 115622518
1272 115622574 115622574 115622574
1273 115622624 115622624 115622624
1274 115622681 115622681 115622681
1275 115622718 115622718 115622718
1276 115622770 115622770 115622770
1277 115622825 115622825 115622825
1278 115622868 115622869 115622868
1279 115622921 115622921 115622921
1280 115622972 115622973 115622972
1281 115623015 115623016 115623015
1282 115623069 115623069 115623069
1283 115623117 115623117 115623117
1284 115623167 115623170 115623167
1285 115623222 115623222 115623222
1286 115623275 115623275 115623275
1287 115623316 115623316 115623316
1288 115623375 115623375 115623375
1289 115623423 115623423 115623423
1290 115623464 115623465 115623464
1291 115623520 115623520 115623520
1292 115623567 115623567 115623567
1293 115623616 115623616 115623616
1294 115623668 115623668 115623668
1295 115623715 115623716 115623715
1296 115623776 115623776 115623776
1297 115623818 115623818 115623818
1298 115623870 115623870 115623870
1299 115623920 115623920 115623920
1300 115623976 115623976 115623976
1301 115624026 115624027 115624026
1302 115624064 115624064 115624064
1303 115624117 115624117 115624117
1304 115624188 115624190 115624188
1305 115624223 115624223 115624223
1306 115624269 115624270 115624269
1307 115624317 115624318 115624317
1308 115624369 115624369 115624369
1309 115624422 115624422 115624422
1310 115624473 115624474 115624473
1311 115624527 115624530 115624527
1312 115624585 115624585 115624585
1313 115624619 115624619 115624619
1314 115624664 115624664 115624664
1315 115624718 115624718 115624718
1316 115624777 115624780 115624777
1317 115624832 115624833 115624832
1318 115624864 115624864 115624864
1319 115624916 115624916 115624916
1320 115624968 115624968 115624968
1321 115625016 115625016 115625016
1322 115625068 115625068 115625068
1323 115625120 115625120 115625120
1324 115625170 115625170 115625170
1325 115625219 115625220 115625219
1326 115625264 115625265 115625264
1327 115625317 115625317 115625317
1328 115625375 115625375 115625375
1329 115625422 115625426 115625422
1330 115625463 115625463 115625463
1331 115625516 115625517 115625516
1332 115625567 115625567 115625567
1333 115625616 115625616 115625616
1334 115625669 115625669 115625669
1335 115625722 115625722 115625722
1336 115625770 115625770 115625770
1337 115625815 115625816 115625815
1338 115625872 115625872 115625872
1339 115625922 115625922 115625922
1340 115625981 115625981 115625981
1341 115626017 115626017 115626017
1342 115626068 115626069 115626068
1343 115626113 115626115 115626113
1344 115626169 115626170 115626169
1345 115626220 115626221 115626220
1346 115626267 115626267 115626267
1347 115626324 115626324 115626324
1348 115626376 115626376 115626376
1349 115626415 115626416 115626415
1350 115626473 115626473 115626473
1351 115626526 115626526 115626526
1352 115626575 115626575 115626575
1353 115626615 115626616 115626615
1354 115626667 115626667 115626667
1355 115626716 115626717 115626716
1356 115626765 115626766 115626765
1357 115626822 115626822 115626822
1358 115626875 115626876 115626875
1359 115626916 115626916 115626916
1360 115626969 115626969 115626969
1361 115627021 115627021 115627021
1362 115627073 115627073 115627073
1363 115627125 115627126 115627125
1364 115627175 115627175 115627175
1365 115627220 115627220 115627220
1366 115627271 115627271 115627271
1367 115627320 115627320 115627320
1368 115627364 115627365 115627364
1369 115627421 115627421 115627421
1370 115627475 115627475 115627475
1371 115627525 115627526 115627525
1372 115627563 115627563 115627563
1373 115627614 115627614 115627614
1374 115627667 115627667 115627667
1375 115627721 115627721 115627721
1376 115627769 115627770 115627769
1377 115627815 115627815 115627815
1378 115627869 115627869 115627869
1379 115627920 115627920 115627920
1380 115627971 115627971 115627971
1381 115628020 115628020 115628020
1382 115628071 115628072 115628071
1383 115628122 115628122 115628122
1384 115628177 115628179 115628177
1385 115628233 115628233 115628233
1386 115628266 115628266 115628266
1387 115628320 115628320 115628320
1388 115628370 115628370 115628370
1389 115628420 115628420 115628420
1390 115628473 115628473 115628473
1391 115628526 115628526 115628526
1392 115628628 115628629 115628628
1393 115628629 115628629 115628629
1394 115628680 115628681 115628680
1395 115628719 115628719 115628719
1396 115628770 115628770 115628770
1397 115628815 115628815 115628815
1398 115628866 115628869 115628866
