1 123029506 123029508 123029506
2 123029563 123029564 123029563
3 123029597 123029597 123029597
4 123029662 123029663 123029662
5 123029697 123029697 123029697
6 123029763 123029763 123029763
7 123029812 123029815 123029812
8 123029851 123029852 123029851
9 123029911 123029912 123029911
10 123029948 123029948 123029948
11 123030012 123030013 123030012
12 123030060 123030060 123030060
13 123030111 123030111 123030111
14 123030168 123030169 123030168
15 123030206 123030206 123030206
16 123030263 123030263 123030263
17 123030312 123030312 123030312
18 123030350 123030350 123030350
19 123030411 123030411 123030411
20 123030465 123030465 123030465
21 123030499 123030500 123030499
22 123030548 123030549 123030548
23 123030613 123030613 123030613
24 123030651 123030679 123030651
25 123030704 123030704 123030704
26 123030749 123030749 123030749
27 123030809 123030809 123030809
28 123030847 123030849 123030847
29 123030910 123030910 123030910
30 123030969 123030969 123030969
31 123031007 123031007 123031007
32 123031064 123031064 123031064
33 123031113 123031113 123031113
34 123031152 123031153 123031152
35 123031197 123031197 123031197
36 123031247 123031248 123031247
37 123031296 123031296 123031296
38 123031359 123031359 123031359
39 123031398 123031398 123031398
40 123031461 123031461 123031461
41 123031502 123031503 123031502
42 123031562 123031562 123031562
43 123031596 123031596 123031596
44 123031651 123031651 123031651
45 123031710 123031710 123031710
46 123031748 123031748 123031748
47 123031799 123031800 123031799
48 123031854 123031857 123031854
49 123031896 123031897 123031896
50 123031960 123031960 123031960
51 123032011 123032016 123032011
52 123032061 123032061 123032061
53 123032099 123032099 123032099
54 123032160 123032160 123032160
55 123032208 123032208 123032208
56 123032248 123032248 123032248
57 123032308 123032308 123032308
58 123032361 123032361 123032361
59 123032415 123032415 123032415
60 123032450 123032450 123032450
61 123032512 123032512 123032512
62 123032547 123032547 123032547
63 123032603 123032604 123032603
64 123032659 123032659 123032659
65 123032698 123032698 123032698
66 123032761 123032761 123032761
67 123032798 123032798 123032798
68 123032861 123032862 123032861
69 123032900 123032901 123032900
70 123032962 123032962 123032962
71 123032996 123032996 123032996
72 123033058 123033059 123033058
73 123033111 123033112 123033111
74 123033149 123033149 123033149
75 123033211 123033211 123033211
76 123033262 123033264 123033262
77 123033298 123033298 123033298
78 123033358 123033358 123033358
79 123033398 123033398 123033398
80 123033452 123033452 123033452
81 123033497 123033498 123033497
82 123033554 123033559 123033554
83 123033626 123033627 123033626
84 123033659 123033659 123033659
85 123033704 123033704 123033704
86 123033764 123033765 123033764
87 123033798 123033798 123033798
88 123033864 123033864 123033864
89 123033896 123033896 123033896
90 123033957 123033957 123033957
91 123034011 123034013 123034011
92 123034060 123034061 123034060
93 123034100 123034100 123034100
94 123034160 123034161 123034160
95 123034198 123034199 123034198
96 123034247 123034247 123034247
97 123034301 123034301 123034301
98 123034347 123034348 123034347
99 123034407 123034407 123034407
100 123034462 123034462 123034462
101 123034497 123034497 123034497
102 123034559 123034560 123034559
103 123034612 123034613 123034612
104 123034664 123034665 123034664
105 123034698 123034698 123034698
106 123034761 123034761 123034761
107 123034797 123034797 123034797
108 123034861 123034861 123034861
109 123034898 123034899 123034898
110 123034959 123034959 123034959
111 123035001 123035001 123035001
112 123035061 123035062 123035061
113 123035118 123035118 123035118
114 123035154 123035154 123035154
115 123035211 123035211 123035211
116 123035264 123035264 123035264
117 123035297 123035297 123035297
118 123035354 123035354 123035354
119 123035414 123035414 123035414
120 123035445 123035446 123035445
121 123035508 123035509 123035508
122 123035564 123035564 123035564
123 123035608 123035609 123035608
124 123035647 123035647 123035647
125 123035707 123035707 123035707
126 123035761 123035761 123035761
127 123035802 123035802 123035802
128 123035849 123035849 123035849
129 123035910 123035910 123035910
130 123035954 123035955 123035954
131 123036012 123036012 123036012
132 123036058 123036060 123036058
133 123036169 123036170 123036169
134 123036170 123036170 123036170
135 123036199 123036199 123036199
136 123036264 123036264 123036264
137 123036381 123036381 123036381
138 123036382 123036382 123036382
139 123036409 123036409 123036409
140 123036467 123036467 123036467
141 123036497 123036510 123036497
142 123036549 123036549 123036549
143 123036620 123036620 123036620
144 123036663 123036663 123036663
145 123036711 123036711 123036711
146 123036766 123036766 123036766
147 123036800 123036800 123036800
148 123036849 123036849 123036849
149 123036912 123036912 123036912
150 123036948 123036948 123036948
151 123037001 123037001 123037001
152 123037048 123037048 123037048
153 123037103 123037103 123037103
154 123037163 123037163 123037163
155 123037196 123037196 123037196
156 123037262 123037262 123037262
157 123037296 123037296 123037296
158 123037351 123037351 123037351
159 123037412 123037412 123037412
160 123037447 123037447 123037447
161 123037512 123037513 123037512
162 123037559 123037559 123037559
163 123037598 123037598 123037598
164 123037658 123037658 123037658
165 123037711 123037713 123037711
166 123037750 123037750 123037750
167 123037812 123037813 123037812
168 123037848 123037848 123037848
169 123037911 123037911 123037911
170 123037948 123037948 123037948
171 123038013 123038013 123038013
172 123038065 123038066 123038065
173 123038099 123038100 123038099
174 123038159 123038159 123038159
175 123038197 123038197 123038197
176 123038259 123038259 123038259
177 123038313 123038313 123038313
178 123038347 123038347 123038347
179 123038403 123038404 123038403
180 123038463 123038463 123038463
181 123038501 123038501 123038501
182 123038562 123038562 123038562
183 123038612 123038612 123038612
184 123038651 123038651 123038651
185 123038711 123038712 123038711
186 123038758 123038758 123038758
187 123038803 123038803 123038803
188 123038866 123038866 123038866
189 123038899 123038900 123038899
190 123038960 123038960 123038960
191 123038999 123038999 123038999
192 123039060 123039061 123039060
193 123039100 123039100 123039100
194 123039160 123039160 123039160
195 123039215 123039215 123039215
196 123039252 123039252 123039252
197 123039310 123039311 123039310
198 123039359 123039362 123039359
199 123039398 123039398 123039398
200 123039451 123039451 123039451
201 123039498 123039498 123039498
202 123039554 123039554 123039554
203 123039597 123039597 123039597
204 123039654 123039654 123039654
205 123039701 123039701 123039701
206 123039762 123039762 123039762
207 123039800 123039800 123039800
208 123039863 123039864 123039863
209 123039903 123039903 123039903
210 123039963 123039963 123039963
211 123040012 123040013 123040012
212 123040049 123040049 123040049
213 123040111 123040112 123040111
214 123040164 123040164 123040164
215 123040201 123040201 123040201
216 123040261 123040263 123040261
217 123040298 123040298 123040298
218 123040369 123040370 123040369
219 123040403 123040403 123040403
220 123040447 123040447 123040447
221 123040510 123040511 123040510
222 123040549 123040549 123040549
223 123040610 123040610 123040610
224 123040646 123040646 123040646
225 123040710 123040710 123040710
226 123040762 123040762 123040762
227 123040796 123040796 123040796
228 123040864 123040865 123040864
229 123040899 123040899 123040899
230 123040960 123040960 123040960
231 123040997 123040997 123040997
232 123041060 123041061 123041060
233 123041109 123041110 123041109
234 123041148 123041148 123041148
235 123041208 123041208 123041208
236 123041261 123041261 123041261
237 123041312 123041312 123041312
238 123041351 123041351 123041351
239 123041410 123041410 123041410
240 123041464 123041465 123041464
241 123041503 123041503 123041503
242 123041560 123041561 123041560
243 123041612 123041613 123041612
244 123041646 123041646 123041646
245 123041704 123041710 123041704
246 123041760 123041761 123041760
247 123041799 123041799 123041799
248 123041862 123041862 123041862
249 123041902 123041902 123041902
250 123041950 123041950 123041950
251 123042003 123042003 123042003
252 123042061 123042061 123042061
253 123042097 123042097 123042097
254 123042162 123042162 123042162
255 123042196 123042197 123042196
256 123042253 123042253 123042253
257 123042314 123042314 123042314
258 123042368 123042368 123042368
259 123042400 123042400 123042400
260 123042459 123042459 123042459
261 123042513 123042513 123042513
262 123042547 123042547 123042547
263 123042609 123042609 123042609
264 123042662 123042662 123042662
265 123042719 123042719 123042719
266 123042753 123042754 123042753
267 123042810 123042810 123042810
268 123042850 123042850 123042850
269 123042909 123042909 123042909
270 123042960 123042960 123042960
271 123042999 123042999 123042999
272 123043060 123043061 123043060
273 123043096 123043096 123043096
274 123043159 123043159 123043159
275 123043200 123043200 123043200
276 123043261 123043261 123043261
277 123043315 123043315 123043315
278 123043351 123043351 123043351
279 123043409 123043410 123043409
280 123043462 123043463 123043462
281 123043496 123043496 123043496
282 123043553 123043553 123043553
283 123043612 123043613 123043612
284 123043652 123043652 123043652
285 123043713 123043714 123043713
286 123043769 123043769 123043769
287 123043808 123043808 123043808
288 123043848 123043848 123043848
289 123043915 123043915 123043915
290 123043947 123043947 123043947
291 123044009 123044010 123044009
292 123044047 123044047 123044047
293 123044112 123044112 123044112
294 123044151 123044152 123044151
295 123044210 123044210 123044210
296 123044263 123044264 123044263
297 123044299 123044299 123044299
298 123044361 123044361 123044361
299 123044413 123044413 123044413
300 123044450 123044452 123044450
301 123044498 123044498 123044498
302 123044559 123044559 123044559
303 123044597 123044597 123044597
304 123044661 123044661 123044661
305 123044698 123044701 123044698
306 123044762 123044762 123044762
307 123044815 123044815 123044815
308 123044852 123044853 123044852
309 123044913 123044914 123044913
310 123044961 123044963 123044961
311 123045015 123045016 123045015
312 123045059 123045060 123045059
313 123045096 123045096 123045096
314 123045154 123045154 123045154
315 123045198 123045201 123045198
316 123045250 123045250 123045250
317 123045310 123045311 123045310
318 123045347 123045348 123045347
319 123045403 123045403 123045403
320 123045461 123045461 123045461
321 123045520 123045521 123045520
322 123045557 123045557 123045557
323 123045611 123045611 123045611
324 123045649 123045650 123045649
325 123045717 123045718 123045717
326 123045753 123045753 123045753
327 123045811 123045811 123045811
328 123045847 123045847 123045847
329 123045913 123045913 123045913
330 123045948 123045948 123045948
331 123046011 123046013 123046011
332 123046047 123046048 123046047
333 123046102 123046102 123046102
334 123046162 123046162 123046162
335 123046210 123046211 123046210
336 123046250 123046250 123046250
337 123046300 123046300 123046300
338 123046360 123046361 123046360
339 123046414 123046414 123046414
340 123046449 123046457 123046449
341 123046498 123046498 123046498
342 123046562 123046562 123046562
343 123046615 123046615 123046615
344 123046647 123046647 123046647
345 123046708 123046708 123046708
346 123046765 123046765 123046765
347 123046798 123046798 123046798
348 123046853 123046853 123046853
349 123046912 123046912 123046912
350 123046953 123046953 123046953
351 123047015 123047017 123047015
352 123047052 123047052 123047052
353 123047099 123047099 123047099
354 123047159 123047159 123047159
355 123047197 123047197 123047197
356 123047260 123047261 123047260
357 123047299 123047299 123047299
358 123047360 123047360 123047360
359 123047398 123047399 123047398
360 123047463 123047463 123047463
361 123047497 123047497 123047497
362 123047562 123047562 123047562
363 123047596 123047596 123047596
364 123047650 123047651 123047650
365 123047709 123047709 123047709
366 123047761 123047761 123047761
367 123047813 123047813 123047813
368 123047847 123047848 123047847
369 123047912 123047912 123047912
370 123047947 123047947 123047947
371 123048002 123048002 123048002
372 123048063 123048063 123048063
373 123048098 123048099 123048098
374 123048165 123048165 123048165
375 123048198 123048198 123048198
376 123048253 123048253 123048253
377 123048310 123048310 123048310
378 123048349 123048350 123048349
379 123048410 123048410 123048410
380 123048459 123048459 123048459
381 123048516 123048516 123048516
382 123048554 123048557 123048554
383 123048612 123048613 123048612
384 123048647 123048648 123048647
385 123048703 123048703 123048703
386 123048747 123048747 123048747
387 123048804 123048804 123048804
388 123048846 123048847 123048846
389 123048901 123048901 123048901
390 123048948 123048948 123048948
391 123049009 123049010 123049009
392 123049047 123049047 123049047
393 123049110 123049110 123049110
394 123049164 123049165 123049164
395 123049198 123049199 123049198
396 123049260 123049260 123049260
397 123049297 123049297 123049297
398 123049360 123049360 123049360
399 123049415 123049415 123049415
400 123049447 123049448 123049447
401 123049513 123049513 123049513
402 123049566 123049566 123049566
403 123049596 123049596 123049596
404 123049653 123049653 123049653
405 123049710 123049710 123049710
406 123049750 123049750 123049750
407 123049810 123049810 123049810
408 123049861 123049862 123049861
409 123049898 123049898 123049898
410 123049961 123049961 123049961
411 123049998 123049998 123049998
412 123050060 123050061 123050060
413 123050113 123050113 123050113
414 123050146 123050146 123050146
415 123050215 123050215 123050215
416 123050249 123050249 123050249
417 123050310 123050310 123050310
418 123050349 123050350 123050349
419 123050409 123050409 123050409
420 123050459 123050462 123050459
421 123050499 123050500 123050499
422 123050557 123050557 123050557
423 123050612 123050612 123050612
424 123050648 123050648 123050648
425 123050711 123050711 123050711
426 123050763 123050763 123050763
427 123050799 123050799 123050799
428 123050864 123050864 123050864
429 123050897 123050900 123050897
430 123050966 123050966 123050966
431 123051004 123051005 123051004
432 123051047 123051047 123051047
433 123051105 123051108 123051105
434 123051160 123051163 123051160
435 123051197 123051197 123051197
436 123051251 123051251 123051251
437 123051297 123051297 123051297
438 123051360 123051360 123051360
439 123051396 123051396 123051396
440 123051460 123051461 123051460
441 123051515 123051515 123051515
442 123051546 123051546 123051546
443 123051609 123051610 123051609
444 123051673 123051674 123051673
445 123051705 123051708 123051705
446 123051754 123051754 123051754
447 123051798 123051798 123051798
448 123051854 123051854 123051854
449 123051899 123051904 123051899
450 123051965 123051966 123051965
451 123052027 123052027 123052027
452 123052068 123052068 123052068
453 123052100 123052103 123052100
454 123052162 123052162 123052162
455 123052198 123052198 123052198
456 123052263 123052263 123052263
457 123052317 123052317 123052317
458 123052349 123052349 123052349
459 123052409 123052411 123052409
460 123052447 123052448 123052447
461 123052512 123052513 123052512
462 123052549 123052549 123052549
463 123052607 123052608 123052607
464 123052652 123052652 123052652
465 123052713 123052714 123052713
466 123052746 123052746 123052746
467 123052812 123052812 123052812
468 123052863 123052863 123052863
469 123052901 123052901 123052901
470 123052964 123052964 123052964
471 123053004 123053004 123053004
472 123053062 123053062 123053062
473 123053114 123053114 123053114
474 123053148 123053148 123053148
475 123053210 123053210 123053210
476 123053259 123053260 123053259
477 123053298 123053298 123053298
478 123053359 123053359 123053359
479 123053414 123053414 123053414
480 123053447 123053447 123053447
481 123053509 123053509 123053509
482 123053561 123053561 123053561
483 123053599 123053599 123053599
484 123053648 123053648 123053648
485 123053713 123053715 123053713
486 123053746 123053747 123053746
487 123053808 123053808 123053808
488 123053848 123053848 123053848
489 123053911 123053911 123053911
490 123053948 123053948 123053948
491 123054012 123054012 123054012
492 123054051 123054051 123054051
493 123054112 123054112 123054112
494 123054170 123054174 123054170
495 123054210 123054211 123054210
496 123054248 123054249 123054248
497 123054313 123054313 123054313
498 123054349 123054349 123054349
499 123054409 123054410 123054409
500 123054462 123054462 123054462
501 123054512 123054512 123054512
502 123054550 123054551 123054550
503 123054610 123054610 123054610
504 123054646 123054648 123054646
505 123054710 123054710 123054710
506 123054752 123054752 123054752
507 123054812 123054812 123054812
508 123054862 123054862 123054862
509 123054898 123054898 123054898
510 123054962 123054962 123054962
511 123054999 123054999 123054999
512 123055047 123055047 123055047
513 123055104 123055104 123055104
514 123055148 123055148 123055148
515 123055213 123055213 123055213
516 123055249 123055250 123055249
517 123055311 123055312 123055311
518 123055348 123055348 123055348
519 123055410 123055410 123055410
520 123055463 123055464 123055463
521 123055498 123055498 123055498
522 123055560 123055560 123055560
523 123055615 123055615 123055615
524 123055647 123055648 123055647
525 123055715 123055715 123055715
526 123055753 123055753 123055753
527 123055798 123055798 123055798
528 123055852 123055852 123055852
529 123055915 123055915 123055915
530 123055951 123055951 123055951
531 123056015 123056016 123056015
532 123056053 123056053 123056053
533 123056114 123056114 123056114
534 123056148 123056148 123056148
535 123056214 123056214 123056214
536 123056247 123056247 123056247
537 123056304 123056304 123056304
538 123056363 123056363 123056363
539 123056399 123056399 123056399
540 123056464 123056464 123056464
541 123056497 123056497 123056497
542 123056562 123056562 123056562
543 123056607 123056608 123056607
544 123056751 123056752 123056751
545 123056752 123056752 123056752
546 123056752 123056752 123056752
547 123056797 123056798 123056797
548 123056865 123056866 123056865
549 123056898 123056898 123056898
550 123056962 123056962 123056962
551 123057016 123057017 123057016
552 123057046 123057046 123057046
553 123057108 123057108 123057108
554 123057147 123057147 123057147
555 123057209 123057210 123057209
556 123057248 123057248 123057248
557 123057309 123057309 123057309
558 123057363 123057363 123057363
559 123057397 123057398 123057397
560 123057460 123057460 123057460
561 123057500 123057501 123057500
562 123057547 123057548 123057547
563 123057603 123057603 123057603
564 123057659 123057659 123057659
565 123057712 123057712 123057712
566 123057746 123057746 123057746
567 123057803 123057803 123057803
568 123057846 123057846 123057846
569 123057902 123057903 123057902
570 123057963 123057964 123057963
571 123057997 123057997 123057997
572 123058053 123058053 123058053
573 123058110 123058111 123058110
574 123058161 123058161 123058161
575 123058198 123058198 123058198
576 123058252 123058252 123058252
577 123058312 123058312 123058312
578 123058362 123058362 123058362
579 123058400 123058400 123058400
580 123058446 123058446 123058446
581 123058521 123058521 123058521
582 123058546 123058546 123058546
583 123058604 123058604 123058604
584 123058665 123058665 123058665
585 123058698 123058698 123058698
586 123058748 123058748 123058748
587 123058809 123058809 123058809
588 123058859 123058859 123058859
589 123058910 123058910 123058910
590 123058961 123058961 123058961
591 123058996 123058996 123058996
592 123059060 123059061 123059060
593 123059109 123059110 123059109
594 123059161 123059161 123059161
595 123059197 123059197 123059197
596 123059252 123059252 123059252
597 123059308 123059309 123059308
598 123059346 123059346 123059346
599 123059404 123059404 123059404
600 123059462 123059462 123059462
601 123059499 123059499 123059499
602 123059558 123059558 123059558
603 123059611 123059611 123059611
604 123059664 123059666 123059664
605 123059697 123059697 123059697
606 123059760 123059760 123059760
607 123059816 123059816 123059816
608 123059848 123059849 123059848
609 123059913 123059913 123059913
610 123059948 123059948 123059948
611 123100134 123100134 123100134
612 123100134 123100135 123100134
613 123100135 123100135 123100135
614 123100152 123100152 123100152
615 123100198 123100199 123100198
616 123100260 123100260 123100260
617 123100301 123100301 123100301
618 123100363 123100364 123100363
619 123100399 123100399 123100399
620 123100461 123100461 123100461
621 123100498 123100499 123100498
622 123100563 123100563 123100563
623 123100600 123100600 123100600
624 123100664 123100665 123100664
625 123100719 123100719 123100719
626 123100754 123100754 123100754
627 123100800 123100801 123100800
628 123100859 123100859 123100859
629 123100898 123100898 123100898
630 123100954 123100954 123100954
631 123100997 123100997 123100997
632 123101060 123101060 123101060
633 123101096 123101096 123101096
634 123101146 123101147 123101146
635 123101213 123101214 123101213
636 123101263 123101263 123101263
637 123101301 123101301 123101301
638 123101348 123101348 123101348
639 123101410 123101410 123101410
640 123101447 123101448 123101447
641 123101511 123101511 123101511
642 123101549 123101549 123101549
643 123101610 123101610 123101610
644 123101661 123101661 123101661
645 123101716 123101717 123101716
646 123101759 123101760 123101759
647 123101815 123101815 123101815
648 123101851 123101852 123101851
649 123101914 123101914 123101914
650 123101946 123101947 123101946
651 123102003 123102003 123102003
652 123102061 123102061 123102061
653 123102099 123102099 123102099
654 123102148 123102148 123102148
655 123102210 123102210 123102210
656 123102265 123102266 123102265
657 123102303 123102303 123102303
658 123102364 123102364 123102364
659 123102400 123102400 123102400
660 123102461 123102461 123102461
661 123102496 123102497 123102496
662 123102560 123102560 123102560
663 123102614 123102615 123102614
664 123102648 123102648 123102648
665 123102709 123102709 123102709
666 123102747 123102748 123102747
667 123102810 123102810 123102810
668 123102848 123102848 123102848
669 123102911 123102911 123102911
670 123102949 123102950 123102949
671 123103012 123103013 123103012
672 123103051 123103051 123103051
673 123103101 123103101 123103101
674 123103159 123103160 123103159
675 123103215 123103215 123103215
676 123103249 123103249 123103249
677 123103311 123103311 123103311
678 123103363 123103363 123103363
679 123103396 123103396 123103396
680 123103453 123103454 123103453
681 123103513 123103513 123103513
682 123103549 123103550 123103549
683 123103610 123103610 123103610
684 123103658 123103659 123103658
685 123103698 123103698 123103698
686 123103753 123103753 123103753
687 123103796 123103796 123103796
688 123103860 123103860 123103860
689 123103912 123103912 123103912
690 123103962 123103962 123103962
691 123104002 123104002 123104002
692 123104047 123104047 123104047
693 123104109 123104109 123104109
694 123104149 123104149 123104149
695 123104209 123104209 123104209
696 123104248 123104248 123104248
697 123104300 123104300 123104300
698 123104348 123104349 123104348
699 123104410 123104410 123104410
700 123104460 123104460 123104460
701 123104499 123104500 123104499
702 123104560 123104560 123104560
703 123104615 123104615 123104615
704 123104647 123104647 123104647
705 123104702 123104702 123104702
706 123104746 123104747 123104746
707 123104812 123104812 123104812
708 123104846 123104846 123104846
709 123104907 123104908 123104907
710 123104962 123104962 123104962
711 123105010 123105010 123105010
712 123105050 123105050 123105050
713 123105097 123105097 123105097
714 123105159 123105159 123105159
715 123105220 123105220 123105220
716 123105257 123105257 123105257
717 123105313 123105313 123105313
718 123105346 123105346 123105346
719 123105410 123105410 123105410
720 123105462 123105462 123105462
721 123105514 123105515 123105514
722 123105552 123105552 123105552
723 123105610 123105610 123105610
724 123105649 123105649 123105649
725 123105712 123105712 123105712
726 123105750 123105750 123105750
727 123105812 123105812 123105812
728 123105869 123105869 123105869
729 123105903 123105903 123105903
730 123105963 123105963 123105963
731 123105999 123105999 123105999
732 123106062 123106062 123106062
733 123106099 123106100 123106099
734 123106149 123106149 123106149
735 123106214 123106214 123106214
736 123106247 123106247 123106247
737 123106309 123106309 123106309
738 123106350 123106350 123106350
739 123106408 123106408 123106408
740 123106459 123106459 123106459
741 123106497 123106497 123106497
742 123106560 123106560 123106560
743 123106613 123106613 123106613
744 123106648 123106648 123106648
745 123106709 123106710 123106709
746 123106746 123106747 123106746
747 123106808 123106808 123106808
748 123106862 123106862 123106862
749 123106914 123106916 123106914
750 123106951 123106952 123106951
751 123107010 123107010 123107010
752 123107051 123107051 123107051
753 123107097 123107097 123107097
754 123107160 123107160 123107160
755 123107197 123107198 123107197
756 123107258 123107259 123107258
757 123107312 123107312 123107312
758 123107347 123107348 123107347
759 123107414 123107414 123107414
760 123107463 123107464 123107463
761 123107500 123107500 123107500
762 123107564 123107564 123107564
763 123107597 123107597 123107597
764 123107661 123107661 123107661
765 123107709 123107709 123107709
766 123107749 123107750 123107749
767 123107810 123107811 123107810
768 123107862 123107862 123107862
769 123107902 123107902 123107902
770 123107959 123107959 123107959
771 123108012 123108012 123108012
772 123108048 123108048 123108048
773 123108110 123108112 123108110
774 123108147 123108147 123108147
775 123108211 123108211 123108211
776 123108263 123108264 123108263
777 123108308 123108308 123108308
778 123108369 123108370 123108369
779 123108406 123108407 123108406
780 123108448 123108448 123108448
781 123108498 123108499 123108498
782 123108559 123108559 123108559
783 123108612 123108612 123108612
784 123108646 123108646 123108646
785 123108712 123108712 123108712
786 123108761 123108761 123108761
787 123108819 123108819 123108819
788 123108853 123108854 123108853
789 123108915 123108915 123108915
790 123108965 123108965 123108965
791 123109000 123109000 123109000
792 123109062 123109062 123109062
793 123109097 123109097 123109097
794 123109162 123109162 123109162
795 123109196 123109197 123109196
796 123109253 123109253 123109253
797 123109313 123109313 123109313
798 123109347 123109347 123109347
799 123109411 123109411 123109411
800 123109446 123109447 123109446
801 123109502 123109502 123109502
802 123109547 123109547 123109547
803 123109612 123109612 123109612
804 123109646 123109647 123109646
805 123109704 123109704 123109704
806 123109762 123109762 123109762
807 123109798 123109800 123109798
808 123109860 123109861 123109860
809 123109913 123109914 123109913
810 123109947 123109947 123109947
811 123110011 123110011 123110011
812 123110064 123110064 123110064
813 123110098 123110099 123110098
814 123110164 123110164 123110164
815 123110198 123110199 123110198
816 123110248 123110249 123110248
817 123110308 123110308 123110308
818 123110362 123110362 123110362
819 123110397 123110397 123110397
820 123110452 123110452 123110452
821 123110509 123110509 123110509
822 123110550 123110550 123110550
823 123110611 123110611 123110611
824 123110659 123110659 123110659
825 123110712 123110712 123110712
826 123110763 123110763 123110763
827 123110801 123110801 123110801
828 123110845 123110846 123110845
829 123110900 123110900 123110900
830 123110963 123110963 123110963
831 123110997 123110997 123110997
832 123111051 123111051 123111051
833 123111097 123111097 123111097
834 123111152 123111152 123111152
835 123111212 123111213 123111212
836 123111251 123111252 123111251
837 123111311 123111311 123111311
838 123111367 123111367 123111367
839 123111403 123111404 123111403
840 123111462 123111462 123111462
841 123111498 123111498 123111498
842 123111549 123111550 123111549
843 123111603 123111604 123111603
844 123111664 123111664 123111664
845 123111698 123111707 123111698
846 123111749 123111749 123111749
847 123111807 123111807 123111807
848 123111861 123111862 123111861
849 123111911 123111911 123111911
850 123111949 123111950 123111949
851 123112022 123112022 123112022
852 123112054 123112054 123112054
853 123112097 123112097 123112097
854 123112162 123112163 123112162
855 123112211 123112211 123112211
856 123112249 123112250 123112249
857 123112308 123112308 123112308
858 123112348 123112348 123112348
859 123112409 123112409 123112409
860 123112447 123112447 123112447
861 123112509 123112509 123112509
862 123112563 123112563 123112563
863 123112599 123112600 123112599
864 123112664 123112664 123112664
865 123112698 123112698 123112698
866 123112758 123112758 123112758
867 123112850 123112850 123112850
868 123112850 123112850 123112850
869 123112914 123112914 123112914
870 123112947 123112947 123112947
871 123113009 123113010 123113009
872 123113063 123113063 123113063
873 123113103 123113103 123113103
874 123113148 123113148 123113148
875 123113211 123113211 123113211
876 123113251 123113251 123113251
877 123113310 123113310 123113310
878 123113366 123113366 123113366
879 123113401 123113402 123113401
880 123113460 123113461 123113460
881 123113497 123113497 123113497
882 123113558 123113559 123113558
883 123113598 123113599 123113598
884 123113661 123113661 123113661
885 123113717 123113718 123113717
886 123113751 123113751 123113751
887 123113809 123113809 123113809
888 123113848 123113848 123113848
889 123113905 123113908 123113905
890 123113967 123113967 123113967
891 123114002 123114002 123114002
892 123114061 123114061 123114061
893 123114097 123114097 123114097
894 123114167 123114167 123114167
895 123114200 123114200 123114200
896 123114262 123114262 123114262
897 123114301 123114301 123114301
898 123114364 123114364 123114364
899 123114399 123114400 123114399
900 123114446 123114446 123114446
901 123114499 123114499 123114499
902 123114561 123114562 123114561
903 123114596 123114596 123114596
904 123114662 123114663 123114662
905 123114712 123114712 123114712
906 123114747 123114747 123114747
907 123114811 123114812 123114811
908 123114863 123114864 123114863
909 123114898 123114899 123114898
910 123114961 123114962 123114961
911 123115012 123115012 123115012
912 123115061 123115062 123115061
913 123115099 123115099 123115099
914 123115148 123115148 123115148
915 123115209 123115209 123115209
916 123115250 123115251 123115250
917 123115310 123115311 123115310
918 123115364 123115364 123115364
919 123115401 123115401 123115401
920 123115458 123115459 123115458
921 123115511 123115512 123115511
922 123115570 123115570 123115570
923 123115603 123115603 123115603
924 123115661 123115662 123115661
925 123115718 123115718 123115718
926 123115750 123115751 123115750
927 123115817 123115818 123115817
928 123115848 123115848 123115848
929 123115909 123115909 123115909
930 123115962 123115962 123115962
931 123115996 123115996 123115996
932 123116059 123116060 123116059
933 123116112 123116112 123116112
934 123116168 123116168 123116168
935 123116203 123116203 123116203
936 123116248 123116248 123116248
937 123116303 123116303 123116303
938 123116363 123116364 123116363
939 123116400 123116400 123116400
940 123116463 123116463 123116463
941 123116500 123116500 123116500
942 123116549 123116549 123116549
943 123116604 123116604 123116604
944 123116648 123116648 123116648
945 123116726 123116727 123116726
946 123116758 123116759 123116758
947 123116802 123116802 123116802
948 123116848 123116848 123116848
949 123116904 123116905 123116904
950 123116950 123116959 123116950
951 123117100 123117100 123117100
952 123117100 123117100 123117100
953 123117151 123117151 123117151
954 123117201 123117202 123117201
955 123117335 123117335 123117335
956 123117335 123117335 123117335
957 123117353 123117354 123117353
958 123117424 123117424 123117424
959 123117449 123117449 123117449
960 123117554 123117554 123117554
961 123117554 123117554 123117554
962 123117612 123117612 123117612
963 123117657 123117657 123117657
964 123117711 123117711 123117711
965 123117764 123117764 123117764
966 123117800 123117800 123117800
967 123117861 123117861 123117861
968 123117901 123117901 123117901
969 123117962 123117962 123117962
970 123118013 123118014 123118013
971 123118050 123118050 123118050
972 123118110 123118110 123118110
973 123118149 123118149 123118149
974 123118200 123118200 123118200
975 123118253 123118253 123118253
976 123118311 123118311 123118311
977 123118368 123118368 123118368
978 123118407 123118408 123118407
979 123118462 123118462 123118462
980 123118501 123118501 123118501
981 123118565 123118565 123118565
982 123118600 123118601 123118600
983 123118665 123118665 123118665
984 123118697 123118697 123118697
985 123118754 123118754 123118754
986 123118811 123118811 123118811
987 123118850 123118850 123118850
988 123118896 123118897 123118896
989 123118954 123118954 123118954
990 123119012 123119013 123119012
991 123119063 123119064 123119063
992 123119099 123119099 123119099
993 123119162 123119162 123119162
994 123119198 123119199 123119198
995 123119263 123119263 123119263
996 123119299 123119300 123119299
997 123119361 123119362 123119361
998 123119414 123119414 123119414
999 123119450 123119451 123119450
1000 123119509 123119509 123119509
1001 123119549 123119550 123119549
1002 123119612 123119612 123119612
1003 123119663 123119663 123119663
1004 123119699 123119699 123119699
1005 123119759 123119759 123119759
1006 123119812 123119812 123119812
1007 123119862 123119862 123119862
1008 123119902 123119902 123119902
1009 123119948 123119948 123119948
1010 123120009 123120013 123120009
1011 123120066 123120066 123120066
1012 123120097 123120098 123120097
1013 123120154 123120158 123120154
1014 123120212 123120212 123120212
1015 123120250 123120250 123120250
1016 123120311 123120311 123120311
1017 123120359 123120359 123120359
1018 123120400 123120400 123120400
1019 123120458 123120459 123120458
1020 123120512 123120512 123120512
1021 123120565 123120566 123120565
1022 123120602 123120602 123120602
1023 123120662 123120663 123120662
1024 123120696 123120697 123120696
1025 123120754 123120754 123120754
1026 123120810 123120810 123120810
1027 123120849 123120849 123120849
1028 123120909 123120909 123120909
1029 123120947 123120947 123120947
1030 123121012 123121012 123121012
1031 123121059 123121059 123121059
1032 123121111 123121112 123121111
1033 123121163 123121163 123121163
1034 123121202 123121202 123121202
1035 123121267 123121267 123121267
1036 123121303 123121304 123121303
1037 123121349 123121349 123121349
1038 123121413 123121414 123121413
1039 123121446 123121446 123121446
1040 123121509 123121509 123121509
1041 123121565 123121566 123121565
1042 123121597 123121597 123121597
1043 123121658 123121658 123121658
1044 123121697 123121697 123121697
1045 123121747 123121748 123121747
1046 123121811 123121812 123121811
1047 123121848 123121848 123121848
1048 123121914 123121914 123121914
1049 123121948 123121948 123121948
1050 123122001 123122001 123122001
1051 123122048 123122048 123122048
1052 123122108 123122108 123122108
1053 123122162 123122163 123122162
1054 123122197 123122197 123122197
1055 123122262 123122262 123122262
1056 123122296 123122297 123122296
1057 123122360 123122360 123122360
1058 123122399 123122399 123122399
1059 123122460 123122460 123122460
1060 123122498 123122498 123122498
1061 123122561 123122561 123122561
1062 123122599 123122599 123122599
1063 123122660 123122661 123122660
1064 123122715 123122715 123122715
1065 123122749 123122750 123122749
1066 123122811 123122811 123122811
1067 123122864 123122864 123122864
1068 123122898 123122899 123122898
1069 123122954 123122954 123122954
1070 123123010 123123010 123123010
1071 123123062 123123062 123123062
1072 123123099 123123099 123123099
1073 123123159 123123160 123123159
1074 123123199 123123199 123123199
1075 123123269 123123269 123123269
1076 123123303 123123304 123123303
1077 123123346 123123346 123123346
1078 123123411 123123411 123123411
1079 123123461 123123461 123123461
1080 123123512 123123512 123123512
1081 123123548 123123549 123123548
1082 123123609 123123609 123123609
1083 123123659 123123659 123123659
1084 123123699 123123699 123123699
1085 123123753 123123754 123123753
1086 123123811 123123812 123123811
1087 123123863 123123864 123123863
1088 123123897 123123897 123123897
1089 123123960 123123960 123123960
1090 123124015 123124015 123124015
1091 123124048 123124049 123124048
1092 123124104 123124104 123124104
1093 123124163 123124163 123124163
1094 123124197 123124198 123124197
1095 123124266 123124266 123124266
1096 123124305 123124308 123124305
1097 123124359 123124359 123124359
1098 123124398 123124398 123124398
1099 123124458 123124458 123124458
1100 123124511 123124511 123124511
1101 123124561 123124561 123124561
1102 123124602 123124603 123124602
1103 123124660 123124660 123124660
1104 123124710 123124710 123124710
1105 123124747 123124748 123124747
1106 123124809 123124810 123124809
1107 123124848 123124848 123124848
1108 123124912 123124912 123124912
1109 123124947 123124947 123124947
1110 123125009 123125009 123125009
1111 123125063 123125063 123125063
1112 123125097 123125097 123125097
1113 123125154 123125154 123125154
1114 123125212 123125213 123125212
1115 123125252 123125252 123125252
1116 123125315 123125315 123125315
1117 123125347 123125348 123125347
1118 123125414 123125414 123125414
1119 123125447 123125447 123125447
1120 123125504 123125510 123125504
1121 123125546 123125546 123125546
1122 123125602 123125602 123125602
1123 123125665 123125665 123125665
1124 123125697 123125697 123125697
1125 123125753 123125753 123125753
1126 123125810 123125810 123125810
1127 123125849 123125851 123125849
1128 123125911 123125911 123125911
1129 123125998 123125999 123125998
1130 123125999 123125999 123125999
1131 123126048 123126050 123126048
1132 123126116 123126116 123126116
1133 123126149 123126149 123126149
1134 123126212 123126212 123126212
1135 123126246 123126247 123126246
1136 123126312 123126312 123126312
1137 123126347 123126347 123126347
1138 123126409 123126409 123126409
1139 123126449 123126449 123126449
1140 123126496 123126497 123126496
1141 123126554 123126554 123126554
1142 123126612 123126612 123126612
1143 123126651 123126652 123126651
1144 123126713 123126713 123126713
1145 123126764 123126764 123126764
1146 123126801 123126803 123126801
1147 123126866 123126867 123126866
1148 123126898 123126899 123126898
1149 123126946 123126947 123126946
1150 123127003 123127003 123127003
1151 123127053 123127053 123127053
1152 123127113 123127113 123127113
1153 123127160 123127165 123127160
1154 123127197 123127197 123127197
1155 123127259 123127259 123127259
1156 123127298 123127298 123127298
1157 123127354 123127354 123127354
1158 123127412 123127412 123127412
1159 123127463 123127463 123127463
1160 123127500 123127500 123127500
1161 123127561 123127561 123127561
1162 123127597 123127597 123127597
1163 123127654 123127654 123127654
1164 123127714 123127714 123127714
1165 123127749 123127749 123127749
1166 123127811 123127811 123127811
1167 123127852 123127853 123127852
1168 123127912 123127912 123127912
1169 123127948 123127948 123127948
1170 123128004 123128004 123128004
1171 123128046 123128046 123128046
1172 123128100 123128100 123128100
1173 123128162 123128162 123128162
1174 123128210 123128211 123128210
1175 123128263 123128264 123128263
1176 123128297 123128297 123128297
1177 123128347 123128347 123128347
1178 123128413 123128413 123128413
1179 123128450 123128450 123128450
1180 123128510 123128510 123128510
1181 123128549 123128549 123128549
1182 123128597 123128597 123128597
1183 123128658 123128658 123128658
1184 123128697 123128697 123128697
1185 123128758 123128759 123128758
1186 123128813 123128813 123128813
1187 123128862 123128863 123128862
1188 123128899 123128899 123128899
1189 123128976 123128976 123128976
1190 123128997 123128998 123128997
1191 123129049 123129049 123129049
1192 123129109 123129109 123129109
1193 123129162 123129162 123129162
1194 123129212 123129213 123129212
1195 123129250 123129250 123129250
1196 123129298 123129298 123129298
1197 123129359 123129359 123129359
1198 123129400 123129401 123129400
1199 123129460 123129460 123129460
1200 123129510 123129512 123129510
1201 123129563 123129564 123129563
1202 123129603 123129604 123129603
1203 123129661 123129661 123129661
1204 123129717 123129717 123129717
1205 123129750 123129750 123129750
1206 123129813 123129813 123129813
1207 123129848 123129848 123129848
1208 123129913 123129913 123129913
1209 123129961 123129962 123129961
1210 123129997 123129997 123129997
1211 123130059 123130059 123130059
1212 123130111 123130111 123130111
1213 123130160 123130160 123130160
1214 123130200 123130200 123130200
1215 123130258 123130258 123130258
1216 123130303 123130303 123130303
1217 123130347 123130348 123130347
1218 123130411 123130411 123130411
1219 123130449 123130449 123130449
1220 123130511 123130511 123130511
1221 123130563 123130563 123130563
1222 123130598 123130598 123130598
1223 123130659 123130659 123130659
1224 123130697 123130697 123130697
1225 123130758 123130759 123130758
1226 123130799 123130799 123130799
1227 123130862 123130863 123130862
1228 123130901 123130901 123130901
1229 123130963 123130963 123130963
1230 123131002 123131003 123131002
1231 123131061 123131062 123131061
1232 123131116 123131116 123131116
1233 123131148 123131148 123131148
1234 123131212 123131212 123131212
1235 123131258 123131259 123131258
1236 123131297 123131297 123131297
1237 123131359 123131359 123131359
1238 123131398 123131398 123131398
1239 123131446 123131446 123131446
1240 123131498 123131498 123131498
1241 123131554 123131554 123131554
1242 123131613 123131613 123131613
1243 123131648 123131648 123131648
1244 123131704 123131705 123131704
1245 123131761 123131762 123131761
1246 123131813 123131813 123131813
1247 123131847 123131847 123131847
1248 123131911 123131911 123131911
1249 123131948 123131948 123131948
1250 123132003 123132003 123132003
1251 123132051 123132051 123132051
1252 123132110 123132110 123132110
1253 123132161 123132161 123132161
1254 123132201 123132201 123132201
1255 123132261 123132262 123132261
1256 123132300 123132300 123132300
1257 123132375 123132375 123132375
1258 123132407 123132407 123132407
1259 123132448 123132448 123132448
1260 123132511 123132512 123132511
1261 123132563 123132563 123132563
1262 123132597 123132597 123132597
1263 123132653 123132653 123132653
1264 123132710 123132711 123132710
1265 123132747 123132747 123132747
1266 123132801 123132801 123132801
1267 123132860 123132860 123132860
1268 123132912 123132913 123132912
1269 123132949 123132949 123132949
1270 123133014 123133014 123133014
1271 123133047 123133047 123133047
1272 123133108 123133108 123133108
1273 123133146 123133147 123133146
1274 123133210 123133210 123133210
1275 123133263 123133263 123133263
1276 123133299 123133299 123133299
1277 123133348 123133349 123133348
1278 123133398 123133398 123133398
1279 123133460 123133460 123133460
1280 123133498 123133498 123133498
1281 123133559 123133559 123133559
1282 123133600 123133600 123133600
1283 123133661 123133662 123133661
1284 123133699 123133702 123133699
1285 123133763 123133763 123133763
1286 123133798 123133798 123133798
1287 123133852 123133853 123133852
1288 123133919 123133919 123133919
1289 123133953 123133953 123133953
1290 123134013 123134013 123134013
1291 123134061 123134061 123134061
1292 123134099 123134099 123134099
1293 123134159 123134159 123134159
1294 123134196 123134197 123134196
1295 123134258 123134259 123134258
1296 123134312 123134312 123134312
1297 123134365 123134365 123134365
1298 123134408 123134408 123134408
1299 123134448 123134448 123134448
1300 123134508 123134509 123134508
1301 123134548 123134548 123134548
1302 123134613 123134614 123134613
1303 123134649 123134649 123134649
1304 123134709 123134709 123134709
1305 123134761 123134761 123134761
1306 123134810 123134811 123134810
1307 123134847 123134848 123134847
1308 123134910 123134911 123134910
1309 123134961 123134961 123134961
1310 123135002 123135002 123135002
1311 123135060 123135060 123135060
1312 123135111 123135111 123135111
1313 123135146 123135146 123135146
1314 123135203 123135208 123135203
1315 123135267 123135267 123135267
1316 123135298 123135298 123135298
1317 123135365 123135365 123135365
1318 123135407 123135407 123135407
1319 123135469 123135469 123135469
1320 123135501 123135501 123135501
1321 123135559 123135559 123135559
1322 123135597 123135597 123135597
1323 123135659 123135660 123135659
1324 123135713 123135713 123135713
1325 123135763 123135763 123135763
1326 123135802 123135803 123135802
1327 123135860 123135860 123135860
1328 123135911 123135911 123135911
1329 123135948 123135948 123135948
1330 123136010 123136011 123136010
1331 123136063 123136063 123136063
1332 123136098 123136098 123136098
1333 123136154 123136154 123136154
1334 123136211 123136213 123136211
1335 123136247 123136247 123136247
1336 123136304 123136304 123136304
1337 123136347 123136347 123136347
1338 123136414 123136414 123136414
1339 123136450 123136451 123136450
1340 123136509 123136510 123136509
1341 123136564 123136564 123136564
1342 123136599 123136599 123136599
1343 123136663 123136663 123136663
1344 123136716 123136718 123136716
1345 123136751 123136751 123136751
1346 123136810 123136810 123136810
1347 123136862 123136862 123136862
1348 123136903 123136903 123136903
1349 123136959 123136960 123136959
1350 123137014 123137014 123137014
1351 123137060 123137061 123137060
1352 123137100 123137100 123137100
1353 123137160 123137160 123137160
1354 123137199 123137199 123137199
1355 123137260 123137260 123137260
1356 123137311 123137311 123137311
1357 123137349 123137349 123137349
1358 123137411 123137411 123137411
1359 123137449 123137449 123137449
1360 123137497 123137497 123137497
1361 123137554 123137554 123137554
1362 123137598 123137598 123137598
1363 123137653 123137653 123137653
1364 123137698 123137698 123137698
1365 123137760 123137760 123137760
1366 123137807 123137807 123137807
1367 123138025 123138025 123138025
1368 123138026 123138026 123138026
1369 123138026 123138029 123138026
1370 123138060 123138061 123138060
1371 123138113 123138114 123138113
1372 123138165 123138165 123138165
1373 123138218 123138220 123138218
1374 123138254 123138254 123138254
1375 123138311 123138315 123138311
1376 123138363 123138366 123138363
1377 123138401 123138402 123138401
1378 123138449 123138449 123138449
1379 123138513 123138513 123138513
1380 123138547 123138548 123138547
