1		125625085		125625086		125625085
2		125625113		125625113		125625113
3		125625168		125625168		125625168
4		125625228		125625228		125625228
5		125625270		125625271		125625270
6		125625320		125625320		125625320
7		125625365		125625368		125625365
8		125625414		125625415		125625414
9		125625469		125625469		125625469
10		125625515		125625527		125625515
11		125625568		125625568		125625568
12		125625612		125625612		125625612
13		125625669		125625669		125625669
14		125625710		125625711		125625710
15		125625775		125625775		125625775
16		125625820		125625820		125625820
17		125625859		125625859		125625859
18		125625929		125625930		125625929
19		125625961		125625961		125625961
20		125626024		125626024		125626024
21		125626078		125626078		125626078
22		125626110		125626110		125626110
23		125626164		125626164		125626164
24		125626214		125626214		125626214
25		125626266		125626267		125626266
26		125626317		125626318		125626317
27		125626370		125626371		125626370
28		125626412		125626412		125626412
29		125626469		125626469		125626469
30		125626517		125626517		125626517
31		125626559		125626559		125626559
32		125626611		125626613		125626611
33		125626661		125626662		125626661
34		125626711		125626711		125626711
35		125626764		125626764		125626764
36		125626812		125626812		125626812
37		125626863		125626863		125626863
38		125626915		125626915		125626915
39		125626967		125626967		125626967
40		125627025		125627026		125627025
41		125627086		125627087		125627086
42		125627119		125627120		125627119
43		125627160		125627160		125627160
44		125627213		125627215		125627213
45		125627262		125627276		125627262
46		125627321		125627326		125627321
47		125627360		125627360		125627360
48		125627413		125627413		125627413
49		125627466		125627466		125627466
50		125627510		125627510		125627510
51		125627563		125627563		125627563
52		125627614		125627614		125627614
53		125627663		125627663		125627663
54		125627710		125627711		125627710
55		125627760		125627760		125627760
56		125627812		125627812		125627812
57		125627861		125627862		125627861
58		125627913		125627913		125627913
59		125627967		125627970		125627967
60		125628019		125628019		125628019
61		125628079		125628079		125628079
62		125628111		125628111		125628111
63		125628163		125628163		125628163
64		125628210		125628210		125628210
65		125628266		125628266		125628266
66		125628315		125628316		125628315
67		125628366		125628366		125628366
68		125628418		125628418		125628418
69		125628470		125628471		125628470
70		125628526		125628526		125628526
71		125628575		125628575		125628575
72		125628613		125628613		125628613
73		125628665		125628666		125628665
74		125628720		125628720		125628720
75		125628779		125628780		125628779
76		125628811		125628811		125628811
77		125628863		125628863		125628863
78		125628915		125628916		125628915
79		125628965		125628965		125628965
80		125629017		125629017		125629017
81		125629070		125629071		125629070
82		125629114		125629114		125629114
83		125629159		125629159		125629159
84		125629214		125629214		125629214
85		125629266		125629268		125629266
86		125629317		125629317		125629317
87		125629360		125629360		125629360
88		125629418		125629418		125629418
89		125629467		125629468		125629467
90		125629510		125629510		125629510
91		125629578		125629579		125629578
92		125629613		125629613		125629613
93		125629664		125629664		125629664
94		125629712		125629713		125629712
95		125629767		125629767		125629767
96		125629811		125629811		125629811
97		125629862		125629862		125629862
98		125629913		125629913		125629913
99		125629961		125629961		125629961
100		125630012		125630013		125630012
101		125630061		125630062		125630061
102		125630119		125630119		125630119
103		125630161		125630161		125630161
104		125630219		125630219		125630219
105		125630262		125630262		125630262
106		125630314		125630314		125630314
107		125630364		125630364		125630364
108		125630417		125630417		125630417
109		125630469		125630469		125630469
110		125630525		125630525		125630525
111		125630559		125630560		125630559
112		125630618		125630619		125630618
113		125630674		125630674		125630674
114		125630709		125630709		125630709
115		125630764		125630764		125630764
116		125630818		125630819		125630818
117		125630879		125630879		125630879
118		125630909		125630909		125630909
119		125630976		125630977		125630976
120		125631012		125631012		125631012
121		125631066		125631066		125631066
122		125631118		125631118		125631118
123		125631170		125631170		125631170
124		125631214		125631215		125631214
125		125631276		125631276		125631276
126		125631346		125631348		125631346
127		125631362		125631362		125631362
128		125631418		125631419		125631418
129		125631459		125631459		125631459
130		125631511		125631511		125631511
131		125631568		125631569		125631568
132		125631624		125631624		125631624
133		125631664		125631664		125631664
134		125631716		125631716		125631716
135		125631766		125631767		125631766
136		125631826		125631826		125631826
137		125631859		125631859		125631859
138		125631914		125631914		125631914
139		125631999		125631999		125631999
140		125632026		125632026		125632026
141		125632061		125632065		125632061
142		125632112		125632114		125632112
143		125632175		125632176		125632175
144		125632210		125632211		125632210
145		125632263		125632263		125632263
146		125632313		125632313		125632313
147		125632363		125632363		125632363
148		125632424		125632424		125632424
149		125632464		125632464		125632464
150		125632514		125632514		125632514
151		125632559		125632560		125632559
152		125632615		125632615		125632615
153		125632668		125632668		125632668
154		125632719		125632719		125632719
155		125632777		125632778		125632777
156		125632812		125632812		125632812
157		125632863		125632863		125632863
158		125632917		125632918		125632917
159		125632967		125632967		125632967
160		125633021		125633021		125633021
161		125633063		125633063		125633063
162		125633119		125633119		125633119
163		125633171		125633171		125633171
164		125633214		125633214		125633214
165		125633271		125633271		125633271
166		125633312		125633312		125633312
167		125633360		125633360		125633360
168		125633413		125633413		125633413
169		125633464		125633464		125633464
170		125633514		125633514		125633514
171		125633566		125633566		125633566
172		125633619		125633619		125633619
173		125633678		125633679		125633678
174		125633709		125633709		125633709
175		125633763		125633763		125633763
176		125633813		125633813		125633813
177		125633864		125633864		125633864
178		125633916		125633916		125633916
179		125633968		125633968		125633968
180		125634025		125634025		125634025
181		125634076		125634076		125634076
182		125634114		125634115		125634114
183		125634161		125634161		125634161
184		125634214		125634214		125634214
185		125634264		125634264		125634264
186		125634331		125634331		125634331
187		125634362		125634362		125634362
188		125634413		125634413		125634413
189		125634466		125634466		125634466
190		125634519		125634519		125634519
191		125634569		125634569		125634569
192		125634628		125634628		125634628
193		125634659		125634659		125634659
194		125634713		125634713		125634713
195		125634762		125634762		125634762
196		125634821		125634826		125634821
197		125634876		125634876		125634876
198		125634930		125634931		125634930
199		125634959		125634959		125634959
200		125635011		125635012		125635011
201		125635063		125635063		125635063
202		125635113		125635113		125635113
203		125635167		125635167		125635167
204		125635227		125635227		125635227
205		125635264		125635264		125635264
206		125635325		125635325		125635325
207		125635374		125635375		125635374
208		125635414		125635414		125635414
209		125635470		125635470		125635470
210		125635520		125635520		125635520
211		125635560		125635560		125635560
212		125635628		125635628		125635628
213		125635660		125635660		125635660
214		125635713		125635715		125635713
215		125635765		125635765		125635765
216		125635820		125635820		125635820
217		125635877		125635878		125635877
218		125635910		125635910		125635910
219		125635963		125635963		125635963
220		125636016		125636016		125636016
221		125636069		125636069		125636069
222		125636119		125636120		125636119
223		125636160		125636160		125636160
224		125636216		125636216		125636216
225		125636271		125636271		125636271
226		125636324		125636324		125636324
227		125636359		125636359		125636359
228		125636411		125636412		125636411
229		125636463		125636463		125636463
230		125636512		125636512		125636512
231		125636563		125636563		125636563
232		125636611		125636611		125636611
233		125636667		125636668		125636667
234		125636717		125636717		125636717
235		125636770		125636770		125636770
236		125636812		125636813		125636812
237		125636860		125636860		125636860
238		125636928		125636928		125636928
239		125636960		125636961		125636960
240		125637019		125637019		125637019
241		125637062		125637062		125637062
242		125637112		125637112		125637112
243		125637162		125637162		125637162
244		125637210		125637210		125637210
245		125637267		125637267		125637267
246		125637320		125637321		125637320
247		125637370		125637370		125637370
248		125637413		125637413		125637413
249		125637460		125637460		125637460
250		125637513		125637514		125637513
251		125637561		125637562		125637561
252		125637609		125637612		125637609
253		125637660		125637660		125637660
254		125637711		125637711		125637711
255		125637765		125637765		125637765
256		125637820		125637820		125637820
257		125637878		125637879		125637878
258		125637910		125637910		125637910
259		125637963		125637963		125637963
260		125638013		125638013		125638013
261		125638065		125638065		125638065
262		125638115		125638115		125638115
263		125638160		125638160		125638160
264		125638218		125638218		125638218
265		125638260		125638260		125638260
266		125638313		125638313		125638313
267		125638367		125638374		125638367
268		125638428		125638429		125638428
269		125638460		125638461		125638460
270		125638519		125638519		125638519
271		125638569		125638569		125638569
272		125638609		125638609		125638609
273		125638662		125638662		125638662
274		125638712		125638712		125638712
275		125638763		125638764		125638763
276		125638814		125638814		125638814
277		125638863		125638863		125638863
278		125638916		125638916		125638916
279		125638961		125638961		125638961
280		125639013		125639013		125639013
281		125639063		125639063		125639063
282		125639111		125639111		125639111
283		125639162		125639162		125639162
284		125639211		125639211		125639211
285		125639265		125639265		125639265
286		125639314		125639315		125639314
287		125639365		125639365		125639365
288		125639416		125639416		125639416
289		125639466		125639466		125639466
290		125639517		125639517		125639517
291		125639570		125639570		125639570
292		125639620		125639620		125639620
293		125639675		125639675		125639675
294		125639710		125639712		125639710
295		125639762		125639763		125639762
296		125639811		125639811		125639811
297		125639862		125639863		125639862
298		125639912		125639912		125639912
299		125639963		125639964		125639963
300		125640010		125640010		125640010
301		125640063		125640063		125640063
302		125640113		125640113		125640113
303		125640168		125640168		125640168
304		125640211		125640211		125640211
305		125640266		125640266		125640266
306		125640315		125640315		125640315
307		125640360		125640360		125640360
308		125640412		125640413		125640412
309		125640461		125640461		125640461
310		125640510		125640511		125640510
311		125640562		125640562		125640562
312		125640611		125640611		125640611
313		125640662		125640663		125640662
314		125640710		125640710		125640710
315		125640771		125640771		125640771
316		125640811		125640811		125640811
317		125640865		125640865		125640865
318		125640914		125640914		125640914
319		125640968		125640968		125640968
320		125641019		125641019		125641019
321		125641071		125641074		125641071
322		125641129		125641129		125641129
323		125641162		125641162		125641162
324		125641213		125641213		125641213
325		125641263		125641264		125641263
326		125641316		125641316		125641316
327		125641361		125641361		125641361
328		125641412		125641412		125641412
329		125641477		125641478		125641477
330		125641512		125641512		125641512
331		125641562		125641562		125641562
332		125641616		125641616		125641616
333		125641669		125641669		125641669
334		125641719		125641719		125641719
335		125641760		125641760		125641760
336		125641813		125641813		125641813
337		125641863		125641863		125641863
338		125641919		125641919		125641919
339		125641960		125641961		125641960
340		125642014		125642014		125642014
341		125642063		125642063		125642063
342		125642119		125642119		125642119
343		125642169		125642169		125642169
344		125642211		125642211		125642211
345		125642266		125642266		125642266
346		125642314		125642315		125642314
347		125642365		125642366		125642365
348		125642421		125642421		125642421
349		125642475		125642475		125642475
350		125642528		125642529		125642528
351		125642561		125642561		125642561
352		125642614		125642614		125642614
353		125642664		125642665		125642664
354		125642714		125642714		125642714
355		125642765		125642765		125642765
356		125642818		125642824		125642818
357		125642871		125642874		125642871
358		125642911		125642911		125642911
359		125642966		125642967		125642966
360		125643018		125643019		125643018
361		125643074		125643074		125643074
362		125643111		125643111		125643111
363		125643165		125643166		125643165
364		125643218		125643218		125643218
365		125643274		125643274		125643274
366		125643316		125643316		125643316
367		125643370		125643370		125643370
368		125643425		125643425		125643425
369		125643463		125643463		125643463
370		125643514		125643514		125643514
371		125643566		125643566		125643566
372		125643616		125643616		125643616
373		125643669		125643669		125643669
374		125643725		125643726		125643725
375		125643763		125643763		125643763
376		125643815		125643815		125643815
377		125643864		125643864		125643864
378		125643919		125643919		125643919
379		125643969		125643974		125643969
380		125644021		125644024		125644021
381		125644078		125644078		125644078
382		125644121		125644121		125644121
383		125644170		125644171		125644170
384		125644211		125644211		125644211
385		125644271		125644271		125644271
386		125644310		125644310		125644310
387		125644363		125644365		125644363
388		125644411		125644411		125644411
389		125644552		125644555		125644552
390		125644555		125644555		125644555
391		125644572		125644573		125644572
392		125644629		125644630		125644629
393		125644670		125644674		125644670
394		125644710		125644710		125644710
395		125644777		125644777		125644777
396		125644810		125644810		125644810
397		125644861		125644862		125644861
398		125644914		125644914		125644914
399		125644967		125644967		125644967
400		125645010		125645010		125645010
401		125645060		125645060		125645060
402		125645113		125645113		125645113
403		125645170		125645170		125645170
404		125645221		125645226		125645221
405		125645261		125645261		125645261
406		125645320		125645320		125645320
407		125645362		125645362		125645362
408		125645410		125645410		125645410
409		125645464		125645464		125645464
410		125645518		125645518		125645518
411		125645568		125645569		125645568
412		125645626		125645626		125645626
413		125645663		125645663		125645663
414		125645715		125645715		125645715
415		125645766		125645766		125645766
416		125645820		125645820		125645820
417		125645875		125645875		125645875
418		125645930		125645930		125645930
419		125645962		125645962		125645962
420		125646014		125646014		125646014
421		125646063		125646063		125646063
422		125646113		125646113		125646113
423		125646163		125646164		125646163
424		125646211		125646211		125646211
425		125646267		125646267		125646267
426		125646326		125646326		125646326
427		125646360		125646361		125646360
428		125646415		125646416		125646415
429		125646469		125646469		125646469
430		125646520		125646520		125646520
431		125646561		125646561		125646561
432		125646611		125646611		125646611
433		125646660		125646661		125646660
434		125646717		125646717		125646717
435		125646767		125646767		125646767
436		125646809		125646809		125646809
437		125646864		125646865		125646864
438		125646911		125646911		125646911
439		125646965		125646965		125646965
440		125647013		125647014		125647013
441		125647062		125647064		125647062
442		125647114		125647114		125647114
443		125647164		125647164		125647164
444		125647215		125647215		125647215
445		125647263		125647263		125647263
446		125647317		125647318		125647317
447		125647375		125647376		125647375
448		125647425		125647426		125647425
449		125647460		125647460		125647460
450		125647517		125647518		125647517
451		125647567		125647567		125647567
452		125647620		125647620		125647620
453		125647662		125647662		125647662
454		125647713		125647713		125647713
455		125647763		125647764		125647763
456		125647814		125647814		125647814
457		125647865		125647866		125647865
458		125647914		125647914		125647914
459		125647969		125647969		125647969
460		125648019		125648019		125648019
461		125648074		125648074		125648074
462		125648130		125648130		125648130
463		125648162		125648162		125648162
464		125648209		125648209		125648209
465		125648264		125648264		125648264
466		125648326		125648326		125648326
467		125648362		125648362		125648362
468		125648414		125648414		125648414
469		125648469		125648470		125648469
470		125648519		125648519		125648519
471		125648571		125648571		125648571
472		125648620		125648620		125648620
473		125648660		125648660		125648660
474		125648719		125648719		125648719
475		125648776		125648776		125648776
476		125648809		125648809		125648809
477		125648863		125648864		125648863
478		125648914		125648915		125648914
479		125648966		125648966		125648966
480		125649020		125649020		125649020
481		125649071		125649071		125649071
482		125649110		125649110		125649110
483		125649162		125649164		125649162
484		125649214		125649214		125649214
485		125649261		125649261		125649261
486		125649317		125649318		125649317
487		125649362		125649362		125649362
488		125649415		125649415		125649415
489		125649466		125649466		125649466
490		125649512		125649514		125649512
491		125649563		125649564		125649563
492		125649620		125649621		125649620
493		125649669		125649669		125649669
494		125649711		125649711		125649711
495		125649760		125649760		125649760
496		125649816		125649816		125649816
497		125649870		125649870		125649870
498		125649929		125649929		125649929
499		125649962		125649963		125649962
500		125650013		125650013		125650013
501		125650063		125650063		125650063
502		125650115		125650115		125650115
503		125650174		125650174		125650174
504		125650226		125650227		125650226
505		125650262		125650262		125650262
506		125650312		125650312		125650312
507		125650364		125650364		125650364
508		125650415		125650416		125650415
509		125650459		125650459		125650459
510		125650511		125650511		125650511
511		125650564		125650564		125650564
512		125650612		125650612		125650612
513		125650661		125650661		125650661
514		125650718		125650718		125650718
515		125650774		125650774		125650774
516		125650814		125650814		125650814
517		125650901		125650902		125650901
518		125650912		125650912		125650912
519		125650965		125650965		125650965
520		125651014		125651014		125651014
521		125651067		125651067		125651067
522		125651121		125651121		125651121
523		125651164		125651164		125651164
524		125651216		125651216		125651216
525		125651269		125651269		125651269
526		125651329		125651329		125651329
527		125651368		125651369		125651368
528		125651427		125651427		125651427
529		125651459		125651460		125651459
530		125651513		125651513		125651513
531		125651561		125651561		125651561
532		125651614		125651615		125651614
533		125651665		125651665		125651665
534		125651719		125651720		125651719
535		125651769		125651769		125651769
536		125651811		125651811		125651811
537		125651866		125651866		125651866
538		125651918		125651918		125651918
539		125651961		125651961		125651961
540		125652018		125652018		125652018
541		125652071		125652071		125652071
542		125652114		125652114		125652114
543		125652159		125652160		125652159
544		125652210		125652211		125652210
545		125652264		125652265		125652264
546		125652320		125652320		125652320
547		125652362		125652363		125652362
548		125652419		125652419		125652419
549		125652471		125652471		125652471
550		125652510		125652512		125652510
551		125652568		125652568		125652568
552		125652618		125652618		125652618
553		125652677		125652678		125652677
554		125652712		125652712		125652712
555		125652767		125652767		125652767
556		125652820		125652820		125652820
557		125652876		125652876		125652876
558		125652909		125652910		125652909
559		125652963		125652963		125652963
560		125653009		125653010		125653009
561		125653081		125653081		125653081
562		125653110		125653110		125653110
563		125653161		125653162		125653161
564		125653210		125653210		125653210
565		125653264		125653264		125653264
566		125653314		125653315		125653314
567		125653369		125653369		125653369
568		125653420		125653420		125653420
569		125653464		125653465		125653464
570		125653518		125653518		125653518
571		125653570		125653571		125653570
572		125653624		125653624		125653624
573		125653661		125653661		125653661
574		125653716		125653716		125653716
575		125653771		125653776		125653771
576		125653809		125653810		125653809
577		125653862		125653862		125653862
578		125653914		125653915		125653914
579		125653966		125653967		125653966
580		125654015		125654015		125654015
581		125654067		125654067		125654067
582		125654115		125654115		125654115
583		125654169		125654169		125654169
584		125654219		125654219		125654219
585		125654275		125654275		125654275
586		125654327		125654328		125654327
587		125654363		125654363		125654363
588		125654419		125654419		125654419
589		125654460		125654460		125654460
590		125654509		125654509		125654509
591		125654563		125654563		125654563
592		125654612		125654612		125654612
593		125654660		125654660		125654660
594		125654713		125654713		125654713
595		125654767		125654767		125654767
596		125654816		125654817		125654816
597		125654870		125654870		125654870
598		125654927		125654927		125654927
599		125654960		125654961		125654960
600		125655010		125655011		125655010
601		125655065		125655065		125655065
602		125655112		125655112		125655112
603		125655162		125655162		125655162
604		125655219		125655219		125655219
605		125655270		125655270		125655270
606		125655310		125655310		125655310
607		125655370		125655370		125655370
608		125655410		125655411		125655410
609		125655468		125655468		125655468
610		125655516		125655517		125655516
611		125655571		125655574		125655571
612		125655627		125655627		125655627
613		125655660		125655660		125655660
614		125655714		125655714		125655714
615		125655777		125655777		125655777
616		125655826		125655827		125655826
617		125655862		125655862		125655862
618		125655913		125655913		125655913
619		125655964		125655964		125655964
620		125656016		125656016		125656016
621		125656068		125656069		125656068
622		125656119		125656119		125656119
623		125656161		125656162		125656161
624		125656214		125656214		125656214
625		125656260		125656260		125656260
626		125656313		125656313		125656313
627		125656370		125656371		125656370
628		125656410		125656410		125656410
629		125656464		125656465		125656464
630		125656521		125656521		125656521
631		125656561		125656562		125656561
632		125656619		125656619		125656619
633		125656669		125656669		125656669
634		125656725		125656725		125656725
635		125656779		125656779		125656779
636		125656816		125656816		125656816
637		125656864		125656866		125656864
638		125656915		125656915		125656915
639		125656970		125656970		125656970
640		125657025		125657026		125657025
641		125657060		125657061		125657060
642		125657116		125657116		125657116
643		125657168		125657168		125657168
644		125657220		125657220		125657220
645		125657262		125657262		125657262
646		125657314		125657315		125657314
647		125657369		125657369		125657369
648		125657410		125657410		125657410
649		125657465		125657465		125657465
650		125657513		125657514		125657513
651		125657566		125657566		125657566
652		125657617		125657617		125657617
653		125657669		125657669		125657669
654		125657725		125657725		125657725
655		125657761		125657762		125657761
656		125657820		125657820		125657820
657		125657877		125657877		125657877
658		125657909		125657909		125657909
659		125657961		125657962		125657961
660		125658012		125658012		125658012
661		125658064		125658065		125658064
662		125658111		125658112		125658111
663		125658160		125658160		125658160
664		125658213		125658213		125658213
665		125658268		125658268		125658268
666		125658315		125658315		125658315
667		125658375		125658375		125658375
668		125658412		125658412		125658412
669		125658469		125658470		125658469
670		125658527		125658527		125658527
671		125658577		125658579		125658577
672		125658609		125658609		125658609
673		125658664		125658665		125658664
674		125658715		125658715		125658715
675		125658769		125658770		125658769
676		125658812		125658812		125658812
677		125658862		125658862		125658862
678		125658913		125658913		125658913
679		125658964		125658965		125658964
680		125659014		125659014		125659014
681		125659065		125659065		125659065
682		125659119		125659119		125659119
683		125659162		125659162		125659162
684		125659216		125659217		125659216
685		125659267		125659270		125659267
686		125659325		125659325		125659325
687		125659361		125659361		125659361
688		125659417		125659417		125659417
689		125659481		125659481		125659481
690		125659512		125659513		125659512
691		125659561		125659562		125659561
692		125659619		125659619		125659619
693		125659671		125659674		125659671
694		125659730		125659730		125659730
695		125659761		125659761		125659761
696		125659819		125659819		125659819
697		125659866		125659866		125659866
698		125659928		125659929		125659928
699		125659978		125659978		125659978
700		125700114		125700114		125700114
701		125700114		125700114		125700114
702		125700170		125700170		125700170
703		125700210		125700210		125700210
704		125700259		125700260		125700259
705		125700313		125700313		125700313
706		125700371		125700371		125700371
707		125700432		125700432		125700432
708		125700463		125700463		125700463
709		125700526		125700526		125700526
710		125700561		125700561		125700561
711		125700612		125700612		125700612
712		125700671		125700676		125700671
713		125700725		125700725		125700725
714		125700761		125700761		125700761
715		125700812		125700812		125700812
716		125700866		125700866		125700866
717		125700915		125700916		125700915
718		125700971		125700975		125700971
719		125701026		125701026		125701026
720		125701062		125701062		125701062
721		125701116		125701116		125701116
722		125701165		125701165		125701165
723		125701216		125701217		125701216
724		125701262		125701263		125701262
725		125701320		125701320		125701320
726		125701371		125701371		125701371
727		125701426		125701426		125701426
728		125701462		125701462		125701462
729		125701513		125701513		125701513
730		125701565		125701565		125701565
731		125701617		125701617		125701617
732		125701675		125701675		125701675
733		125701711		125701711		125701711
734		125701770		125701770		125701770
735		125701820		125701820		125701820
736		125701861		125701861		125701861
737		125701916		125701916		125701916
738		125701962		125701962		125701962
739		125702028		125702028		125702028
740		125702064		125702064		125702064
741		125702112		125702112		125702112
742		125702160		125702161		125702160
743		125702216		125702216		125702216
744		125702269		125702269		125702269
745		125702325		125702325		125702325
746		125702359		125702359		125702359
747		125702417		125702417		125702417
748		125702466		125702468		125702466
749		125702521		125702529		125702521
750		125702560		125702560		125702560
751		125702621		125702621		125702621
752		125702676		125702677		125702676
753		125702720		125702721		125702720
754		125702778		125702778		125702778
755		125702811		125702811		125702811
756		125702862		125702862		125702862
757		125702921		125702926		125702921
758		125702971		125702971		125702971
759		125703012		125703012		125703012
760		125703064		125703066		125703064
761		125703114		125703114		125703114
762		125703164		125703164		125703164
763		125703218		125703218		125703218
764		125703274		125703274		125703274
765		125703309		125703309		125703309
766		125703363		125703364		125703363
767		125703417		125703417		125703417
768		125703465		125703466		125703465
769		125703525		125703525		125703525
770		125703571		125703577		125703571
771		125703611		125703611		125703611
772		125703669		125703669		125703669
773		125703718		125703718		125703718
774		125703771		125703771		125703771
775		125703830		125703830		125703830
776		125703864		125703864		125703864
777		125703917		125703918		125703917
778		125703974		125703975		125703974
779		125704025		125704025		125704025
780		125704061		125704062		125704061
781		125704112		125704113		125704112
782		125704161		125704161		125704161
783		125704213		125704213		125704213
784		125704264		125704264		125704264
785		125704314		125704314		125704314
786		125704366		125704366		125704366
787		125704415		125704415		125704415
788		125704476		125704476		125704476
789		125704513		125704513		125704513
790		125704562		125704562		125704562
791		125704617		125704617		125704617
792		125704675		125704675		125704675
793		125704717		125704717		125704717
794		125704776		125704776		125704776
795		125704949		125704949		125704949
796		125704949		125704949		125704949
797		125704950		125704950		125704950
798		125704970		125704970		125704970
799		125705028		125705029		125705028
800		125705147		125705150		125705147
801		125705152		125705152		125705152
802		125705176		125705176		125705176
803		125705229		125705229		125705229
804		125705261		125705261		125705261
805		125705310		125705310		125705310
806		125705364		125705364		125705364
807		125705418		125705418		125705418
808		125705479		125705479		125705479
809		125705511		125705512		125705511
810		125705560		125705560		125705560
811		125705610		125705610		125705610
812		125705664		125705664		125705664
813		125705726		125705726		125705726
814		125705759		125705759		125705759
815		125705812		125705812		125705812
816		125705863		125705863		125705863
817		125705913		125705914		125705913
818		125705962		125705962		125705962
819		125706013		125706014		125706013
820		125706067		125706067		125706067
821		125706118		125706119		125706118
822		125706177		125706177		125706177
823		125706226		125706227		125706226
824		125706262		125706262		125706262
825		125706324		125706325		125706324
826		125706378		125706378		125706378
827		125706410		125706410		125706410
828		125706469		125706469		125706469
829		125706512		125706512		125706512
830		125706570		125706570		125706570
831		125706612		125706612		125706612
832		125706662		125706662		125706662
833		125706713		125706713		125706713
834		125706766		125706766		125706766
835		125706820		125706820		125706820
836		125706862		125706863		125706862
837		125706918		125706919		125706918
838		125706968		125706969		125706968
839		125707024		125707024		125707024
840		125707062		125707063		125707062
841		125707114		125707115		125707114
842		125707165		125707165		125707165
843		125707217		125707217		125707217
844		125707271		125707271		125707271
845		125707309		125707309		125707309
846		125707362		125707363		125707362
847		125707415		125707415		125707415
848		125707463		125707464		125707463
849		125707527		125707528		125707527
850		125707563		125707564		125707563
851		125707613		125707613		125707613
852		125707663		125707664		125707663
853		125707716		125707716		125707716
854		125707769		125707769		125707769
855		125707827		125707827		125707827
856		125707859		125707859		125707859
857		125707913		125707913		125707913
858		125707959		125707959		125707959
859		125708015		125708015		125708015
860		125708063		125708063		125708063
861		125708115		125708115		125708115
862		125708165		125708165		125708165
863		125708216		125708216		125708216
864		125708264		125708264		125708264
865		125708310		125708310		125708310
866		125708363		125708363		125708363
867		125708414		125708414		125708414
868		125708466		125708466		125708466
869		125708515		125708516		125708515
870		125708570		125708570		125708570
871		125708629		125708630		125708629
872		125708659		125708660		125708659
873		125708713		125708713		125708713
874		125708763		125708763		125708763
875		125708815		125708815		125708815
876		125708865		125708866		125708865
877		125708918		125708918		125708918
878		125708971		125708975		125708971
879		125709024		125709024		125709024
880		125709078		125709078		125709078
881		125709110		125709110		125709110
882		125709179		125709180		125709179
883		125709212		125709212		125709212
884		125709260		125709260		125709260
885		125709312		125709312		125709312
886		125709362		125709362		125709362
887		125709417		125709417		125709417
888		125709471		125709474		125709471
889		125709510		125709510		125709510
890		125709565		125709565		125709565
891		125709613		125709613		125709613
892		125709662		125709662		125709662
893		125709712		125709712		125709712
894		125709768		125709768		125709768
895		125709821		125709821		125709821
896		125709861		125709863		125709861
897		125709917		125709917		125709917
898		125709971		125709974		125709971
899		125710020		125710020		125710020
900		125710059		125710059		125710059
901		125710116		125710116		125710116
902		125710165		125710165		125710165
903		125710224		125710224		125710224
904		125710277		125710277		125710277
905		125710312		125710312		125710312
906		125710368		125710368		125710368
907		125710424		125710424		125710424
908		125710478		125710478		125710478
909		125710513		125710513		125710513
910		125710579		125710579		125710579
911		125710610		125710611		125710610
912		125710666		125710666		125710666
913		125710714		125710715		125710714
914		125710764		125710765		125710764
915		125710818		125710818		125710818
916		125710861		125710861		125710861
917		125710911		125710911		125710911
918		125710965		125710965		125710965
919		125711011		125711012		125711011
920		125711063		125711064		125711063
921		125711127		125711128		125711127
922		125711160		125711162		125711160
923		125711221		125711221		125711221
924		125711274		125711274		125711274
925		125711313		125711313		125711313
926		125711362		125711363		125711362
927		125711414		125711414		125711414
928		125711470		125711470		125711470
929		125711515		125711515		125711515
930		125711575		125711575		125711575
931		125711612		125711614		125711612
932		125711666		125711666		125711666
933		125711719		125711719		125711719
934		125711776		125711782		125711776
935		125711809		125711809		125711809
936		125711870		125711871		125711870
937		125711910		125711910		125711910
938		125711962		125711964		125711962
939		125712011		125712011		125712011
940		125712059		125712059		125712059
941		125712112		125712112		125712112
942		125712163		125712163		125712163
943		125712217		125712218		125712217
944		125712266		125712267		125712266
945		125712321		125712321		125712321
946		125712363		125712364		125712363
947		125712418		125712418		125712418
948		125712468		125712468		125712468
949		125712528		125712528		125712528
950		125712564		125712564		125712564
951		125712615		125712615		125712615
952		125712665		125712665		125712665
953		125712716		125712716		125712716
954		125712769		125712769		125712769
955		125712819		125712819		125712819
956		125712860		125712860		125712860
957		125712914		125712914		125712914
958		125712961		125712961		125712961
959		125713019		125713019		125713019
960		125713068		125713069		125713068
961		125713124		125713124		125713124
962		125713164		125713164		125713164
963		125713215		125713215		125713215
964		125713266		125713266		125713266
965		125713311		125713311		125713311
966		125713361		125713362		125713361
967		125713411		125713412		125713411
968		125713468		125713468		125713468
969		125713530		125713531		125713530
970		125713560		125713561		125713560
971		125713630		125713630		125713630
972		125713661		125713661		125713661
973		125713710		125713711		125713710
974		125713778		125713779		125713778
975		125713811		125713811		125713811
976		125713863		125713864		125713863
977		125713911		125713912		125713911
978		125713970		125713971		125713970
979		125714026		125714027		125714026
980		125714061		125714062		125714061
981		125714113		125714113		125714113
982		125714162		125714163		125714162
983		125714217		125714217		125714217
984		125714259		125714259		125714259
985		125714313		125714313		125714313
986		125714361		125714362		125714361
987		125714416		125714417		125714416
988		125714466		125714466		125714466
989		125714519		125714525		125714519
990		125714564		125714564		125714564
991		125714620		125714620		125714620
992		125714670		125714670		125714670
993		125714711		125714711		125714711
994		125714763		125714763		125714763
995		125714812		125714812		125714812
996		125714863		125714864		125714863
997		125714915		125714916		125714915
998		125714964		125714964		125714964
999		125715019		125715019		125715019
1000		125715075		125715076		125715075
1001		125715110		125715111		125715110
1002		125715166		125715166		125715166
1003		125715215		125715215		125715215
1004		125715265		125715265		125715265
1005		125715314		125715314		125715314
1006		125715371		125715371		125715371
1007		125715426		125715426		125715426
1008		125715460		125715460		125715460
1009		125715516		125715516		125715516
1010		125715561		125715561		125715561
1011		125715611		125715611		125715611
1012		125715664		125715664		125715664
1013		125715716		125715716		125715716
1014		125715764		125715764		125715764
1015		125715819		125715819		125715819
1016		125715878		125715879		125715878
1017		125715912		125715912		125715912
1018		125715966		125715966		125715966
1019		125716012		125716013		125716012
1020		125716068		125716068		125716068
1021		125716117		125716124		125716117
1022		125716175		125716175		125716175
1023		125716211		125716211		125716211
1024		125716270		125716270		125716270
1025		125716319		125716320		125716319
1026		125716360		125716360		125716360
1027		125716414		125716414		125716414
1028		125716467		125716467		125716467
1029		125716525		125716525		125716525
1030		125716563		125716564		125716563
1031		125716614		125716614		125716614
1032		125716668		125716668		125716668
1033		125716721		125716724		125716721
1034		125716775		125716775		125716775
1035		125716810		125716811		125716810
1036		125716868		125716868		125716868
1037		125716921		125716926		125716921
1038		125716960		125716960		125716960
1039		125717016		125717016		125717016
1040		125717060		125717060		125717060
1041		125717117		125717117		125717117
1042		125717167		125717167		125717167
1043		125717220		125717220		125717220
1044		125717263		125717263		125717263
1045		125717313		125717313		125717313
1046		125717366		125717366		125717366
1047		125717426		125717427		125717426
1048		125717462		125717462		125717462
1049		125717517		125717517		125717517
1050		125717559		125717559		125717559
1051		125717613		125717614		125717613
1052		125717663		125717663		125717663
1053		125717716		125717717		125717716
1054		125717767		125717767		125717767
1055		125717818		125717818		125717818
1056		125717861		125717861		125717861
1057		125717913		125717913		125717913
1058		125717964		125717964		125717964
1059		125718014		125718014		125718014
1060		125718066		125718066		125718066
1061		125718117		125718118		125718117
1062		125718169		125718169		125718169
1063		125718225		125718225		125718225
1064		125718261		125718261		125718261
1065		125718314		125718314		125718314
1066		125718360		125718360		125718360
1067		125718416		125718416		125718416
1068		125718465		125718465		125718465
1069		125718519		125718519		125718519
1070		125718579		125718579		125718579
1071		125718611		125718612		125718611
1072		125718667		125718667		125718667
1073		125718724		125718725		125718724
1074		125718771		125718771		125718771
1075		125718826		125718826		125718826
1076		125718860		125718860		125718860
1077		125718916		125718917		125718916
1078		125718974		125718974		125718974
1079		125719028		125719028		125719028
1080		125719060		125719060		125719060
1081		125719110		125719110		125719110
1082		125719174		125719175		125719174
1083		125719225		125719225		125719225
1084		125719260		125719261		125719260
1085		125719317		125719317		125719317
1086		125719369		125719369		125719369
1087		125719411		125719411		125719411
1088		125719464		125719464		125719464
1089		125719516		125719517		125719516
1090		125719571		125719571		125719571
1091		125719611		125719612		125719611
1092		125719674		125719674		125719674
1093		125719720		125719720		125719720
1094		125719760		125719760		125719760
1095		125719817		125719817		125719817
1096		125719875		125719875		125719875
1097		125719911		125719912		125719911
1098		125719963		125719963		125719963
1099		125720015		125720015		125720015
1100		125720065		125720066		125720065
1101		125720117		125720120		125720117
1102		125720169		125720169		125720169
1103		125720225		125720225		125720225
1104		125720303		125720307		125720303
1105		125720320		125720321		125720320
1106		125720359		125720359		125720359
1107		125720430		125720430		125720430
1108		125720460		125720460		125720460
1109		125720509		125720510		125720509
1110		125720563		125720563		125720563
1111		125720626		125720626		125720626
1112		125720661		125720661		125720661
1113		125720713		125720714		125720713
1114		125720767		125720767		125720767
1115		125720821		125720821		125720821
1116		125720859		125720859		125720859
1117		125720916		125720916		125720916
1118		125720970		125720970		125720970
1119		125721021		125721021		125721021
1120		125721059		125721059		125721059
1121		125721111		125721111		125721111
1122		125721160		125721161		125721160
1123		125721219		125721219		125721219
1124		125721269		125721274		125721269
1125		125721321		125721324		125721321
1126		125721361		125721362		125721361
1127		125721414		125721415		125721414
1128		125721464		125721464		125721464
1129		125721515		125721516		125721515
1130		125721565		125721566		125721565
1131		125721613		125721613		125721613
1132		125721670		125721670		125721670
1133		125721717		125721720		125721717
1134		125721774		125721774		125721774
1135		125721829		125721830		125721829
1136		125721860		125721860		125721860
1137		125721917		125721917		125721917
1138		125721968		125721968		125721968
1139		125722026		125722027		125722026
1140		125722065		125722065		125722065
1141		125722118		125722118		125722118
1142		125722171		125722171		125722171
1143		125722210		125722210		125722210
1144		125722260		125722260		125722260
1145		125722314		125722315		125722314
1146		125722366		125722367		125722366
1147		125722416		125722417		125722416
1148		125722459		125722459		125722459
1149		125722513		125722513		125722513
1150		125722562		125722562		125722562
1151		125722617		125722617		125722617
1152		125722661		125722661		125722661
1153		125722713		125722713		125722713
1154		125722765		125722765		125722765
1155		125722812		125722812		125722812
1156		125722869		125722869		125722869
1157		125722925		125722925		125722925
1158		125722978		125722978		125722978
1159		125723010		125723010		125723010
1160		125723061		125723061		125723061
1161		125723113		125723113		125723113
1162		125723160		125723160		125723160
1163		125723214		125723214		125723214
1164		125723270		125723270		125723270
1165		125723309		125723309		125723309
1166		125723362		125723362		125723362
1167		125723416		125723416		125723416
1168		125723465		125723465		125723465
1169		125723515		125723515		125723515
1170		125723563		125723564		125723563
1171		125723615		125723615		125723615
1172		125723668		125723669		125723668
1173		125723727		125723727		125723727
1174		125723760		125723760		125723760
1175		125723812		125723812		125723812
1176		125723862		125723862		125723862
1177		125723916		125723916		125723916
1178		125723964		125723964		125723964
1179		125724019		125724020		125724019
1180		125724075		125724076		125724075
1181		125724111		125724112		125724111
1182		125724167		125724167		125724167
1183		125724213		125724213		125724213
1184		125724266		125724266		125724266
1185		125724317		125724317		125724317
1186		125724363		125724364		125724363
1187		125724414		125724414		125724414
1188		125724471		125724471		125724471
1189		125724519		125724519		125724519
1190		125724577		125724577		125724577
1191		125724613		125724614		125724613
1192		125724660		125724661		125724660
1193		125724709		125724710		125724709
1194		125724762		125724762		125724762
1195		125724819		125724819		125724819
1196		125724877		125724878		125724877
1197		125724926		125724926		125724926
1198		125724963		125724963		125724963
1199		125725015		125725016		125725015
1200		125725074		125725074		125725074
1201		125725127		125725127		125725127
1202		125725160		125725160		125725160
1203		125725213		125725213		125725213
1204		125725269		125725269		125725269
1205		125725313		125725314		125725313
1206		125725365		125725365		125725365
1207		125725498		125725498		125725498
1208		125725499		125725500		125725499
1209		125725525		125725525		125725525
1210		125725582		125725582		125725582
1211		125725627		125725628		125725627
1212		125725679		125725679		125725679
1213		125725711		125725711		125725711
1214		125725766		125725766		125725766
1215		125725815		125725815		125725815
1216		125725876		125725876		125725876
1217		125725921		125725928		125725921
1218		125725960		125725960		125725960
1219		125726010		125726010		125726010
1220		125726062		125726062		125726062
1221		125726112		125726112		125726112
1222		125726175		125726176		125726175
1223		125726210		125726210		125726210
1224		125726263		125726263		125726263
1225		125726309		125726309		125726309
1226		125726363		125726363		125726363
1227		125726414		125726415		125726414
1228		125726468		125726468		125726468
1229		125726518		125726518		125726518
1230		125726562		125726562		125726562
1231		125726616		125726616		125726616
1232		125726676		125726677		125726676
1233		125726712		125726713		125726712
1234		125726763		125726764		125726763
1235		125726812		125726812		125726812
1236		125726866		125726867		125726866
1237		125726920		125726920		125726920
1238		125726978		125726979		125726978
1239		125727009		125727009		125727009
1240		125727074		125727075		125727074
1241		125727127		125727127		125727127
1242		125727159		125727159		125727159
1243		125727213		125727213		125727213
1244		125727260		125727261		125727260
1245		125727313		125727313		125727313
1246		125727364		125727364		125727364
1247		125727415		125727415		125727415
1248		125727468		125727468		125727468
1249		125727524		125727524		125727524
1250		125727576		125727577		125727576
1251		125727612		125727612		125727612
1252		125727667		125727667		125727667
1253		125727720		125727720		125727720
1254		125727761		125727761		125727761
1255		125727813		125727813		125727813
1256		125727860		125727860		125727860
1257		125727914		125727915		125727914
1258		125727962		125727962		125727962
1259		125728015		125728015		125728015
1260		125728066		125728066		125728066
1261		125728119		125728119		125728119
1262		125728175		125728175		125728175
1263		125728227		125728228		125728227
1264		125728264		125728264		125728264
1265		125728309		125728309		125728309
1266		125728365		125728365		125728365
1267		125728421		125728421		125728421
1268		125728475		125728475		125728475
1269		125728528		125728528		125728528
1270		125728561		125728561		125728561
1271		125728615		125728615		125728615
1272		125728668		125728668		125728668
1273		125728721		125728721		125728721
1274		125728760		125728760		125728760
1275		125728813		125728813		125728813
1276		125728867		125728868		125728867
1277		125728910		125728911		125728910
1278		125728976		125728976		125728976
1279		125729009		125729009		125729009
1280		125729076		125729077		125729076
1281		125729110		125729110		125729110
1282		125729163		125729164		125729163
1283		125729227		125729227		125729227
1284		125729274		125729274		125729274
1285		125729329		125729329		125729329
1286		125729360		125729361		125729360
1287		125729413		125729413		125729413
1288		125729466		125729466		125729466
1289		125729518		125729518		125729518
1290		125729577		125729577		125729577
1291		125729612		125729613		125729612
1292		125729670		125729670		125729670
1293		125729709		125729709		125729709
1294		125729762		125729762		125729762
1295		125729816		125729816		125729816
1296		125729879		125729879		125729879
1297		125729911		125729913		125729911
1298		125729966		125729966		125729966
1299		125730015		125730015		125730015
1300		125730068		125730068		125730068
1301		125730120		125730120		125730120
1302		125730160		125730160		125730160
1303		125730214		125730214		125730214
1304		125730261		125730262		125730261
1305		125730324		125730324		125730324
1306		125730377		125730377		125730377
1307		125730409		125730409		125730409
1308		125730462		125730462		125730462
1309		125730511		125730511		125730511
1310		125730562		125730562		125730562
1311		125730618		125730618		125730618
1312		125730677		125730677		125730677
1313		125730714		125730714		125730714
1314		125730766		125730769		125730766
1315		125730817		125730817		125730817
1316		125730876		125730876		125730876
1317		125730926		125730926		125730926
1318		125730978		125730978		125730978
1319		125731028		125731028		125731028
1320		125731061		125731062		125731061
1321		125731113		125731113		125731113
1322		125731167		125731170		125731167
1323		125731210		125731210		125731210
1324		125731263		125731264		125731263
1325		125731318		125731318		125731318
1326		125731375		125731378		125731375
1327		125731412		125731412		125731412
1328		125731463		125731463		125731463
1329		125731517		125731518		125731517
1330		125731574		125731574		125731574
1331		125731625		125731626		125731625
1332		125731660		125731661		125731660
1333		125731717		125731717		125731717
1334		125731767		125731767		125731767
1335		125731820		125731820		125731820
1336		125731871		125731871		125731871
1337		125731911		125731911		125731911
1338		125731967		125731967		125731967
1339		125732011		125732011		125732011
1340		125732066		125732067		125732066
1341		125732117		125732117		125732117
1342		125732170		125732170		125732170
1343		125732224		125732225		125732224
1344		125732265		125732265		125732265
1345		125732334		125732336		125732334
1346		125732377		125732377		125732377
1347		125732409		125732410		125732409
1348		125732462		125732462		125732462
1349		125732515		125732519		125732515
1350		125732584		125732584		125732584
1351		125732612		125732615		125732612
1352		125732660		125732661		125732660
1353		125732715		125732715		125732715
1354		125732770		125732771		125732770
1355		125732821		125732828		125732821
1356		125732859		125732859		125732859
1357		125732916		125732916		125732916
1358		125732967		125732967		125732967
1359		125733009		125733009		125733009
1360		125733064		125733064		125733064
1361		125733112		125733112		125733112
1362		125733163		125733163		125733163
1363		125733219		125733219		125733219
1364		125733270		125733270		125733270
1365		125733311		125733311		125733311
1366		125733362		125733362		125733362
1367		125733421		125733421		125733421
1368		125733459		125733459		125733459
1369		125733519		125733519		125733519
1370		125733560		125733560		125733560
1371		125733610		125733610		125733610
1372		125733668		125733668		125733668
1373		125733712		125733712		125733712
1374		125733763		125733763		125733763
1375		125733811		125733811		125733811
1376		125733866		125733867		125733866
1377		125733924		125733924		125733924
1378		125733980		125733980		125733980
1379		125734009		125734009		125734009
1380		125734065		125734065		125734065
1381		125734114		125734115		125734114
1382		125734170		125734170		125734170
1383		125734213		125734213		125734213
1384		125734274		125734276		125734274
1385		125734309		125734309		125734309
1386		125734362		125734363		125734362
1387		125734411		125734412		125734411
1388		125734465		125734465		125734465
1389		125734518		125734518		125734518
1390		125734569		125734569		125734569
1391		125734611		125734612		125734611
1392		125734660		125734660		125734660
1393		125734714		125734714		125734714
1394		125734770		125734770		125734770
1395		125734825		125734826		125734825
1396		125734860		125734861		125734860
1397		125734927		125734928		125734927
1398		125734961		125734962		125734961
