1		105746660		105746666		105746660
2		105746728		105746728		105746728
3		105746772		105746773		105746772
4		105746811		105746811		105746811
5		105746859		105746859		105746859
6		105746907		105746908		105746907
7		105746963		105746965		105746963
8		105747009		105747009		105747009
9		105747073		105747074		105747073
10		105747132		105747133		105747132
11		105747179		105747180		105747179
12		105747210		105747210		105747210
13		105747267		105747268		105747267
14		105747326		105747326		105747326
15		105747358		105747358		105747358
16		105747410		105747411		105747410
17		105747473		105747473		105747473
18		105747507		105747508		105747507
19		105747574		105747574		105747574
20		105747606		105747606		105747606
21		105747661		105747661		105747661
22		105747714		105747714		105747714
23		105747759		105747760		105747759
24		105747817		105747818		105747817
25		105747877		105747878		105747877
26		105747910		105747910		105747910
27		105747967		105747967		105747967
28		105748010		105748010		105748010
29		105748066		105748066		105748066
30		105748123		105748124		105748123
31		105748155		105748155		105748155
32		105748208		105748210		105748208
33		105748257		105748258		105748257
34		105748315		105748315		105748315
35		105748356		105748357		105748356
36		105748411		105748412		105748411
37		105748465		105748465		105748465
38		105748508		105748508		105748508
39		105748568		105748568		105748568
40		105748613		105748613		105748613
41		105748680		105748681		105748680
42		105748718		105748719		105748718
43		105748758		105748758		105748758
44		105748811		105748811		105748811
45		105748868		105748869		105748868
46		105748927		105748928		105748927
47		105748957		105748957		105748957
48		105749019		105749019		105749019
49		105749063		105749063		105749063
50		105749108		105749109		105749108
51		105749176		105749176		105749176
52		105749278		105749279		105749278
53		105749279		105749279		105749279
54		105749311		105749311		105749311
55		105749365		105749365		105749365
56		105749493		105749494		105749493
57		105749494		105749494		105749494
58		105749514		105749515		105749514
59		105749574		105749574		105749574
60		105749624		105749625		105749624
61		105749663		105749663		105749663
62		105749723		105749724		105749723
63		105749757		105749757		105749757
64		105749817		105749817		105749817
65		105749876		105749876		105749876
66		105749907		105749907		105749907
67		105749966		105749966		105749966
68		105750010		105750010		105750010
69		105750065		105750066		105750065
70		105750125		105750126		105750125
71		105750161		105750161		105750161
72		105750214		105750214		105750214
73		105750257		105750257		105750257
74		105750319		105750319		105750319
75		105750358		105750358		105750358
76		105750423		105750424		105750423
77		105750461		105750461		105750461
78		105750511		105750512		105750511
79		105750576		105750576		105750576
80		105750608		105750608		105750608
81		105750665		105750665		105750665
82		105750724		105750724		105750724
83		105750759		105750759		105750759
84		105750817		105750817		105750817
85		105750855		105750856		105750855
86		105750914		105750915		105750914
87		105750957		105750957		105750957
88		105751022		105751023		105751022
89		105751059		105751059		105751059
90		105751129		105751130		105751129
91		105751163		105751163		105751163
92		105751208		105751208		105751208
93		105751263		105751263		105751263
94		105751306		105751307		105751306
95		105751368		105751368		105751368
96		105751410		105751410		105751410
97		105751466		105751467		105751466
98		105751511		105751511		105751511
99		105751569		105751569		105751569
100		105751611		105751611		105751611
101		105751669		105751673		105751669
102		105751715		105751715		105751715
103		105751774		105751774		105751774
104		105751808		105751808		105751808
105		105751865		105751865		105751865
106		105751907		105751907		105751907
107		105751968		105751969		105751968
108		105752006		105752006		105752006
109		105752078		105752078		105752078
110		105752112		105752112		105752112
111		105752165		105752165		105752165
112		105752209		105752210		105752209
113		105752269		105752269		105752269
114		105752329		105752329		105752329
115		105752359		105752359		105752359
116		105752419		105752419		105752419
117		105752460		105752460		105752460
118		105752514		105752514		105752514
119		105752566		105752566		105752566
120		105752607		105752608		105752607
121		105752665		105752665		105752665
122		105752707		105752708		105752707
123		105752810		105752811		105752810
124		105752811		105752811		105752811
125		105752866		105752866		105752866
126		105752912		105752912		105752912
127		105752965		105752966		105752965
128		105753018		105753018		105753018
129		105753057		105753057		105753057
130		105753126		105753126		105753126
131		105753156		105753156		105753156
132		105753219		105753219		105753219
133		105753275		105753275		105753275
134		105753306		105753306		105753306
135		105753365		105753365		105753365
136		105753407		105753407		105753407
137		105753463		105753464		105753463
138		105753527		105753527		105753527
139		105753556		105753556		105753556
140		105753611		105753611		105753611
141		105753668		105753675		105753668
142		105753712		105753712		105753712
143		105753769		105753772		105753769
144		105753806		105753806		105753806
145		105753863		105753863		105753863
146		105753911		105753915		105753911
147		105753978		105753978		105753978
148		105754009		105754009		105754009
149		105754059		105754060		105754059
150		105754108		105754108		105754108
151		105754168		105754168		105754168
152		105754207		105754208		105754207
153		105754264		105754264		105754264
154		105754325		105754325		105754325
155		105754360		105754360		105754360
156		105754417		105754417		105754417
157		105754457		105754457		105754457
158		105754519		105754519		105754519
159		105754574		105754575		105754574
160		105754609		105754609		105754609
161		105754669		105754669		105754669
162		105754707		105754708		105754707
163		105754760		105754760		105754760
164		105754809		105754810		105754809
165		105754856		105754856		105754856
166		105754924		105754924		105754924
167		105754959		105754959		105754959
168		105755012		105755012		105755012
169		105755073		105755073		105755073
170		105755111		105755111		105755111
171		105755159		105755160		105755159
172		105755216		105755216		105755216
173		105755275		105755276		105755275
174		105755307		105755308		105755307
175		105755363		105755364		105755363
176		105755408		105755408		105755408
177		105755465		105755465		105755465
178		105755507		105755507		105755507
179		105755566		105755566		105755566
180		105755610		105755610		105755610
181		105755664		105755664		105755664
182		105755719		105755724		105755719
183		105755761		105755761		105755761
184		105755816		105755816		105755816
185		105755859		105755859		105755859
186		105755926		105755926		105755926
187		105755960		105755961		105755960
188		105756023		105756023		105756023
189		105756059		105756060		105756059
190		105756127		105756130		105756127
191		105756176		105756176		105756176
192		105756211		105756211		105756211
193		105756268		105756268		105756268
194		105756312		105756312		105756312
195		105756365		105756365		105756365
196		105756418		105756418		105756418
197		105756457		105756458		105756457
198		105756517		105756517		105756517
199		105756558		105756558		105756558
200		105756624		105756624		105756624
201		105756657		105756657		105756657
202		105756711		105756711		105756711
203		105756764		105756765		105756764
204		105756808		105756808		105756808
205		105756863		105756863		105756863
206		105756917		105756918		105756917
207		105756956		105756956		105756956
208		105757010		105757011		105757010
209		105757065		105757065		105757065
210		105757126		105757126		105757126
211		105757163		105757163		105757163
212		105757224		105757224		105757224
213		105757257		105757257		105757257
214		105757319		105757319		105757319
215		105757358		105757358		105757358
216		105757423		105757423		105757423
217		105757460		105757461		105757460
218		105757518		105757518		105757518
219		105757557		105757557		105757557
220		105757618		105757619		105757618
221		105757659		105757659		105757659
222		105757712		105757712		105757712
223		105757759		105757759		105757759
224		105757817		105757817		105757817
225		105757858		105757860		105757858
226		105757919		105757923		105757919
227		105757956		105757956		105757956
228		105758016		105758016		105758016
229		105758075		105758075		105758075
230		105758107		105758107		105758107
231		105758163		105758164		105758163
232		105758207		105758207		105758207
233		105758265		105758265		105758265
234		105758308		105758308		105758308
235		105758373		105758373		105758373
236		105758411		105758411		105758411
237		105758466		105758466		105758466
238		105758511		105758512		105758511
239		105758569		105758572		105758569
240		105758609		105758609		105758609
241		105758658		105758659		105758658
242		105758719		105758719		105758719
243		105758775		105758776		105758775
244		105758807		105758807		105758807
245		105758866		105758866		105758866
246		105758908		105758908		105758908
247		105758967		105758967		105758967
248		105759009		105759009		105759009
249		105759058		105759058		105759058
250		105759113		105759113		105759113
251		105759173		105759173		105759173
252		105759210		105759210		105759210
253		105759258		105759260		105759258
254		105759329		105759330		105759329
255		105759361		105759362		105759361
256		105759427		105759427		105759427
257		105759457		105759458		105759457
258		105759508		105759508		105759508
259		105759563		105759563		105759563
260		105759608		105759608		105759608
261		105759662		105759662		105759662
262		105759716		105759716		105759716
263		105759763		105759763		105759763
264		105759813		105759813		105759813
265		105759867		105759867		105759867
266		105759927		105759927		105759927
267		105759957		105759957		105759957
268		105800118		105800118		105800118
269		105800118		105800118		105800118
270		105800160		105800160		105800160
271		105800208		105800209		105800208
272		105800262		105800262		105800262
273		105800313		105800314		105800313
274		105800358		105800358		105800358
275		105800419		105800419		105800419
276		105800458		105800458		105800458
277		105800519		105800519		105800519
278		105800559		105800559		105800559
279		105800613		105800613		105800613
280		105800673		105800673		105800673
281		105800710		105800710		105800710
282		105800758		105800759		105800758
283		105800819		105800819		105800819
284		105800858		105800859		105800858
285		105800908		105800908		105800908
286		105800962		105800962		105800962
287		105801019		105801019		105801019
288		105801057		105801057		105801057
289		105801116		105801116		105801116
290		105801157		105801157		105801157
291		105801214		105801214		105801214
292		105801273		105801273		105801273
293		105801312		105801312		105801312
294		105801367		105801367		105801367
295		105801425		105801426		105801425
296		105801457		105801457		105801457
297		105801513		105801514		105801513
298		105801566		105801567		105801566
299		105801609		105801609		105801609
300		105801667		105801667		105801667
301		105801707		105801708		105801707
302		105801768		105801768		105801768
303		105801810		105801810		105801810
304		105801864		105801864		105801864
305		105801919		105801923		105801919
306		105801959		105801959		105801959
307		105802017		105802017		105802017
308		105802058		105802058		105802058
309		105802119		105802119		105802119
310		105802158		105802158		105802158
311		105802225		105802226		105802225
312		105802258		105802258		105802258
313		105802316		105802316		105802316
314		105802359		105802360		105802359
315		105802419		105802419		105802419
316		105802456		105802457		105802456
317		105802512		105802512		105802512
318		105802574		105802574		105802574
319		105802613		105802614		105802613
320		105802675		105802675		105802675
321		105802711		105802711		105802711
322		105802766		105802766		105802766
323		105802823		105802823		105802823
324		105802857		105802857		105802857
325		105802918		105802918		105802918
326		105802976		105802976		105802976
327		105803008		105803008		105803008
328		105803066		105803066		105803066
329		105803108		105803108		105803108
330		105803163		105803164		105803163
331		105803223		105803224		105803223
332		105803258		105803258		105803258
333		105803319		105803323		105803319
334		105803358		105803358		105803358
335		105803411		105803412		105803411
336		105803463		105803463		105803463
337		105803526		105803526		105803526
338		105803556		105803557		105803556
339		105803619		105803619		105803619
340		105803672		105803674		105803672
341		105803711		105803712		105803711
342		105803759		105803760		105803759
343		105803807		105803807		105803807
344		105803861		105803861		105803861
345		105803911		105803911		105803911
346		105803968		105803969		105803968
347		105804011		105804011		105804011
348		105804069		105804069		105804069
349		105804113		105804113		105804113
350		105804174		105804175		105804174
351		105804206		105804206		105804206
352		105804273		105804273		105804273
353		105804307		105804308		105804307
354		105804366		105804367		105804366
355		105804406		105804406		105804406
356		105804462		105804462		105804462
357		105804517		105804518		105804517
358		105804556		105804556		105804556
359		105804612		105804612		105804612
360		105804666		105804666		105804666
361		105804727		105804727		105804727
362		105804758		105804759		105804758
363		105804817		105804817		105804817
364		105804858		105804859		105804858
365		105804918		105804918		105804918
366		105804956		105804958		105804956
367		105805014		105805014		105805014
368		105805079		105805079		105805079
369		105805110		105805110		105805110
370		105805167		105805167		105805167
371		105805207		105805207		105805207
372		105805268		105805269		105805268
373		105805311		105805311		105805311
374		105805369		105805373		105805369
375		105805410		105805411		105805410
376		105805467		105805467		105805467
377		105805526		105805526		105805526
378		105805557		105805558		105805557
379		105805624		105805624		105805624
380		105805660		105805660		105805660
381		105805719		105805719		105805719
382		105805760		105805761		105805760
383		105805817		105805818		105805817
384		105805862		105805862		105805862
385		105805923		105805923		105805923
386		105805959		105805961		105805959
387		105806024		105806024		105806024
388		105806065		105806065		105806065
389		105806217		105806217		105806217
390		105806217		105806217		105806217
391		105806217		105806217		105806217
392		105806451		105806451		105806451
393		105806451		105806451		105806451
394		105806451		105806451		105806451
395		105806452		105806452		105806452
396		105806466		105806466		105806466
397		105806517		105806518		105806517
398		105806559		105806560		105806559
399		105806606		105806606		105806606
400		105806659		105806659		105806659
401		105806717		105806718		105806717
402		105806807		105806807		105806807
403		105806808		105806808		105806808
404		105806859		105806860		105806859
405		105806912		105806913		105806912
406		105806966		105806967		105806966
407		105807024		105807024		105807024
408		105807057		105807057		105807057
409		105807118		105807118		105807118
410		105807158		105807158		105807158
411		105807211		105807211		105807211
412		105807276		105807276		105807276
413		105807311		105807312		105807311
414		105807359		105807359		105807359
415		105807413		105807413		105807413
416		105807468		105807468		105807468
417		105807526		105807526		105807526
418		105807556		105807556		105807556
419		105807618		105807618		105807618
420		105807657		105807657		105807657
421		105807718		105807718		105807718
422		105807760		105807760		105807760
423		105807822		105807822		105807822
424		105807860		105807860		105807860
425		105807906		105807906		105807906
426		105807966		105807967		105807966
427		105808007		105808008		105808007
428		105808063		105808063		105808063
429		105808115		105808116		105808115
430		105808158		105808158		105808158
431		105808217		105808217		105808217
432		105808256		105808256		105808256
433		105808316		105808316		105808316
434		105808359		105808359		105808359
435		105808413		105808413		105808413
436		105808473		105808473		105808473
437		105808507		105808507		105808507
438		105808562		105808563		105808562
439		105808623		105808624		105808623
440		105808663		105808663		105808663
441		105808715		105808715		105808715
442		105808774		105808777		105808774
443		105808812		105808812		105808812
444		105808869		105808869		105808869
445		105808911		105808911		105808911
446		105808975		105808975		105808975
447		105809008		105809010		105809008
448		105809068		105809068		105809068
449		105809106		105809106		105809106
450		105809164		105809165		105809164
451		105809207		105809207		105809207
452		105809265		105809266		105809265
453		105809313		105809314		105809313
454		105809357		105809358		105809357
455		105809428		105809428		105809428
456		105809462		105809462		105809462
457		105809517		105809518		105809517
458		105809559		105809559		105809559
459		105809614		105809614		105809614
460		105809669		105809669		105809669
461		105809728		105809729		105809728
462		105809843		105809844		105809843
463		105809844		105809844		105809844
464		105809867		105809867		105809867
465		105809929		105809929		105809929
466		105809978		105809980		105809978
467		105810018		105810018		105810018
468		105810081		105810081		105810081
469		105810113		105810114		105810113
470		105810157		105810157		105810157
471		105810218		105810223		105810218
472		105810256		105810256		105810256
473		105810314		105810315		105810314
474		105810374		105810374		105810374
475		105810413		105810413		105810413
476		105810466		105810467		105810466
477		105810523		105810523		105810523
478		105810559		105810560		105810559
479		105810612		105810612		105810612
480		105810678		105810679		105810678
481		105810708		105810708		105810708
482		105810766		105810767		105810766
483		105810809		105810809		105810809
484		105810865		105810865		105810865
485		105810928		105810928		105810928
486		105810957		105810958		105810957
487		105811016		105811016		105811016
488		105811059		105811059		105811059
489		105811124		105811125		105811124
490		105811159		105811159		105811159
491		105811216		105811216		105811216
492		105811276		105811276		105811276
493		105811314		105811315		105811314
494		105811362		105811362		105811362
495		105811423		105811423		105811423
496		105811463		105811463		105811463
497		105811509		105811509		105811509
498		105811567		105811567		105811567
499		105811612		105811612		105811612
500		105811672		105811672		105811672
501		105811710		105811711		105811710
502		105811774		105811782		105811774
503		105811815		105811815		105811815
504		105811873		105811874		105811873
505		105811907		105811907		105811907
506		105811976		105811976		105811976
507		105812009		105812009		105812009
508		105812068		105812068		105812068
509		105812108		105812108		105812108
510		105812167		105812167		105812167
511		105812209		105812209		105812209
512		105812269		105812269		105812269
513		105812309		105812309		105812309
514		105812357		105812357		105812357
515		105812425		105812425		105812425
516		105812461		105812462		105812461
517		105812518		105812519		105812518
518		105812559		105812559		105812559
519		105812616		105812617		105812616
520		105812661		105812661		105812661
521		105812717		105812717		105812717
522		105812779		105812779		105812779
523		105812810		105812810		105812810
524		105812876		105812876		105812876
525		105812907		105812907		105812907
526		105812968		105812968		105812968
527		105813013		105813013		105813013
528		105813065		105813066		105813065
529		105813117		105813117		105813117
530		105813157		105813158		105813157
531		105813215		105813216		105813215
532		105813276		105813276		105813276
533		105813313		105813314		105813313
534		105813376		105813376		105813376
535		105813407		105813407		105813407
536		105813468		105813468		105813468
537		105813506		105813507		105813506
538		105813562		105813563		105813562
539		105813617		105813617		105813617
540		105813657		105813657		105813657
541		105813717		105813717		105813717
542		105813758		105813759		105813758
543		105813815		105813815		105813815
544		105813857		105813858		105813857
545		105813915		105813915		105813915
546		105813960		105813960		105813960
547		105814022		105814023		105814022
548		105814061		105814061		105814061
549		105814117		105814117		105814117
550		105814176		105814176		105814176
551		105814207		105814207		105814207
552		105814263		105814264		105814263
553		105814323		105814323		105814323
554		105814356		105814356		105814356
555		105814416		105814416		105814416
556		105814458		105814458		105814458
557		105814516		105814516		105814516
558		105814558		105814558		105814558
559		105814618		105814618		105814618
560		105814662		105814662		105814662
561		105814715		105814716		105814715
562		105814777		105814777		105814777
563		105814806		105814807		105814806
564		105814863		105814863		105814863
565		105814923		105814923		105814923
566		105814958		105814959		105814958
567		105815009		105815009		105815009
568		105815067		105815067		105815067
569		105815109		105815110		105815109
570		105815167		105815167		105815167
571		105815206		105815206		105815206
572		105815266		105815266		105815266
573		105815313		105815314		105815313
574		105815360		105815360		105815360
575		105815415		105815415		105815415
576		105815475		105815475		105815475
577		105815508		105815509		105815508
578		105815567		105815567		105815567
579		105815608		105815608		105815608
580		105815677		105815677		105815677
581		105815708		105815708		105815708
582		105815767		105815768		105815767
583		105815810		105815810		105815810
584		105815868		105815868		105815868
585		105815910		105815910		105815910
586		105815974		105815974		105815974
587		105816009		105816009		105816009
588		105816072		105816072		105816072
589		105816114		105816115		105816114
590		105816161		105816161		105816161
591		105816222		105816222		105816222
592		105816261		105816262		105816261
593		105816324		105816325		105816324
594		105816359		105816363		105816359
595		105816410		105816410		105816410
596		105816474		105816475		105816474
597		105816511		105816511		105816511
598		105816562		105816562		105816562
599		105816619		105816629		105816619
600		105816659		105816659		105816659
601		105816717		105816717		105816717
602		105816758		105816758		105816758
603		105816815		105816815		105816815
604		105816868		105816868		105816868
605		105816908		105816908		105816908
606		105816965		105816966		105816965
607		105817007		105817007		105817007
608		105817068		105817068		105817068
609		105817109		105817109		105817109
610		105817173		105817173		105817173
611		105817225		105817225		105817225
612		105817274		105817274		105817274
613		105817308		105817311		105817308
614		105817374		105817374		105817374
615		105817412		105817413		105817412
616		105817546		105817546		105817546
617		105817546		105817546		105817546
618		105817565		105817565		105817565
619		105817612		105817612		105817612
620		105817669		105817669		105817669
621		105817707		105817707		105817707
622		105817765		105817765		105817765
623		105817818		105817818		105817818
624		105817855		105817855		105817855
625		105817909		105817910		105817909
626		105817960		105817960		105817960
627		105818016		105818016		105818016
628		105818059		105818059		105818059
629		105818107		105818108		105818107
630		105818161		105818161		105818161
631		105818217		105818217		105818217
632		105818275		105818275		105818275
633		105818310		105818311		105818310
634		105818367		105818367		105818367
635		105818408		105818409		105818408
636		105818458		105818458		105818458
637		105818523		105818523		105818523
638		105818556		105818556		105818556
639		105818613		105818614		105818613
640		105818674		105818674		105818674
641		105818708		105818710		105818708
642		105818766		105818766		105818766
643		105818808		105818808		105818808
644		105818865		105818865		105818865
645		105818907		105818907		105818907
646		105818963		105818963		105818963
647		105819018		105819018		105819018
648		105819061		105819061		105819061
649		105819124		105819124		105819124
650		105819157		105819157		105819157
651		105819210		105819210		105819210
652		105819257		105819257		105819257
653		105819314		105819314		105819314
654		105819357		105819357		105819357
655		105819419		105819419		105819419
656		105819461		105819461		105819461
657		105819518		105819519		105819518
658		105819559		105819559		105819559
659		105819616		105819616		105819616
660		105819676		105819676		105819676
661		105819710		105819710		105819710
662		105819768		105819768		105819768
663		105819807		105819808		105819807
664		105819873		105819873		105819873
665		105819910		105819911		105819910
666		105819972		105819972		105819972
667		105820012		105820012		105820012
668		105820057		105820057		105820057
669		105820119		105820127		105820119
670		105820158		105820158		105820158
671		105820217		105820217		105820217
672		105820275		105820275		105820275
673		105820307		105820308		105820307
674		105820368		105820368		105820368
675		105820406		105820406		105820406
676		105820466		105820466		105820466
677		105820509		105820509		105820509
678		105820568		105820568		105820568
679		105820609		105820610		105820609
680		105820658		105820658		105820658
681		105820715		105820716		105820715
682		105820757		105820757		105820757
683		105820817		105820817		105820817
684		105820859		105820859		105820859
685		105820916		105820916		105820916
686		105820960		105820960		105820960
687		105821018		105821018		105821018
688		105821061		105821061		105821061
689		105821126		105821126		105821126
690		105821158		105821158		105821158
691		105821218		105821219		105821218
692		105821257		105821257		105821257
693		105821324		105821325		105821324
694		105821356		105821356		105821356
695		105821416		105821417		105821416
696		105821458		105821458		105821458
697		105821516		105821517		105821516
698		105821559		105821559		105821559
699		105821618		105821619		105821618
700		105821659		105821659		105821659
701		105821718		105821718		105821718
702		105821775		105821776		105821775
703		105821813		105821813		105821813
704		105821873		105821879		105821873
705		105821908		105821908		105821908
706		105821962		105821963		105821962
707		105822015		105822015		105822015
708		105822056		105822056		105822056
709		105822110		105822110		105822110
710		105822169		105822172		105822169
711		105822208		105822208		105822208
712		105822263		105822263		105822263
713		105822319		105822319		105822319
714		105822359		105822359		105822359
715		105822417		105822417		105822417
716		105822477		105822477		105822477
717		105822515		105822517		105822515
718		105822558		105822558		105822558
719		105822622		105822622		105822622
720		105822659		105822659		105822659
721		105822714		105822714		105822714
722		105822774		105822775		105822774
723		105822812		105822812		105822812
724		105822858		105822858		105822858
725		105822913		105822913		105822913
726		105822966		105822967		105822966
727		105823008		105823008		105823008
728		105823065		105823066		105823065
729		105823123		105823123		105823123
730		105823156		105823157		105823156
731		105823208		105823208		105823208
732		105823264		105823264		105823264
733		105823324		105823324		105823324
734		105823356		105823356		105823356
735		105823411		105823411		105823411
736		105823467		105823467		105823467
737		105823507		105823509		105823507
738		105823568		105823568		105823568
739		105823607		105823607		105823607
740		105823661		105823662		105823661
741		105823717		105823717		105823717
742		105823761		105823761		105823761
743		105823818		105823819		105823818
744		105823859		105823859		105823859
745		105823925		105823925		105823925
746		105823958		105823958		105823958
747		105824015		105824015		105824015
748		105824079		105824079		105824079
749		105824109		105824109		105824109
750		105824167		105824168		105824167
751		105824207		105824207		105824207
752		105824272		105824272		105824272
753		105824306		105824306		105824306
754		105824363		105824363		105824363
755		105824422		105824423		105824422
756		105824456		105824457		105824456
757		105824518		105824518		105824518
758		105824556		105824557		105824556
759		105824618		105824619		105824618
760		105824657		105824657		105824657
761		105824711		105824712		105824711
762		105824772		105824772		105824772
763		105824814		105824814		105824814
764		105824873		105824873		105824873
765		105824909		105824910		105824909
766		105824972		105824973		105824972
767		105825013		105825014		105825013
768		105825074		105825074		105825074
769		105825110		105825110		105825110
770		105825177		105825177		105825177
771		105825206		105825206		105825206
772		105825263		105825264		105825263
773		105825315		105825315		105825315
774		105825356		105825357		105825356
775		105825413		105825414		105825413
776		105825456		105825456		105825456
777		105825525		105825525		105825525
778		105825562		105825564		105825562
779		105825612		105825612		105825612
780		105825659		105825659		105825659
781		105825708		105825708		105825708
782		105825761		105825761		105825761
783		105825817		105825817		105825817
784		105825875		105825875		105825875
785		105825907		105825907		105825907
786		105825968		105825968		105825968
787		105826009		105826010		105826009
788		105826068		105826068		105826068
789		105826111		105826111		105826111
790		105826173		105826173		105826173
791		105826211		105826211		105826211
792		105826268		105826268		105826268
793		105826308		105826308		105826308
794		105826368		105826368		105826368
795		105826406		105826406		105826406
796		105826461		105826461		105826461
797		105826516		105826517		105826516
798		105826560		105826560		105826560
799		105826618		105826618		105826618
800		105826662		105826662		105826662
801		105826723		105826723		105826723
802		105826757		105826757		105826757
803		105826817		105826818		105826817
804		105826857		105826857		105826857
805		105826924		105826924		105826924
806		105826957		105826957		105826957
807		105827014		105827014		105827014
808		105827075		105827075		105827075
809		105827106		105827106		105827106
810		105827167		105827173		105827167
811		105827215		105827215		105827215
812		105827268		105827269		105827268
813		105827309		105827309		105827309
814		105827367		105827367		105827367
815		105827407		105827408		105827407
816		105827467		105827467		105827467
817		105827511		105827511		105827511
818		105827558		105827558		105827558
819		105827611		105827611		105827611
820		105827675		105827675		105827675
821		105827707		105827707		105827707
822		105827761		105827762		105827761
823		105827828		105827828		105827828
824		105827859		105827859		105827859
825		105827917		105827917		105827917
826		105827975		105827975		105827975
827		105828009		105828009		105828009
828		105828068		105828069		105828068
829		105828113		105828113		105828113
830		105828169		105828169		105828169
831		105828225		105828225		105828225
832		105828256		105828256		105828256
833		105828313		105828313		105828313
834		105828375		105828376		105828375
835		105828408		105828408		105828408
836		105828475		105828475		105828475
837		105828506		105828506		105828506
838		105828581		105828581		105828581
839		105828613		105828613		105828613
840		105828660		105828661		105828660
841		105828712		105828712		105828712
842		105828769		105828769		105828769
843		105828808		105828808		105828808
844		105828864		105828864		105828864
845		105828919		105828923		105828919
846		105828957		105828957		105828957
847		105829011		105829011		105829011
848		105829068		105829068		105829068
849		105829127		105829127		105829127
850		105829159		105829159		105829159
851		105829218		105829218		105829218
852		105829261		105829261		105829261
853		105829313		105829313		105829313
854		105829374		105829374		105829374
855		105829408		105829409		105829408
856		105829463		105829463		105829463
857		105829522		105829522		105829522
858		105829557		105829558		105829557
859		105829609		105829609		105829609
860		105829675		105829675		105829675
861		105829710		105829711		105829710
862		105829774		105829774		105829774
863		105829808		105829808		105829808
864		105829875		105829875		105829875
865		105829906		105829907		105829906
866		105829963		105829963		105829963
867		105830017		105830017		105830017
868		105830080		105830080		105830080
869		105830209		105830209		105830209
870		105830209		105830209		105830209
871		105830210		105830210		105830210
872		105830267		105830267		105830267
873		105830325		105830325		105830325
874		105830366		105830366		105830366
875		105830419		105830425		105830419
876		105830457		105830458		105830457
877		105830514		105830514		105830514
878		105830557		105830557		105830557
879		105830615		105830616		105830615
880		105830679		105830679		105830679
881		105830707		105830708		105830707
882		105830766		105830766		105830766
883		105830805		105830806		105830805
884		105830864		105830864		105830864
885		105830924		105830924		105830924
886		105830955		105830956		105830955
887		105831011		105831011		105831011
888		105831063		105831065		105831063
889		105831122		105831123		105831122
890		105831160		105831160		105831160
891		105831214		105831215		105831214
892		105831258		105831259		105831258
893		105831316		105831316		105831316
894		105831359		105831359		105831359
895		105831419		105831419		105831419
896		105831459		105831459		105831459
897		105831523		105831524		105831523
898		105831564		105831564		105831564
899		105831611		105831611		105831611
900		105831668		105831668		105831668
901		105831727		105831727		105831727
902		105831759		105831759		105831759
903		105831818		105831818		105831818
904		105831861		105831861		105831861
905		105831913		105831913		105831913
906		105831967		105831967		105831967
907		105832007		105832007		105832007
908		105832068		105832069		105832068
909		105832107		105832107		105832107
910		105832165		105832165		105832165
911		105832209		105832210		105832209
912		105832264		105832264		105832264
913		105832318		105832318		105832318
914		105832358		105832359		105832358
915		105832417		105832417		105832417
916		105832459		105832459		105832459
917		105832514		105832514		105832514
918		105832557		105832558		105832557
919		105832619		105832619		105832619
920		105832661		105832662		105832661
921		105832706		105832706		105832706
922		105832766		105832766		105832766
923		105832809		105832809		105832809
924		105832863		105832863		105832863
925		105832913		105832913		105832913
926		105832976		105832976		105832976
927		105833012		105833013		105833012
928		105833066		105833066		105833066
929		105833127		105833127		105833127
930		105833159		105833159		105833159
931		105833219		105833219		105833219
932		105833261		105833261		105833261
933		105833318		105833318		105833318
934		105833358		105833358		105833358
935		105833417		105833417		105833417
936		105833467		105833479		105833467
937		105833516		105833517		105833516
938		105833590		105833591		105833590
939		105833610		105833610		105833610
940		105833666		105833667		105833666
941		105833728		105833728		105833728
942		105833760		105833760		105833760
943		105833818		105833818		105833818
944		105833857		105833858		105833857
945		105833918		105833919		105833918
946		105833957		105833957		105833957
947		105834007		105834007		105834007
948		105834061		105834061		105834061
949		105834117		105834117		105834117
950		105834178		105834178		105834178
951		105834211		105834211		105834211
952		105834274		105834275		105834274
953		105834310		105834310		105834310
954		105834367		105834367		105834367
955		105834424		105834425		105834424
956		105834457		105834457		105834457
957		105834515		105834515		105834515
958		105834575		105834575		105834575
959		105834611		105834611		105834611
960		105834663		105834663		105834663
961		105834727		105834727		105834727
962		105834758		105834758		105834758
963		105834818		105834819		105834818
964		105834860		105834860		105834860
965		105834912		105834912		105834912
966		105834968		105834968		105834968
967		105835010		105835010		105835010
968		105835063		105835063		105835063
969		105835118		105835118		105835118
970		105835157		105835157		105835157
971		105835217		105835217		105835217
972		105835259		105835259		105835259
973		105835325		105835326		105835325
974		105835358		105835358		105835358
975		105835416		105835416		105835416
976		105835460		105835460		105835460
977		105835512		105835512		105835512
978		105835566		105835567		105835566
979		105835611		105835611		105835611
980		105835662		105835662		105835662
981		105835715		105835715		105835715
982		105835762		105835762		105835762
983		105835818		105835818		105835818
984		105835856		105835857		105835856
985		105835919		105835919		105835919
986		105835959		105835959		105835959
987		105836023		105836025		105836023
988		105836061		105836062		105836061
989		105836125		105836127		105836125
990		105836158		105836158		105836158
991		105836212		105836212		105836212
992		105836267		105836267		105836267
993		105836307		105836307		105836307
994		105836362		105836363		105836362
995		105836423		105836423		105836423
996		105836458		105836458		105836458
997		105836515		105836515		105836515
998		105836559		105836559		105836559
999		105836626		105836626		105836626
1000		105836665		105836669		105836665
1001		105836712		105836712		105836712
1002		105836764		105836764		105836764
1003		105836823		105836824		105836823
1004		105836861		105836861		105836861
1005		105836923		105836923		105836923
1006		105836959		105836959		105836959
1007		105837008		105837008		105837008
1008		105837058		105837058		105837058
1009		105837110		105837110		105837110
1010		105837166		105837166		105837166
1011		105837211		105837211		105837211
1012		105837269		105837269		105837269
1013		105837327		105837327		105837327
1014		105837360		105837360		105837360
1015		105837419		105837419		105837419
1016		105837461		105837462		105837461
1017		105837523		105837523		105837523
1018		105837558		105837558		105837558
1019		105837625		105837625		105837625
1020		105837661		105837662		105837661
1021		105837724		105837724		105837724
1022		105837761		105837761		105837761
1023		105837814		105837814		105837814
1024		105837874		105837874		105837874
1025		105837910		105837911		105837910
1026		105837956		105837956		105837956
1027		105838014		105838014		105838014
1028		105838069		105838069		105838069
1029		105838108		105838108		105838108
1030		105838159		105838161		105838159
1031		105838217		105838217		105838217
1032		105838261		105838261		105838261
1033		105838310		105838311		105838310
1034		105838367		105838367		105838367
1035		105838406		105838406		105838406
1036		105838463		105838463		105838463
1037		105838516		105838517		105838516
1038		105838558		105838558		105838558
1039		105838614		105838614		105838614
1040		105838674		105838674		105838674
1041		105838713		105838713		105838713
1042		105838774		105838775		105838774
1043		105838808		105838808		105838808
1044		105838874		105838874		105838874
1045		105838908		105838908		105838908
1046		105838965		105838965		105838965
1047		105839007		105839007		105839007
1048		105839068		105839068		105839068
1049		105839106		105839106		105839106
1050		105839163		105839163		105839163
1051		105839207		105839207		105839207
1052		105839266		105839266		105839266
1053		105839327		105839327		105839327
1054		105839359		105839359		105839359
1055		105839417		105839417		105839417
1056		105839457		105839457		105839457
1057		105839519		105839519		105839519
1058		105839557		105839558		105839557
1059		105839617		105839618		105839617
1060		105839661		105839661		105839661
1061		105839732		105839732		105839732
1062		105839765		105839765		105839765
1063		105839809		105839809		105839809
1064		105839868		105839868		105839868
1065		105839909		105839911		105839909
1066		105839967		105839968		105839967
1067		105840026		105840026		105840026
1068		105840057		105840057		105840057
1069		105840118		105840119		105840118
1070		105840157		105840157		105840157
1071		105840218		105840218		105840218
1072		105840262		105840262		105840262
1073		105840324		105840324		105840324
1074		105840361		105840361		105840361
1075		105840418		105840418		105840418
1076		105840458		105840460		105840458
1077		105840515		105840515		105840515
1078		105840572		105840573		105840572
1079		105840613		105840613		105840613
1080		105840659		105840659		105840659
1081		105840711		105840711		105840711
1082		105840773		105840773		105840773
1083		105840808		105840811		105840808
1084		105840869		105840869		105840869
1085		105840906		105840906		105840906
1086		105840960		105840961		105840960
1087		105841016		105841017		105841016
1088		105841060		105841060		105841060
1089		105841125		105841125		105841125
1090		105841157		105841158		105841157
1091		105841218		105841218		105841218
1092		105841257		105841257		105841257
1093		105841311		105841312		105841311
1094		105841367		105841367		105841367
1095		105841425		105841425		105841425
1096		105841461		105841461		105841461
1097		105841525		105841525		105841525
1098		105841557		105841557		105841557
1099		105841612		105841615		105841612
1100		105841676		105841676		105841676
1101		105841709		105841709		105841709
1102		105841775		105841775		105841775
1103		105841806		105841806		105841806
1104		105841865		105841865		105841865
1105		105841907		105841907		105841907
1106		105841965		105841966		105841965
1107		105842010		105842010		105842010
1108		105842067		105842067		105842067
1109		105842128		105842128		105842128
1110		105842160		105842160		105842160
1111		105842212		105842212		105842212
1112		105842268		105842268		105842268
1113		105842307		105842308		105842307
1114		105842361		105842361		105842361
1115		105842417		105842417		105842417
1116		105842461		105842461		105842461
1117		105842523		105842524		105842523
1118		105842564		105842564		105842564
1119		105842608		105842608		105842608
1120		105842658		105842658		105842658
1121		105842709		105842709		105842709
1122		105842772		105842773		105842772
1123		105842813		105842813		105842813
1124		105842864		105842864		105842864
1125		105842926		105842926		105842926
1126		105842962		105842962		105842962
1127		105843008		105843008		105843008
1128		105843076		105843076		105843076
1129		105843110		105843110		105843110
1130		105843176		105843176		105843176
1131		105843209		105843210		105843209
1132		105843261		105843261		105843261
1133		105843308		105843309		105843308
1134		105843363		105843363		105843363
1135		105843409		105843410		105843409
1136		105843468		105843469		105843468
1137		105843510		105843510		105843510
1138		105843568		105843568		105843568
1139		105843610		105843610		105843610
1140		105843676		105843676		105843676
1141		105843715		105843715		105843715
1142		105843759		105843759		105843759
1143		105843818		105843818		105843818
1144		105843856		105843856		105843856
1145		105843912		105843913		105843912
1146		105843969		105843969		105843969
1147		105844007		105844007		105844007
1148		105844065		105844065		105844065
1149		105844119		105844124		105844119
1150		105844157		105844157		105844157
1151		105844213		105844214		105844213
1152		105844272		105844273		105844272
1153		105844314		105844314		105844314
1154		105844376		105844376		105844376
1155		105844408		105844412		105844408
1156		105844475		105844475		105844475
1157		105844507		105844507		105844507
1158		105844561		105844561		105844561
1159		105844613		105844615		105844613
1160		105844655		105844656		105844655
1161		105844715		105844716		105844715
1162		105844757		105844758		105844757
1163		105844826		105844827		105844826
1164		105844859		105844859		105844859
1165		105844911		105844911		105844911
1166		105844963		105844963		105844963
1167		105845019		105845019		105845019
1168		105845060		105845061		105845060
1169		105845122		105845122		105845122
1170		105845162		105845162		105845162
1171		105845219		105845219		105845219
1172		105845259		105845259		105845259
1173		105845319		105845322		105845319
1174		105845358		105845358		105845358
1175		105845426		105845426		105845426
1176		105845458		105845459		105845458
1177		105845516		105845516		105845516
1178		105845560		105845560		105845560
1179		105845610		105845611		105845610
1180		105845663		105845663		105845663
1181		105845705		105845706		105845705
1182		105845772		105845773		105845772
1183		105845808		105845808		105845808
1184		105845867		105845867		105845867
1185		105845907		105845907		105845907
1186		105845963		105845966		105845963
1187		105846007		105846007		105846007
1188		105846067		105846067		105846067
1189		105846109		105846111		105846109
1190		105846158		105846158		105846158
1191		105846226		105846226		105846226
1192		105846258		105846258		105846258
1193		105846315		105846315		105846315
1194		105846357		105846357		105846357
1195		105846413		105846413		105846413
1196		105846466		105846466		105846466
1197		105846506		105846507		105846506
1198		105846563		105846563		105846563
1199		105846618		105846618		105846618
1200		105846661		105846661		105846661
1201		105846708		105846708		105846708
1202		105846776		105846776		105846776
1203		105846809		105846810		105846809
1204		105846868		105846868		105846868
1205		105846909		105846909		105846909
1206		105846957		105846958		105846957
1207		105847015		105847015		105847015
1208		105847074		105847074		105847074
1209		105847113		105847113		105847113
1210		105847175		105847175		105847175
1211		105847217		105847217		105847217
1212		105847264		105847264		105847264
1213		105847322		105847322		105847322
1214		105847360		105847360		105847360
1215		105847424		105847424		105847424
1216		105847455		105847456		105847455
1217		105847516		105847516		105847516
1218		105847557		105847557		105847557
1219		105847615		105847616		105847615
1220		105847657		105847657		105847657
1221		105847713		105847713		105847713
1222		105847769		105847769		105847769
1223		105847806		105847806		105847806
1224		105847864		105847864		105847864
1225		105847923		105847923		105847923
1226		105847962		105847962		105847962
1227		105848023		105848023		105848023
1228		105848059		105848059		105848059
1229		105848124		105848124		105848124
1230		105848156		105848156		105848156
1231		105848212		105848213		105848212
1232		105848273		105848273		105848273
1233		105848309		105848310		105848309
1234		105848367		105848367		105848367
1235		105848407		105848407		105848407
1236		105848464		105848464		105848464
1237		105848523		105848524		105848523
1238		105848560		105848560		105848560
1239		105848624		105848624		105848624
1240		105848662		105848662		105848662
1241		105848726		105848726		105848726
1242		105848766		105848766		105848766
1243		105848809		105848809		105848809
1244		105848862		105848862		105848862
1245		105848910		105848910		105848910
1246		105848964		105848964		105848964
1247		105849018		105849018		105849018
1248		105849058		105849058		105849058
1249		105849115		105849115		105849115
1250		105849159		105849159		105849159
1251		105849215		105849215		105849215
1252		105849273		105849274		105849273
1253		105849310		105849310		105849310
1254		105849376		105849376		105849376
1255		105849407		105849408		105849407
1256		105849467		105849467		105849467
1257		105849508		105849509		105849508
1258		105849569		105849569		105849569
1259		105849611		105849611		105849611
1260		105849664		105849664		105849664
1261		105849708		105849708		105849708
1262		105849763		105849763		105849763
1263		105849819		105849825		105849819
1264		105849861		105849861		105849861
1265		105849917		105849917		105849917
1266		105849974		105849974		105849974
1267		105850006		105850006		105850006
1268		105850066		105850066		105850066
1269		105850124		105850124		105850124
1270		105850157		105850157		105850157
1271		105850242		105850242		105850242
1272		105850256		105850256		105850256
1273		105850312		105850312		105850312
1274		105850365		105850365		105850365
1275		105850419		105850427		105850419
1276		105850559		105850559		105850559
1277		105850559		105850560		105850559
1278		105850560		105850560		105850560
1279		105850616		105850616		105850616
1280		105850661		105850661		105850661
1281		105850777		105850777		105850777
1282		105850777		105850777		105850777
1283		105850832		105850832		105850832
1284		105850857		105850858		105850857
1285		105850924		105850924		105850924
1286		105850958		105850959		105850958
1287		105851027		105851027		105851027
1288		105851056		105851056		105851056
1289		105851115		105851116		105851115
1290		105851158		105851158		105851158
1291		105851218		105851218		105851218
1292		105851257		105851257		105851257
1293		105851314		105851314		105851314
1294		105851375		105851376		105851375
1295		105851409		105851409		105851409
1296		105851469		105851469		105851469
1297		105851509		105851509		105851509
1298		105851569		105851569		105851569
1299		105851609		105851609		105851609
1300		105851669		105851669		105851669
1301		105851708		105851708		105851708
1302		105851772		105851772		105851772
1303		105851809		105851810		105851809
1304		105851859		105851859		105851859
1305		105851919		105851919		105851919
1306		105851957		105851957		105851957
1307		105852014		105852014		105852014
1308		105852066		105852067		105852066
1309		105852108		105852108		105852108
1310		105852167		105852167		105852167
1311		105852222		105852222		105852222
1312		105852264		105852265		105852264
1313		105852324		105852326		105852324
1314		105852364		105852364		105852364
1315		105852415		105852415		105852415
1316		105852458		105852458		105852458
1317		105852519		105852519		105852519
1318		105852559		105852560		105852559
1319		105852618		105852628		105852618
1320		105852660		105852660		105852660
1321		105852709		105852710		105852709
1322		105852763		105852764		105852763
1323		105852807		105852807		105852807
1324		105852861		105852862		105852861
1325		105852906		105852906		105852906
1326		105852976		105852977		105852976
1327		105853009		105853009		105853009
1328		105853079		105853079		105853079
1329		105853109		105853109		105853109
1330		105853156		105853159		105853156
1331		105853215		105853215		105853215
1332		105853274		105853275		105853274
1333		105853306		105853306		105853306
1334		105853366		105853367		105853366
1335		105853427		105853427		105853427
1336		105853461		105853461		105853461
1337		105853524		105853524		105853524
1338		105853559		105853562		105853559
1339		105853623		105853623		105853623
1340		105853661		105853661		105853661
1341		105853724		105853725		105853724
1342		105853757		105853757		105853757
1343		105853815		105853815		105853815
1344		105853857		105853858		105853857
1345		105853915		105853915		105853915
1346		105853956		105853956		105853956
1347		105854011		105854011		105854011
1348		105854062		105854062		105854062
1349		105854122		105854122		105854122
1350		105854161		105854161		105854161
1351		105854216		105854216		105854216
1352		105854260		105854260		105854260
1353		105854319		105854319		105854319
1354		105854359		105854359		105854359
1355		105854425		105854425		105854425
1356		105854456		105854456		105854456
1357		105854513		105854513		105854513
1358		105854574		105854574		105854574
1359		105854607		105854607		105854607
1360		105854662		105854663		105854662
1361		105854728		105854728		105854728
1362		105854760		105854761		105854760
1363		105854809		105854810		105854809
1364		105854861		105854862		105854861
1365		105854918		105854918		105854918
1366		105854976		105854976		105854976
1367		105855006		105855006		105855006
1368		105855059		105855059		105855059
1369		105855114		105855114		105855114
1370		105855176		105855180		105855176
1371		105855210		105855210		105855210
1372		105855268		105855268		105855268
1373		105855310		105855310		105855310
1374		105855357		105855357		105855357
1375		105855416		105855416		105855416
1376		105855474		105855474		105855474
1377		105855509		105855509		105855509
1378		105855566		105855566		105855566
1379		105855607		105855607		105855607
1380		105855674		105855674		105855674
1381		105855710		105855710		105855710
1382		105855772		105855773		105855772
1383		105855811		105855811		105855811
1384		105855869		105855869		105855869
1385		105855908		105855909		105855908
1386		105855968		105855968		105855968
1387		105856010		105856010		105856010
1388		105856074		105856075		105856074
1389		105856119		105856119		105856119
1390		105856161		105856161		105856161
1391		105856218		105856218		105856218
1392		105856261		105856262		105856261
1393		105856306		105856307		105856306
1394		105856369		105856369		105856369
1395		105856407		105856407		105856407
1396		105856468		105856468		105856468
1397		105856509		105856509		105856509
1398		105856567		105856569		105856567
1399		105856610		105856611		105856610
1400		105856664		105856665		105856664
1401		105856728		105856728		105856728
1402		105856761		105856761		105856761
1403		105856819		105856819		105856819
1404		105856858		105856858		105856858
1405		105856906		105856907		105856906
1406		105856968		105856968		105856968
1407		105857007		105857007		105857007
1408		105857067		105857067		105857067
1409		105857108		105857110		105857108
1410		105857159		105857160		105857159
1411		105857213		105857214		105857213
1412		105857258		105857258		105857258
1413		105857311		105857311		105857311
1414		105857367		105857367		105857367
1415		105857412		105857412		105857412
1416		105857456		105857457		105857456
1417		105857517		105857517		105857517
1418		105857574		105857575		105857574
1419		105857607		105857607		105857607
1420		105857662		105857662		105857662
1421		105857711		105857711		105857711
1422		105857769		105857769		105857769
1423		105857807		105857807		105857807
1424		105857873		105857873		105857873
1425		105858136		105858136		105858136
1426		105858136		105858136		105858136
1427		105858137		105858137		105858137
1428		105858137		105858137		105858137
1429		105900951		105900951		105900951
1430		105900951		105900951		105900951
1431		105900952		105900952		105900952
1432		105900952		105900952		105900952
1433		105900952		105900952		105900952
1434		105900952		105900953		105900952
1435		105916482		105916482		105916482
1436		105916483		105916483		105916483
1437		105916483		105916483		105916483
1438		105916483		105916483		105916483
1439		105916485		105916485		105916485
1440		105916485		105916485		105916485
1441		105916485		105916489		105916485
1442		105916496		105916496		105916496
1443		105916496		105916496		105916496
1444		105916980		105916981		105916980
1445		105916981		105916981		105916981
1446		105916981		105916981		105916981
1447		105916981		105916981		105916981
1448		105916982		105916982		105916982
1449		105916982		105916982		105916982
1450		105916982		105916982		105916982
1451		105916982		105916982		105916982
1452		105916982		105916982		105916982
1453		105916983		105916983		105916983
1454		105917026		105917026		105917026
1455		105917087		105917087		105917087
1456		105917127		105917128		105917127
1457		105917182		105917182		105917182
1458		105917237		105917238		105917237
1459		105917305		105917305		105917305
1460		105917335		105917335		105917335
1461		105917390		105917391		105917390
1462		105917445		105917445		105917445
1463		105917485		105917486		105917485
1464		105917524		105917524		105917524
1465		105917581		105917581		105917581
1466		105917637		105917637		105917637
1467		105917679		105917679		105917679
1468		105917736		105917736		105917736
1469		105917795		105917795		105917795
1470		105917829		105917829		105917829
1471		105917887		105917887		105917887
1472		105917928		105917931		105917928
1473		105917974		105917974		105917974
1474		105918036		105918036		105918036
1475		105918074		105918074		105918074
1476		105918144		105918144		105918144
1477		105918181		105918181		105918181
1478		105918237		105918237		105918237
1479		105918274		105918274		105918274
1480		105918329		105918329		105918329
1481		105918382		105918382		105918382
1482		105918438		105918438		105918438
1483		105918481		105918481		105918481
1484		105918539		105918539		105918539
1485		105918573		105918574		105918573
1486		105918636		105918636		105918636
1487		105918677		105918677		105918677
1488		105918735		105918736		105918735
1489		105918773		105918773		105918773
1490		105918833		105918834		105918833
1491		105918889		105918889		105918889
1492		105918923		105918924		105918923
1493		105918985		105918985		105918985
1494		105919039		105919039		105919039
1495		105919078		105919079		105919078
1496		105919153		105919154		105919153
1497		105919179		105919179		105919179
1498		105919240		105919240		105919240
1499		105919283		105919284		105919283
1500		105919329		105919329		105919329
1501		105919387		105919387		105919387
1502		105919424		105919424		105919424
1503		105919494		105919494		105919494
1504		105919524		105919528		105919524
1505		105919591		105919591		105919591
1506		105919624		105919624		105919624
1507		105919681		105919681		105919681
1508		105919736		105919737		105919736
1509		105919777		105919778		105919777
1510		105919836		105919837		105919836
1511		105919874		105919879		105919874
1512		105919924		105919924		105919924
1513		105919990		105919991		105919990
1514		105920028		105920029		105920028
1515		105920073		105920073		105920073
1516		105920133		105920134		105920133
1517		105920190		105920190		105920190
1518		105920229		105920229		105920229
1519		105920289		105920289		105920289
1520		105920323		105920323		105920323
1521		105920381		105920381		105920381
1522		105920436		105920436		105920436
1523		105920478		105920479		105920478
1524		105920523		105920523		105920523
1525		105920587		105920587		105920587
1526		105920629		105920629		105920629
1527		105920689		105920689		105920689
1528		105920731		105920732		105920731
1529		105920784		105920784		105920784
1530		105920835		105920835		105920835
