1		110917644		110917646		110917644
2		110917682		110917682		110917682
3		110917714		110917714		110917714
4		110917765		110917765		110917765
5		110917807		110917807		110917807
6		110917856		110917856		110917856
7		110917914		110917918		110917914
8		110917963		110917963		110917963
9		110918018		110918019		110918018
10		110918057		110918062		110918057
11		110918116		110918116		110918116
12		110918155		110918155		110918155
13		110918204		110918204		110918204
14		110918261		110918261		110918261
15		110918303		110918303		110918303
16		110918360		110918361		110918360
17		110918406		110918406		110918406
18		110918461		110918461		110918461
19		110918511		110918511		110918511
20		110918555		110918555		110918555
21		110918606		110918606		110918606
22		110918666		110918666		110918666
23		110918720		110918720		110918720
24		110918756		110918756		110918756
25		110918815		110918816		110918815
26		110918854		110918854		110918854
27		110918915		110918915		110918915
28		110918967		110918967		110918967
29		110919017		110919017		110919017
30		110919062		110919062		110919062
31		110919115		110919115		110919115
32		110919163		110919163		110919163
33		110919213		110919215		110919213
34		110919267		110919267		110919267
35		110919313		110919314		110919313
36		110919364		110919364		110919364
37		110919412		110919413		110919412
38		110919469		110919469		110919469
39		110919518		110919518		110919518
40		110919553		110919553		110919553
41		110919613		110919613		110919613
42		110919692		110919693		110919692
43		110919704		110919704		110919704
44		110919762		110919762		110919762
45		110919823		110919823		110919823
46		110919859		110919859		110919859
47		110919911		110919912		110919911
48		110919964		110919965		110919964
49		110920012		110920012		110920012
50		110920064		110920064		110920064
51		110920113		110920114		110920113
52		110920166		110920166		110920166
53		110920215		110920216		110920215
54		110920267		110920268		110920267
55		110920320		110920320		110920320
56		110920371		110920371		110920371
57		110920403		110920404		110920403
58		110920457		110920457		110920457
59		110920514		110920514		110920514
60		110920564		110920565		110920564
61		110920616		110920616		110920616
62		110920665		110920665		110920665
63		110920718		110920718		110920718
64		110920753		110920754		110920753
65		110920806		110920806		110920806
66		110920853		110920854		110920853
67		110920911		110920911		110920911
68		110920965		110920965		110920965
69		110921014		110921014		110921014
70		110921064		110921064		110921064
71		110921116		110921116		110921116
72		110921171		110921171		110921171
73		110921204		110921204		110921204
74		110921262		110921262		110921262
75		110921314		110921321		110921314
76		110921354		110921354		110921354
77		110921407		110921407		110921407
78		110921457		110921463		110921457
79		110921512		110921512		110921512
80		110921564		110921564		110921564
81		110921612		110921613		110921612
82		110921666		110921666		110921666
83		110921716		110921716		110921716
84		110921766		110921768		110921766
85		110921819		110921819		110921819
86		110921870		110921870		110921870
87		110921918		110921918		110921918
88		110921965		110921965		110921965
89		110922016		110922016		110922016
90		110922066		110922066		110922066
91		110922113		110922114		110922113
92		110922153		110922153		110922153
93		110922207		110922210		110922207
94		110922263		110922264		110922263
95		110922316		110922316		110922316
96		110922354		110922354		110922354
97		110922414		110922415		110922414
98		110922461		110922462		110922461
99		110922569		110922570		110922569
100		110922570		110922570		110922570
101		110922621		110922621		110922621
102		110922661		110922663		110922661
103		110922731		110922731		110922731
104		110922764		110922765		110922764
105		110922806		110922806		110922806
106		110922856		110922856		110922856
107		110922912		110922912		110922912
108		110922964		110922965		110922964
109		110923011		110923011		110923011
110		110923065		110923066		110923065
111		110923115		110923115		110923115
112		110923164		110923165		110923164
113		110923219		110923219		110923219
114		110923256		110923256		110923256
115		110923318		110923318		110923318
116		110923363		110923364		110923363
117		110923412		110923412		110923412
118		110923464		110923465		110923464
119		110923512		110923512		110923512
120		110923565		110923566		110923565
121		110923612		110923612		110923612
122		110923665		110923665		110923665
123		110923716		110923716		110923716
124		110923771		110923771		110923771
125		110923805		110923805		110923805
126		110923866		110923868		110923866
127		110923915		110923915		110923915
128		110923962		110923962		110923962
129		110924017		110924017		110924017
130		110924062		110924062		110924062
131		110924112		110924112		110924112
132		110924164		110924164		110924164
133		110924218		110924218		110924218
134		110924254		110924254		110924254
135		110924312		110924313		110924312
136		110924366		110924366		110924366
137		110924412		110924413		110924412
138		110924466		110924466		110924466
139		110924529		110924529		110924529
140		110924577		110924577		110924577
141		110924604		110924617		110924604
142		110924668		110924668		110924668
143		110924704		110924704		110924704
144		110924766		110924766		110924766
145		110924817		110924817		110924817
146		110924863		110924863		110924863
147		110924913		110924913		110924913
148		110924965		110924965		110924965
149		110925013		110925013		110925013
150		110925064		110925064		110925064
151		110925114		110925114		110925114
152		110925163		110925163		110925163
153		110925213		110925214		110925213
154		110925268		110925268		110925268
155		110925318		110925318		110925318
156		110925366		110925366		110925366
157		110925419		110925419		110925419
158		110925468		110925468		110925468
159		110925519		110925519		110925519
160		110925565		110925566		110925565
161		110925614		110925615		110925614
162		110925665		110925666		110925665
163		110925712		110925712		110925712
164		110925765		110925766		110925765
165		110925818		110925819		110925818
166		110925857		110925857		110925857
167		110925913		110925913		110925913
168		110925963		110925963		110925963
169		110926018		110926018		110926018
170		110926065		110926066		110926065
171		110926120		110926120		110926120
172		110926164		110926165		110926164
173		110926214		110926214		110926214
174		110926266		110926266		110926266
175		110926313		110926313		110926313
176		110926365		110926366		110926365
177		110926412		110926412		110926412
178		110926463		110926465		110926463
179		110926513		110926513		110926513
180		110926563		110926563		110926563
181		110926614		110926615		110926614
182		110926667		110926668		110926667
183		110926715		110926716		110926715
184		110926761		110926761		110926761
185		110926813		110926814		110926813
186		110926878		110926878		110926878
187		110926905		110926906		110926905
188		110926966		110926966		110926966
189		110927014		110927014		110927014
190		110927065		110927066		110927065
191		110927114		110927114		110927114
192		110927163		110927165		110927163
193		110927212		110927213		110927212
194		110927264		110927264		110927264
195		110927314		110927315		110927314
196		110927363		110927363		110927363
197		110927417		110927417		110927417
198		110927463		110927464		110927463
199		110927515		110927515		110927515
200		110927566		110927566		110927566
201		110927617		110927617		110927617
202		110927665		110927665		110927665
203		110927713		110927713		110927713
204		110927766		110927766		110927766
205		110927817		110927817		110927817
206		110927867		110927867		110927867
207		110927913		110927914		110927913
208		110927962		110927962		110927962
209		110928007		110928017		110928007
210		110928063		110928063		110928063
211		110928107		110928115		110928107
212		110928164		110928164		110928164
213		110928217		110928217		110928217
214		110928262		110928262		110928262
215		110928312		110928313		110928312
216		110928367		110928367		110928367
217		110928419		110928419		110928419
218		110928453		110928453		110928453
219		110928511		110928511		110928511
220		110928560		110928561		110928560
221		110928613		110928613		110928613
222		110928667		110928667		110928667
223		110928714		110928715		110928714
224		110928763		110928763		110928763
225		110928815		110928815		110928815
226		110928878		110928878		110928878
227		110928907		110928907		110928907
228		110928963		110928963		110928963
229		110929013		110929014		110929013
230		110929064		110929064		110929064
231		110929114		110929115		110929114
232		110929166		110929166		110929166
233		110929213		110929213		110929213
234		110929266		110929266		110929266
235		110929314		110929314		110929314
236		110929366		110929367		110929366
237		110929418		110929418		110929418
238		110929464		110929465		110929464
239		110929507		110929507		110929507
240		110929562		110929562		110929562
241		110929611		110929612		110929611
242		110929671		110929671		110929671
243		110929722		110929722		110929722
244		110929755		110929756		110929755
245		110929817		110929817		110929817
246		110929854		110929855		110929854
247		110929913		110929913		110929913
248		110929963		110929963		110929963
249		110930013		110930013		110930013
250		110930067		110930068		110930067
251		110930117		110930117		110930117
252		110930164		110930164		110930164
253		110930216		110930217		110930216
254		110930263		110930263		110930263
255		110930318		110930318		110930318
256		110930354		110930354		110930354
257		110930410		110930410		110930410
258		110930462		110930463		110930462
259		110930514		110930514		110930514
260		110930564		110930564		110930564
261		110930614		110930614		110930614
262		110930666		110930666		110930666
263		110930713		110930714		110930713
264		110930765		110930765		110930765
265		110930819		110930819		110930819
266		110930869		110930869		110930869
267		110930922		110930922		110930922
268		110930957		110930957		110930957
269		110931013		110931017		110931013
270		110931064		110931064		110931064
271		110931116		110931121		110931116
272		110931156		110931156		110931156
273		110931213		110931213		110931213
274		110931263		110931264		110931263
275		110931313		110931313		110931313
276		110931362		110931363		110931362
277		110931414		110931414		110931414
278		110931464		110931464		110931464
279		110931514		110931514		110931514
280		110931557		110931557		110931557
281		110931616		110931616		110931616
282		110931665		110931665		110931665
283		110931716		110931716		110931716
284		110931764		110931765		110931764
285		110931817		110931817		110931817
286		110931867		110931867		110931867
287		110931921		110931921		110931921
288		110931954		110931954		110931954
289		110932010		110932011		110932010
290		110932066		110932066		110932066
291		110932114		110932115		110932114
292		110932165		110932166		110932165
293		110932218		110932218		110932218
294		110932265		110932266		110932265
295		110932307		110932307		110932307
296		110932363		110932363		110932363
297		110932414		110932415		110932414
298		110932462		110932462		110932462
299		110932512		110932512		110932512
300		110932563		110932563		110932563
301		110932613		110932613		110932613
302		110932666		110932666		110932666
303		110932715		110932716		110932715
304		110932768		110932768		110932768
305		110932817		110932817		110932817
306		110932856		110932856		110932856
307		110932915		110932916		110932915
308		110932961		110932961		110932961
309		110933007		110933007		110933007
310		110933062		110933062		110933062
311		110933113		110933114		110933113
312		110933165		110933166		110933165
313		110933212		110933212		110933212
314		110933265		110933266		110933265
315		110933311		110933312		110933311
316		110933365		110933365		110933365
317		110933413		110933413		110933413
318		110933464		110933465		110933464
319		110933514		110933514		110933514
320		110933573		110933574		110933573
321		110933616		110933616		110933616
322		110933662		110933662		110933662
323		110933704		110933704		110933704
324		110933762		110933762		110933762
325		110933812		110933812		110933812
326		110933872		110933878		110933872
327		110933910		110933910		110933910
328		110933965		110933965		110933965
329		110934012		110934012		110934012
330		110934067		110934067		110934067
331		110934116		110934116		110934116
332		110934167		110934167		110934167
333		110934216		110934217		110934216
334		110934270		110934270		110934270
335		110934303		110934303		110934303
336		110934366		110934366		110934366
337		110934417		110934417		110934417
338		110934463		110934463		110934463
339		110934516		110934516		110934516
340		110934565		110934565		110934565
341		110934612		110934612		110934612
342		110934667		110934668		110934667
343		110934712		110934713		110934712
344		110934765		110934765		110934765
345		110934814		110934814		110934814
346		110934868		110934869		110934868
347		110934916		110934916		110934916
348		110934963		110934963		110934963
349		110935007		110935015		110935007
350		110935062		110935062		110935062
351		110935107		110935107		110935107
352		110935162		110935163		110935162
353		110935214		110935214		110935214
354		110935264		110935264		110935264
355		110935314		110935314		110935314
356		110935353		110935353		110935353
357		110935418		110935419		110935418
358		110935453		110935453		110935453
359		110935512		110935512		110935512
360		110935561		110935561		110935561
361		110935614		110935614		110935614
362		110935662		110935662		110935662
363		110935714		110935714		110935714
364		110935765		110935765		110935765
365		110935812		110935812		110935812
366		110935862		110935862		110935862
367		110935904		110935905		110935904
368		110935963		110935963		110935963
369		110936013		110936013		110936013
370		110936067		110936067		110936067
371		110936118		110936118		110936118
372		110936157		110936157		110936157
373		110936215		110936215		110936215
374		110936262		110936262		110936262
375		110936307		110936314		110936307
376		110936363		110936363		110936363
377		110936407		110936415		110936407
378		110936461		110936461		110936461
379		110936517		110936517		110936517
380		110936565		110936565		110936565
381		110936617		110936617		110936617
382		110936666		110936667		110936666
383		110936716		110936716		110936716
384		110936753		110936753		110936753
385		110936818		110936819		110936818
386		110936855		110936856		110936855
387		110936914		110936915		110936914
388		110936965		110936965		110936965
389		110937015		110937015		110937015
390		110937062		110937062		110937062
391		110937107		110937107		110937107
392		110937165		110937166		110937165
393		110937217		110937217		110937217
394		110937262		110937263		110937262
395		110937314		110937314		110937314
396		110937365		110937365		110937365
397		110937412		110937412		110937412
398		110937463		110937463		110937463
399		110937511		110937511		110937511
400		110937562		110937562		110937562
401		110937614		110937614		110937614
402		110937667		110937668		110937667
403		110937717		110937717		110937717
404		110937763		110937764		110937763
405		110937816		110937816		110937816
406		110937861		110937862		110937861
407		110937919		110937919		110937919
408		110937954		110937954		110937954
409		110938012		110938012		110938012
410		110938064		110938065		110938064
411		110938116		110938116		110938116
412		110938167		110938167		110938167
413		110938216		110938216		110938216
414		110938255		110938255		110938255
415		110938315		110938315		110938315
416		110938364		110938364		110938364
417		110938415		110938415		110938415
418		110938460		110938460		110938460
419		110938513		110938513		110938513
420		110938567		110938567		110938567
421		110938616		110938616		110938616
422		110938664		110938665		110938664
423		110938713		110938713		110938713
424		110938765		110938765		110938765
425		110938811		110938811		110938811
426		110938868		110938868		110938868
427		110938910		110938910		110938910
428		110938967		110938968		110938967
429		110939015		110939015		110939015
430		110939054		110939054		110939054
431		110939107		110939115		110939107
432		110939164		110939165		110939164
433		110939217		110939217		110939217
434		110939262		110939263		110939262
435		110939312		110939312		110939312
436		110939366		110939366		110939366
437		110939417		110939417		110939417
438		110939467		110939467		110939467
439		110939505		110939505		110939505
440		110939564		110939564		110939564
441		110939612		110939612		110939612
442		110939667		110939667		110939667
443		110939716		110939716		110939716
444		110939767		110939767		110939767
445		110939817		110939817		110939817
446		110939865		110939866		110939865
447		110939917		110939917		110939917
448		110939972		110939972		110939972
449		110940003		110940003		110940003
450		110940055		110940056		110940055
451		110940113		110940114		110940113
452		110940164		110940165		110940164
453		110940213		110940213		110940213
454		110940267		110940267		110940267
455		110940316		110940316		110940316
456		110940353		110940354		110940353
457		110940413		110940413		110940413
458		110940464		110940464		110940464
459		110940516		110940516		110940516
460		110940561		110940561		110940561
461		110940611		110940611		110940611
462		110940663		110940663		110940663
463		110940707		110940710		110940707
464		110940765		110940765		110940765
465		110940813		110940813		110940813
466		110940864		110940864		110940864
467		110940915		110940915		110940915
468		110940968		110940968		110940968
469		110941016		110941016		110941016
470		110941053		110941053		110941053
471		110941104		110941104		110941104
472		110941165		110941165		110941165
473		110941216		110941216		110941216
474		110941263		110941263		110941263
475		110941314		110941314		110941314
476		110941365		110941366		110941365
477		110941411		110941411		110941411
478		110941463		110941464		110941463
479		110941513		110941514		110941513
480		110941563		110941563		110941563
481		110941613		110941613		110941613
482		110941664		110941665		110941664
483		110941715		110941715		110941715
484		110941763		110941766		110941763
485		110941815		110941815		110941815
486		110941857		110941857		110941857
487		110941918		110941918		110941918
488		110941965		110941965		110941965
489		110942016		110942016		110942016
490		110942055		110942055		110942055
491		110942106		110942107		110942106
492		110942157		110942157		110942157
493		110942213		110942213		110942213
494		110942264		110942264		110942264
495		110942312		110942312		110942312
496		110942366		110942366		110942366
497		110942414		110942414		110942414
498		110942463		110942464		110942463
499		110942515		110942515		110942515
500		110942562		110942562		110942562
501		110942614		110942614		110942614
502		110942664		110942664		110942664
503		110942717		110942720		110942717
504		110942761		110942762		110942761
505		110942834		110942835		110942834
506		110942855		110942855		110942855
507		110942963		110942964		110942963
508		110942964		110942964		110942964
509		110943014		110943015		110943014
510		110943068		110943069		110943068
511		110943104		110943105		110943104
512		110943157		110943157		110943157
513		110943212		110943212		110943212
514		110943260		110943260		110943260
515		110943319		110943319		110943319
516		110943363		110943364		110943363
517		110943414		110943414		110943414
518		110943464		110943464		110943464
519		110943511		110943512		110943511
520		110943563		110943563		110943563
521		110943612		110943612		110943612
522		110943665		110943666		110943665
523		110943713		110943714		110943713
524		110943764		110943764		110943764
525		110943814		110943814		110943814
526		110943862		110943862		110943862
527		110943920		110943920		110943920
528		110943956		110943956		110943956
529		110944014		110944014		110944014
530		110944066		110944066		110944066
531		110944104		110944104		110944104
532		110944156		110944156		110944156
533		110944207		110944207		110944207
534		110944264		110944264		110944264
535		110944312		110944312		110944312
536		110944365		110944365		110944365
537		110944415		110944415		110944415
538		110944465		110944465		110944465
539		110944539		110944540		110944539
540		110944554		110944554		110944554
541		110944607		110944608		110944607
542		110944656		110944657		110944656
543		110944707		110944712		110944707
544		110944764		110944764		110944764
545		110944812		110944812		110944812
546		110944864		110944865		110944864
547		110944919		110944919		110944919
548		110944966		110944966		110944966
549		110945019		110945019		110945019
550		110945053		110945053		110945053
551		110945110		110945111		110945110
552		110945157		110945162		110945157
553		110945213		110945215		110945213
554		110945267		110945267		110945267
555		110945316		110945316		110945316
556		110945371		110945371		110945371
557		110945404		110945404		110945404
558		110945461		110945461		110945461
559		110945516		110945516		110945516
560		110945564		110945564		110945564
561		110945617		110945617		110945617
562		110945667		110945667		110945667
563		110945716		110945716		110945716
564		110945765		110945765		110945765
565		110945817		110945817		110945817
566		110945867		110945867		110945867
567		110945914		110945915		110945914
568		110945957		110945957		110945957
569		110946016		110946017		110946016
570		110946067		110946067		110946067
571		110946122		110946123		110946122
572		110946163		110946163		110946163
573		110946210		110946210		110946210
574		110946263		110946263		110946263
575		110946313		110946313		110946313
576		110946364		110946365		110946364
577		110946412		110946412		110946412
578		110946464		110946464		110946464
579		110946513		110946514		110946513
580		110946563		110946565		110946563
581		110946616		110946616		110946616
582		110946663		110946665		110946663
583		110946715		110946715		110946715
584		110946764		110946764		110946764
585		110946815		110946815		110946815
586		110946864		110946864		110946864
587		110946915		110946915		110946915
588		110946965		110946965		110946965
589		110947012		110947012		110947012
590		110947068		110947068		110947068
591		110947121		110947121		110947121
592		110947156		110947156		110947156
593		110947216		110947216		110947216
594		110947266		110947266		110947266
595		110947316		110947316		110947316
596		110947372		110947373		110947372
597		110947404		110947404		110947404
598		110947460		110947460		110947460
599		110947512		110947518		110947512
600		110947562		110947562		110947562
601		110947613		110947613		110947613
602		110947665		110947665		110947665
603		110947714		110947714		110947714
604		110947765		110947765		110947765
605		110947812		110947812		110947812
606		110947865		110947866		110947865
607		110947912		110947912		110947912
608		110947966		110947967		110947966
609		110948016		110948017		110948016
610		110948069		110948070		110948069
611		110948118		110948118		110948118
612		110948152		110948153		110948152
613		110948207		110948207		110948207
614		110948263		110948263		110948263
615		110948315		110948315		110948315
616		110948367		110948367		110948367
617		110948414		110948414		110948414
618		110948465		110948465		110948465
619		110948512		110948512		110948512
620		110948574		110948580		110948574
621		110948613		110948613		110948613
622		110948667		110948667		110948667
623		110948714		110948714		110948714
624		110948765		110948765		110948765
625		110948816		110948817		110948816
626		110948862		110948862		110948862
627		110948904		110948905		110948904
628		110948962		110948962		110948962
629		110949011		110949011		110949011
630		110949063		110949063		110949063
631		110949103		110949103		110949103
632		110949163		110949164		110949163
633		110949212		110949213		110949212
634		110949267		110949267		110949267
635		110949317		110949317		110949317
636		110949355		110949355		110949355
637		110949414		110949414		110949414
638		110949463		110949465		110949463
639		110949516		110949517		110949516
640		110949567		110949567		110949567
641		110949616		110949616		110949616
642		110949663		110949663		110949663
643		110949712		110949712		110949712
644		110949764		110949765		110949764
645		110949811		110949812		110949811
646		110949865		110949865		110949865
647		110949913		110949913		110949913
648		110949964		110949964		110949964
649		110950016		110950016		110950016
650		110950069		110950069		110950069
651		110950118		110950119		110950118
652		110950155		110950155		110950155
653		110950207		110950213		110950207
654		110950263		110950263		110950263
655		110950312		110950319		110950312
656		110950364		110950364		110950364
657		110950413		110950413		110950413
658		110950462		110950462		110950462
659		110950512		110950512		110950512
660		110950564		110950564		110950564
661		110950613		110950614		110950613
662		110950667		110950667		110950667
663		110950717		110950717		110950717
664		110950752		110950753		110950752
665		110950814		110950815		110950814
666		110950863		110950863		110950863
667		110950907		110950914		110950907
668		110950967		110950968		110950967
669		110951018		110951018		110951018
670		110951068		110951068		110951068
671		110951114		110951116		110951114
672		110951166		110951166		110951166
673		110951221		110951221		110951221
674		110951257		110951257		110951257
675		110951312		110951312		110951312
676		110951367		110951367		110951367
677		110951415		110951416		110951415
678		110951468		110951468		110951468
679		110951517		110951517		110951517
680		110951565		110951565		110951565
681		110951616		110951616		110951616
682		110951661		110951661		110951661
683		110951710		110951711		110951710
684		110951762		110951762		110951762
685		110951807		110951807		110951807
686		110951863		110951863		110951863
687		110951913		110951913		110951913
688		110951964		110951964		110951964
689		110952011		110952012		110952011
690		110952065		110952065		110952065
691		110952114		110952114		110952114
692		110952167		110952167		110952167
693		110952217		110952218		110952217
694		110952270		110952271		110952270
695		110952304		110952304		110952304
696		110952363		110952363		110952363
697		110952417		110952417		110952417
698		110952462		110952463		110952462
699		110952514		110952527		110952514
700		110952556		110952556		110952556
701		110952613		110952613		110952613
702		110952664		110952664		110952664
703		110952712		110952713		110952712
704		110952762		110952762		110952762
705		110952815		110952816		110952815
706		110952870		110952870		110952870
707		110952919		110952920		110952919
708		110952955		110952955		110952955
709		110953015		110953016		110953015
710		110953064		110953065		110953064
711		110953120		110953120		110953120
712		110953169		110953170		110953169
713		110953204		110953204		110953204
714		110953256		110953263		110953256
715		110953312		110953313		110953312
716		110953357		110953358		110953357
717		110953413		110953413		110953413
718		110953464		110953466		110953464
719		110953514		110953514		110953514
720		110953561		110953561		110953561
721		110953614		110953614		110953614
722		110953661		110953662		110953661
723		110953713		110953713		110953713
724		110953764		110953764		110953764
725		110953815		110953815		110953815
726		110953865		110953865		110953865
727		110953918		110953918		110953918
728		110953953		110953953		110953953
729		110954006		110954006		110954006
730		110954066		110954066		110954066
731		110954117		110954118		110954117
732		110954153		110954154		110954153
733		110954205		110954206		110954205
734		110954261		110954262		110954261
735		110954314		110954314		110954314
736		110954361		110954362		110954361
737		110954417		110954417		110954417
738		110954466		110954466		110954466
739		110954519		110954519		110954519
740		110954566		110954566		110954566
741		110954611		110954611		110954611
742		110954657		110954663		110954657
743		110954712		110954712		110954712
744		110954764		110954764		110954764
745		110954819		110954821		110954819
746		110954860		110954860		110954860
747		110954914		110954914		110954914
748		110954961		110954961		110954961
749		110955013		110955014		110955013
750		110955063		110955063		110955063
751		110955115		110955115		110955115
752		110955166		110955166		110955166
753		110955202		110955202		110955202
754		110955274		110955277		110955274
755		110955310		110955311		110955310
756		110955367		110955367		110955367
757		110955403		110955404		110955403
758		110955464		110955465		110955464
759		110955514		110955514		110955514
760		110955561		110955561		110955561
761		110955616		110955616		110955616
762		110955663		110955665		110955663
763		110955714		110955714		110955714
764		110955765		110955765		110955765
765		110955818		110955818		110955818
766		110955866		110955866		110955866
767		110955913		110955913		110955913
768		110955963		110955964		110955963
769		110956011		110956011		110956011
770		110956057		110956057		110956057
771		110956117		110956117		110956117
772		110956164		110956164		110956164
773		110956214		110956214		110956214
774		110956268		110956268		110956268
775		110956313		110956314		110956313
776		110956362		110956362		110956362
777		110956417		110956417		110956417
778		110956467		110956467		110956467
779		110956516		110956517		110956516
780		110956566		110956566		110956566
781		110956617		110956617		110956617
782		110956663		110956664		110956663
783		110956712		110956713		110956712
784		110956764		110956764		110956764
785		110956813		110956813		110956813
786		110956865		110956865		110956865
787		110956913		110956913		110956913
788		110956968		110956968		110956968
789		110957016		110957016		110957016
790		110957065		110957065		110957065
791		110957115		110957115		110957115
792		110957166		110957166		110957166
793		110957204		110957204		110957204
794		110957257		110957257		110957257
795		110957310		110957311		110957310
796		110957366		110957366		110957366
797		110957414		110957414		110957414
798		110957464		110957465		110957464
799		110957513		110957513		110957513
800		110957565		110957565		110957565
801		110957612		110957612		110957612
802		110957662		110957662		110957662
803		110957713		110957715		110957713
804		110957763		110957763		110957763
805		110957817		110957817		110957817
806		110957866		110957866		110957866
807		110957903		110957903		110957903
808		110957954		110957954		110957954
809		110958007		110958007		110958007
810		110958062		110958062		110958062
811		110958113		110958114		110958113
812		110958167		110958167		110958167
813		110958217		110958217		110958217
814		110958254		110958254		110958254
815		110958311		110958311		110958311
816		110958361		110958361		110958361
817		110958416		110958416		110958416
818		110958469		110958469		110958469
819		110958517		110958517		110958517
820		110958568		110958568		110958568
821		110958604		110958604		110958604
822		110958655		110958656		110958655
823		110958711		110958714		110958711
824		110958776		110958776		110958776
825		110958805		110958805		110958805
826		110958863		110958864		110958863
827		110958913		110958913		110958913
828		110958966		110958966		110958966
829		110959012		110959012		110959012
830		110959062		110959062		110959062
831		110959115		110959115		110959115
832		110959163		110959163		110959163
833		110959204		110959204		110959204
834		110959262		110959262		110959262
835		110959315		110959315		110959315
836		110959369		110959369		110959369
837		110959405		110959406		110959405
838		110959463		110959464		110959463
839		110959516		110959516		110959516
840		110959565		110959566		110959565
841		110959612		110959612		110959612
842		110959665		110959665		110959665
843		110959714		110959714		110959714
844		110959764		110959765		110959764
845		110959816		110959817		110959816
846		110959862		110959862		110959862
847		110959915		110959915		110959915
848		110959965		110959965		110959965
849		111000137		111000137		111000137
850		111000138		111000138		111000138
851		111000138		111000138		111000138
852		111000154		111000154		111000154
853		111000221		111000221		111000221
854		111000254		111000255		111000254
855		111000312		111000312		111000312
856		111000365		111000366		111000365
857		111000417		111000417		111000417
858		111000454		111000454		111000454
859		111000508		111000512		111000508
860		111000562		111000562		111000562
861		111000615		111000615		111000615
862		111000663		111000663		111000663
863		111000715		111000715		111000715
864		111000764		111000764		111000764
865		111000807		111000807		111000807
866		111000864		111000865		111000864
867		111000916		111000916		111000916
868		111000964		111000967		111000964
869		111001013		111001013		111001013
870		111001066		111001066		111001066
871		111001115		111001116		111001115
872		111001156		111001156		111001156
873		111001216		111001216		111001216
874		111001266		111001266		111001266
875		111001318		111001318		111001318
876		111001366		111001366		111001366
877		111001405		111001417		111001405
878		111001465		111001465		111001465
879		111001513		111001513		111001513
880		111001565		111001566		111001565
881		111001611		111001611		111001611
882		111001664		111001665		111001664
883		111001713		111001713		111001713
884		111001765		111001765		111001765
885		111001814		111001814		111001814
886		111001871		111001872		111001871
887		111001905		111001905		111001905
888		111001962		111001963		111001962
889		111002016		111002016		111002016
890		111002064		111002064		111002064
891		111002112		111002112		111002112
892		111002166		111002167		111002166
893		111002217		111002218		111002217
894		111002269		111002269		111002269
895		111002324		111002324		111002324
896		111002355		111002355		111002355
897		111002413		111002413		111002413
898		111002465		111002466		111002465
899		111002514		111002514		111002514
900		111002561		111002561		111002561
901		111002616		111002617		111002616
902		111002662		111002662		111002662
903		111002711		111002714		111002711
904		111002762		111002763		111002762
905		111002815		111002816		111002815
906		111002865		111002866		111002865
907		111002911		111002912		111002911
908		111002969		111002969		111002969
909		111003015		111003015		111003015
910		111003067		111003067		111003067
911		111003116		111003116		111003116
912		111003170		111003171		111003170
913		111003305		111003305		111003305
914		111003305		111003305		111003305
915		111003335		111003335		111003335
916		111003362		111003362		111003362
917		111003423		111003423		111003423
918		111003455		111003455		111003455
919		111003517		111003517		111003517
920		111003564		111003565		111003564
921		111003615		111003615		111003615
922		111003678		111003679		111003678
923		111003711		111003711		111003711
924		111003766		111003770		111003766
925		111003815		111003815		111003815
926		111003854		111003854		111003854
927		111003918		111003918		111003918
928		111003966		111003968		111003966
929		111004019		111004019		111004019
930		111004057		111004057		111004057
931		111004114		111004114		111004114
932		111004164		111004164		111004164
933		111004218		111004218		111004218
934		111004253		111004253		111004253
935		111004307		111004307		111004307
936		111004364		111004365		111004364
937		111004417		111004418		111004417
938		111004469		111004469		111004469
939		111004505		111004505		111004505
940		111004557		111004557		111004557
941		111004613		111004613		111004613
942		111004664		111004664		111004664
943		111004715		111004716		111004715
944		111004762		111004762		111004762
945		111004816		111004816		111004816
946		111004865		111004865		111004865
947		111004913		111004913		111004913
948		111004967		111004967		111004967
949		111005014		111005014		111005014
950		111005067		111005067		111005067
951		111005112		111005112		111005112
952		111005164		111005164		111005164
953		111005212		111005212		111005212
954		111005270		111005270		111005270
955		111005303		111005304		111005303
956		111005360		111005361		111005360
957		111005417		111005417		111005417
958		111005467		111005468		111005467
959		111005517		111005517		111005517
960		111005567		111005567		111005567
961		111005603		111005603		111005603
962		111005657		111005657		111005657
963		111005712		111005712		111005712
964		111005764		111005764		111005764
965		111005811		111005811		111005811
966		111005857		111005863		111005857
967		111005914		111005914		111005914
968		111005961		111005962		111005961
969		111006014		111006014		111006014
970		111006062		111006063		111006062
971		111006115		111006116		111006115
972		111006171		111006171		111006171
973		111006204		111006205		111006204
974		111006264		111006265		111006264
975		111006317		111006317		111006317
976		111006367		111006367		111006367
977		111006413		111006415		111006413
978		111006465		111006465		111006465
979		111006512		111006513		111006512
980		111006564		111006565		111006564
981		111006614		111006614		111006614
982		111006663		111006664		111006663
983		111006714		111006715		111006714
984		111006761		111006762		111006761
985		111006817		111006817		111006817
986		111006863		111006863		111006863
987		111006915		111006915		111006915
988		111006963		111006963		111006963
989		111007014		111007014		111007014
990		111007065		111007066		111007065
991		111007111		111007111		111007111
992		111007166		111007166		111007166
993		111007213		111007213		111007213
994		111007268		111007268		111007268
995		111007303		111007304		111007303
996		111007357		111007358		111007357
997		111007414		111007414		111007414
998		111007469		111007469		111007469
999		111007518		111007518		111007518
1000		111007567		111007568		111007567
1001		111007604		111007605		111007604
1002		111007654		111007654		111007654
1003		111007706		111007706		111007706
1004		111007766		111007766		111007766
1005		111007813		111007814		111007813
1006		111007864		111007864		111007864
1007		111007914		111007915		111007914
1008		111007962		111007963		111007962
1009		111008014		111008014		111008014
1010		111008064		111008064		111008064
1011		111008114		111008114		111008114
1012		111008162		111008162		111008162
1013		111008216		111008217		111008216
1014		111008265		111008265		111008265
1015		111008318		111008318		111008318
1016		111008364		111008364		111008364
1017		111008418		111008418		111008418
1018		111008467		111008467		111008467
1019		111008517		111008517		111008517
1020		111008553		111008553		111008553
1021		111008610		111008610		111008610
1022		111008662		111008663		111008662
1023		111008714		111008714		111008714
1024		111008762		111008762		111008762
1025		111008814		111008814		111008814
1026		111008863		111008863		111008863
1027		111008917		111008917		111008917
1028		111008963		111008963		111008963
1029		111009018		111009018		111009018
1030		111009067		111009067		111009067
1031		111009119		111009119		111009119
1032		111009170		111009170		111009170
1033		111009207		111009210		111009207
1034		111009264		111009265		111009264
1035		111009323		111009324		111009323
1036		111009355		111009355		111009355
1037		111009415		111009415		111009415
1038		111009468		111009468		111009468
1039		111009517		111009517		111009517
1040		111009567		111009567		111009567
1041		111009620		111009620		111009620
1042		111009660		111009661		111009660
1043		111009711		111009712		111009711
1044		111009764		111009764		111009764
1045		111009815		111009815		111009815
1046		111009865		111009865		111009865
1047		111009913		111009913		111009913
1048		111009968		111009968		111009968
1049		111010014		111010014		111010014
1050		111010066		111010066		111010066
1051		111010114		111010114		111010114
1052		111010163		111010163		111010163
1053		111010215		111010215		111010215
1054		111010264		111010264		111010264
1055		111010318		111010318		111010318
1056		111010368		111010368		111010368
1057		111010405		111010405		111010405
1058		111010457		111010464		111010457
1059		111010507		111010507		111010507
1060		111010566		111010566		111010566
1061		111010610		111010611		111010610
1062		111010663		111010663		111010663
1063		111010715		111010716		111010715
1064		111010763		111010765		111010763
1065		111010813		111010814		111010813
1066		111010862		111010862		111010862
1067		111010914		111010915		111010914
1068		111010961		111010961		111010961
1069		111011016		111011017		111011016
1070		111011063		111011064		111011063
1071		111011116		111011116		111011116
1072		111011167		111011168		111011167
1073		111011204		111011204		111011204
1074		111011256		111011256		111011256
1075		111011312		111011312		111011312
1076		111011369		111011369		111011369
1077		111011404		111011404		111011404
1078		111011461		111011462		111011461
1079		111011514		111011519		111011514
1080		111011554		111011555		111011554
1081		111011607		111011613		111011607
1082		111011663		111011663		111011663
1083		111011715		111011715		111011715
1084		111011762		111011762		111011762
1085		111011813		111011813		111011813
1086		111011863		111011863		111011863
1087		111011913		111011914		111011913
1088		111011966		111011966		111011966
1089		111012022		111012023		111012022
1090		111012054		111012054		111012054
1091		111012114		111012114		111012114
1092		111012163		111012164		111012163
1093		111012212		111012212		111012212
1094		111012263		111012263		111012263
1095		111012316		111012317		111012316
1096		111012355		111012356		111012355
1097		111012407		111012412		111012407
1098		111012469		111012469		111012469
1099		111012504		111012504		111012504
1100		111012564		111012565		111012564
1101		111012614		111012615		111012614
1102		111012667		111012667		111012667
1103		111012714		111012714		111012714
1104		111012768		111012769		111012768
1105		111012820		111012820		111012820
1106		111012855		111012855		111012855
1107		111012911		111012912		111012911
1108		111012962		111012962		111012962
1109		111013015		111013016		111013015
1110		111013064		111013064		111013064
1111		111013117		111013117		111013117
1112		111013165		111013165		111013165
1113		111013219		111013219		111013219
1114		111013269		111013269		111013269
1115		111013307		111013308		111013307
1116		111013366		111013366		111013366
1117		111013415		111013416		111013415
1118		111013461		111013465		111013461
1119		111013517		111013517		111013517
1120		111013564		111013567		111013564
1121		111013612		111013612		111013612
1122		111013673		111013673		111013673
1123		111013704		111013704		111013704
1124		111013762		111013763		111013762
1125		111013810		111013810		111013810
1126		111013863		111013863		111013863
1127		111013913		111013914		111013913
1128		111013953		111013953		111013953
1129		111014012		111014012		111014012
1130		111014064		111014064		111014064
1131		111014113		111014113		111014113
1132		111014167		111014167		111014167
1133		111014213		111014213		111014213
1134		111014261		111014261		111014261
1135		111014313		111014314		111014313
1136		111014365		111014365		111014365
1137		111014403		111014403		111014403
1138		111014456		111014456		111014456
1139		111014515		111014515		111014515
1140		111014562		111014563		111014562
1141		111014607		111014607		111014607
1142		111014665		111014665		111014665
1143		111014715		111014715		111014715
1144		111014768		111014768		111014768
1145		111014816		111014817		111014816
1146		111014870		111014871		111014870
1147		111014905		111014905		111014905
1148		111014962		111014962		111014962
1149		111015020		111015020		111015020
1150		111015061		111015062		111015061
1151		111015114		111015115		111015114
1152		111015166		111015166		111015166
1153		111015204		111015204		111015204
1154		111015262		111015262		111015262
1155		111015322		111015322		111015322
1156		111015361		111015361		111015361
1157		111015407		111015407		111015407
1158		111015464		111015465		111015464
1159		111015513		111015513		111015513
1160		111015563		111015563		111015563
1161		111015614		111015614		111015614
1162		111015657		111015660		111015657
1163		111015712		111015712		111015712
1164		111015762		111015762		111015762
1165		111015813		111015813		111015813
1166		111015864		111015864		111015864
1167		111015912		111015912		111015912
1168		111015963		111015964		111015963
1169		111016014		111016014		111016014
1170		111016064		111016064		111016064
1171		111016115		111016116		111016115
1172		111016153		111016154		111016153
1173		111016207		111016212		111016207
1174		111016265		111016265		111016265
1175		111016317		111016319		111016317
1176		111016369		111016369		111016369
1177		111016403		111016403		111016403
1178		111016460		111016460		111016460
1179		111016515		111016516		111016515
1180		111016563		111016563		111016563
1181		111016611		111016611		111016611
1182		111016663		111016663		111016663
1183		111016710		111016710		111016710
1184		111016763		111016763		111016763
1185		111016812		111016812		111016812
1186		111016864		111016865		111016864
1187		111016913		111016913		111016913
1188		111016963		111016963		111016963
1189		111017015		111017015		111017015
1190		111017062		111017063		111017062
1191		111017115		111017115		111017115
1192		111017162		111017162		111017162
1193		111017214		111017214		111017214
1194		111017264		111017265		111017264
1195		111017315		111017316		111017315
1196		111017365		111017365		111017365
1197		111017421		111017421		111017421
1198		111017454		111017454		111017454
1199		111017512		111017512		111017512
1200		111017565		111017565		111017565
1201		111017614		111017615		111017614
1202		111017656		111017656		111017656
1203		111017716		111017716		111017716
1204		111017761		111017761		111017761
1205		111017813		111017813		111017813
1206		111017863		111017863		111017863
1207		111017915		111017915		111017915
1208		111017962		111017962		111017962
1209		111018023		111018023		111018023
1210		111018068		111018068		111018068
1211		111018104		111018104		111018104
1212		111018164		111018164		111018164
1213		111018212		111018213		111018212
1214		111018265		111018265		111018265
1215		111018312		111018312		111018312
1216		111018366		111018366		111018366
1217		111018417		111018417		111018417
1218		111018464		111018464		111018464
1219		111018516		111018516		111018516
1220		111018562		111018562		111018562
1221		111018603		111018603		111018603
1222		111018670		111018672		111018670
1223		111018703		111018703		111018703
1224		111018756		111018757		111018756
1225		111018813		111018814		111018813
1226		111018865		111018866		111018865
1227		111018913		111018914		111018913
1228		111018967		111018967		111018967
1229		111019016		111019016		111019016
1230		111019069		111019069		111019069
1231		111019124		111019127		111019124
1232		111019155		111019155		111019155
1233		111019215		111019216		111019215
1234		111019265		111019266		111019265
1235		111019317		111019317		111019317
1236		111019363		111019363		111019363
1237		111019422		111019423		111019422
1238		111019454		111019454		111019454
1239		111019507		111019507		111019507
1240		111019563		111019563		111019563
1241		111019615		111019615		111019615
1242		111019666		111019667		111019666
1243		111019714		111019714		111019714
1244		111019767		111019767		111019767
1245		111019816		111019816		111019816
1246		111019866		111019866		111019866
1247		111019919		111019919		111019919
1248		111019972		111019972		111019972
1249		111020003		111020004		111020003
1250		111020062		111020062		111020062
1251		111020112		111020112		111020112
1252		111020163		111020163		111020163
1253		111020215		111020215		111020215
1254		111020264		111020265		111020264
1255		111020313		111020313		111020313
1256		111020367		111020367		111020367
1257		111020421		111020421		111020421
1258		111020457		111020460		111020457
1259		111020516		111020516		111020516
1260		111020565		111020566		111020565
1261		111020608		111020615		111020608
1262		111020667		111020668		111020667
1263		111020715		111020717		111020715
1264		111020769		111020769		111020769
1265		111020818		111020818		111020818
1266		111020868		111020868		111020868
1267		111020905		111020905		111020905
1268		111020963		111020965		111020963
1269		111021015		111021015		111021015
1270		111021054		111021054		111021054
1271		111021115		111021115		111021115
1272		111021157		111021157		111021157
1273		111021213		111021213		111021213
1274		111021262		111021263		111021262
1275		111021315		111021315		111021315
1276		111021362		111021362		111021362
1277		111021418		111021418		111021418
1278		111021454		111021455		111021454
1279		111021514		111021515		111021514
1280		111021565		111021566		111021565
1281		111021620		111021620		111021620
1282		111021663		111021664		111021663
1283		111021729		111021729		111021729
1284		111021765		111021765		111021765
1285		111021813		111021813		111021813
1286		111021863		111021864		111021863
1287		111021944		111021944		111021944
1288		111021954		111021955		111021954
1289		111022007		111022008		111022007
1290		111022063		111022063		111022063
1291		111022110		111022110		111022110
1292		111022163		111022163		111022163
1293		111022208		111022211		111022208
1294		111022263		111022263		111022263
1295		111022307		111022307		111022307
1296		111022365		111022365		111022365
1297		111022424		111022427		111022424
1298		111022456		111022457		111022456
1299		111022513		111022513		111022513
1300		111022565		111022565		111022565
1301		111022617		111022618		111022617
1302		111022669		111022669		111022669
1303		111022718		111022718		111022718
1304		111022767		111022767		111022767
1305		111022818		111022818		111022818
1306		111022863		111022863		111022863
1307		111022913		111022913		111022913
1308		111022964		111022964		111022964
1309		111023013		111023013		111023013
1310		111023065		111023065		111023065
1311		111023113		111023113		111023113
1312		111023166		111023166		111023166
1313		111023213		111023213		111023213
1314		111023264		111023265		111023264
1315		111023314		111023314		111023314
1316		111023366		111023366		111023366
1317		111023431		111023431		111023431
1318		111023473		111023473		111023473
1319		111023530		111023530		111023530
1320		111023637		111023637		111023637
1321		111023637		111023637		111023637
1322		111023656		111023656		111023656
1323		111023713		111023713		111023713
1324		111023754		111023755		111023754
1325		111023815		111023815		111023815
1326		111023854		111023855		111023854
1327		111023912		111023912		111023912
1328		111023954		111023954		111023954
1329		111024013		111024014		111024013
1330		111024067		111024068		111024067
1331		111024118		111024118		111024118
1332		111024167		111024167		111024167
1333		111024217		111024218		111024217
1334		111024263		111024263		111024263
1335		111024313		111024313		111024313
1336		111024366		111024366		111024366
1337		111024414		111024414		111024414
1338		111024454		111024454		111024454
1339		111024511		111024511		111024511
1340		111024605		111024611		111024605
1341		111024620		111024620		111024620
1342		111024657		111024657		111024657
1343		111024723		111024723		111024723
1344		111024756		111024756		111024756
1345		111024817		111024817		111024817
1346		111024863		111024869		111024863
1347		111024917		111024919		111024917
1348		111024965		111024966		111024965
1349		111025004		111025005		111025004
1350		111025063		111025063		111025063
1351		111025113		111025114		111025113
1352		111025166		111025166		111025166
1353		111025213		111025214		111025213
1354		111025262		111025263		111025262
1355		111025314		111025314		111025314
1356		111025363		111025364		111025363
1357		111025420		111025421		111025420
1358		111025456		111025457		111025456
1359		111025516		111025516		111025516
1360		111025563		111025563		111025563
1361		111025604		111025604		111025604
1362		111025662		111025662		111025662
1363		111025713		111025713		111025713
1364		111025767		111025767		111025767
1365		111025816		111025816		111025816
1366		111025867		111025867		111025867
1367		111025915		111025916		111025915
1368		111025953		111025953		111025953
1369		111026013		111026013		111026013
1370		111026065		111026066		111026065
1371		111026120		111026120		111026120
1372		111026157		111026157		111026157
1373		111026216		111026216		111026216
1374		111026263		111026263		111026263
1375		111026310		111026311		111026310
1376		111026365		111026365		111026365
1377		111026414		111026414		111026414
1378		111026453		111026453		111026453
1379		111026506		111026506		111026506
1380		111026565		111026565		111026565
1381		111026615		111026615		111026615
1382		111026662		111026663		111026662
1383		111026713		111026713		111026713
1384		111026757		111026757		111026757
1385		111026813		111026813		111026813
1386		111026863		111026875		111026863
1387		111026906		111026906		111026906
1388		111026962		111026962		111026962
1389		111027013		111027013		111027013
1390		111027067		111027067		111027067
1391		111027105		111027105		111027105
1392		111027165		111027165		111027165
1393		111027213		111027213		111027213
1394		111027264		111027264		111027264
1395		111027315		111027315		111027315
1396		111027363		111027363		111027363
1397		111027414		111027414		111027414
1398		111027454		111027455		111027454
1399		111027508		111027514		111027508
1400		111027566		111027566		111027566
1401		111027619		111027619		111027619
1402		111027668		111027669		111027668
1403		111027704		111027704		111027704
1404		111027757		111027757		111027757
1405		111027812		111027812		111027812
1406		111027857		111027857		111027857
1407		111027912		111027913		111027912
1408		111027964		111027964		111027964
1409		111028013		111028013		111028013
1410		111028061		111028062		111028061
1411		111028114		111028114		111028114
1412		111028162		111028162		111028162
1413		111028214		111028214		111028214
1414		111028264		111028264		111028264
1415		111028312		111028314		111028312
1416		111028365		111028365		111028365
1417		111028419		111028419		111028419
1418		111028470		111028471		111028470
1419		111028505		111028505		111028505
1420		111028564		111028564		111028564
1421		111028614		111028614		111028614
1422		111028666		111028666		111028666
1423		111028714		111028715		111028714
1424		111028762		111028762		111028762
1425		111028814		111028814		111028814
1426		111028863		111028863		111028863
1427		111028914		111028914		111028914
1428		111028965		111028965		111028965
1429		111029017		111029017		111029017
1430		111029065		111029066		111029065
1431		111029111		111029111		111029111
1432		111029164		111029164		111029164
1433		111029214		111029214		111029214
1434		111029263		111029263		111029263
1435		111029314		111029314		111029314
1436		111029362		111029362		111029362
1437		111029414		111029414		111029414
1438		111029470		111029470		111029470
1439		111029505		111029506		111029505
1440		111029562		111029562		111029562
1441		111029617		111029617		111029617
1442		111029664		111029664		111029664
1443		111029710		111029711		111029710
1444		111029767		111029767		111029767
1445		111029813		111029813		111029813
1446		111029865		111029865		111029865
1447		111029913		111029913		111029913
1448		111029967		111029967		111029967
1449		111030016		111030016		111030016
1450		111030056		111030057		111030056
1451		111030113		111030113		111030113
1452		111030164		111030164		111030164
1453		111030215		111030215		111030215
1454		111030267		111030267		111030267
1455		111030318		111030318		111030318
1456		111030368		111030370		111030368
1457		111030404		111030404		111030404
1458		111030464		111030464		111030464
1459		111030505		111030505		111030505
1460		111030566		111030566		111030566
1461		111030616		111030616		111030616
1462		111030667		111030668		111030667
1463		111030704		111030704		111030704
1464		111030757		111030757		111030757
1465		111030812		111030813		111030812
1466		111030864		111030864		111030864
1467		111030913		111030913		111030913
1468		111030963		111030963		111030963
1469		111031017		111031017		111031017
1470		111031066		111031067		111031066
1471		111031102		111031103		111031102
1472		111031168		111031168		111031168
1473		111031219		111031219		111031219
1474		111031264		111031264		111031264
1475		111031314		111031314		111031314
1476		111031364		111031364		111031364
1477		111031413		111031413		111031413
1478		111031464		111031466		111031464
1479		111031516		111031517		111031516
1480		111031569		111031574		111031569
1481		111031608		111031612		111031608
1482		111031666		111031666		111031666
1483		111031717		111031717		111031717
1484		111031765		111031766		111031765
1485		111031817		111031817		111031817
1486		111031864		111031864		111031864
1487		111031913		111031913		111031913
1488		111031964		111031964		111031964
1489		111032013		111032013		111032013
1490		111032057		111032058		111032057
1491		111032113		111032114		111032113
1492		111032164		111032166		111032164
1493		111032214		111032214		111032214
1494		111032267		111032268		111032267
1495		111032313		111032314		111032313
1496		111032363		111032364		111032363
1497		111032418		111032418		111032418
1498		111032470		111032470		111032470
1499		111032510		111032510		111032510
1500		111032568		111032568		111032568
1501		111032615		111032615		111032615
1502		111032665		111032665		111032665
1503		111032713		111032713		111032713
1504		111032765		111032766		111032765
1505		111032812		111032812		111032812
1506		111032873		111032873		111032873
1507		111032912		111032913		111032912
1508		111032962		111032963		111032962
1509		111033015		111033016		111033015
1510		111033068		111033070		111033068
1511		111033103		111033103		111033103
1512		111033163		111033164		111033163
1513		111033208		111033210		111033208
1514		111033262		111033262		111033262
1515		111033312		111033312		111033312
1516		111033365		111033365		111033365
1517		111033415		111033415		111033415
1518		111033454		111033454		111033454
1519		111033520		111033520		111033520
1520		111033556		111033557		111033556
1521		111033614		111033614		111033614
1522		111033665		111033665		111033665
1523		111033715		111033715		111033715
1524		111033762		111033762		111033762
1525		111033821		111033821		111033821
1526		111033853		111033853		111033853
1527		111033906		111033906		111033906
1528		111033967		111033968		111033967
1529		111034013		111034013		111034013
1530		111034063		111034063		111034063
1531		111034113		111034113		111034113
1532		111034165		111034165		111034165
1533		111034214		111034214		111034214
1534		111034267		111034269		111034267
1535		111034333		111034334		111034333
1536		111034356		111034356		111034356
1537		111034414		111034414		111034414
1538		111034464		111034464		111034464
1539		111034518		111034518		111034518
1540		111034567		111034568		111034567
1541		111034606		111034606		111034606
1542		111034653		111034653		111034653
1543		111034707		111034707		111034707
1544		111034757		111034763		111034757
1545		111034812		111034813		111034812
1546		111034864		111034865		111034864
1547		111034915		111034915		111034915
1548		111034964		111034964		111034964
1549		111035014		111035014		111035014
1550		111035062		111035062		111035062
1551		111035115		111035115		111035115
1552		111035164		111035164		111035164
1553		111035216		111035217		111035216
1554		111035265		111035265		111035265
1555		111035311		111035311		111035311
1556		111035364		111035364		111035364
1557		111035413		111035413		111035413
1558		111035465		111035466		111035465
1559		111035524		111035524		111035524
1560		111035555		111035556		111035555
1561		111035614		111035615		111035614
1562		111035669		111035669		111035669
1563		111035719		111035719		111035719
1564		111035771		111035771		111035771
1565		111035821		111035821		111035821
1566		111035861		111035862		111035861
1567		111035913		111035916		111035913
1568		111035964		111035965		111035964
1569		111036015		111036017		111036015
1570		111036069		111036070		111036069
1571		111036127		111036127		111036127
1572		111036165		111036165		111036165
1573		111036213		111036213		111036213
1574		111036260		111036260		111036260
1575		111036315		111036315		111036315
1576		111036361		111036362		111036361
1577		111036414		111036414		111036414
1578		111036466		111036467		111036466
1579		111036518		111036518		111036518
1580		111036571		111036571		111036571
1581		111036604		111036604		111036604
1582		111036665		111036665		111036665
1583		111036713		111036713		111036713
1584		111036765		111036765		111036765
1585		111036811		111036811		111036811
1586		111036858		111036863		111036858
1587		111036913		111036913		111036913
1588		111036963		111036965		111036963
1589		111037015		111037015		111037015
1590		111037062		111037062		111037062
1591		111037114		111037114		111037114
1592		111037163		111037163		111037163
1593		111037217		111037217		111037217
1594		111037262		111037262		111037262
1595		111037306		111037306		111037306
1596		111037363		111037363		111037363
1597		111037415		111037415		111037415
1598		111037464		111037464		111037464
1599		111037512		111037512		111037512
