1		112102793		112102795		112102793
2		112102832		112102832		112102832
3		112102864		112102864		112102864
4		112102909		112102909		112102909
5		112102958		112102958		112102958
6		112103016		112103016		112103016
7		112103058		112103065		112103058
8		112103109		112103109		112103109
9		112103154		112103154		112103154
10		112103215		112103215		112103215
11		112103257		112103257		112103257
12		112103314		112103314		112103314
13		112103359		112103359		112103359
14		112103402		112103402		112103402
15		112103450		112103450		112103450
16		112103518		112103518		112103518
17		112103550		112103550		112103550
18		112103605		112103605		112103605
19		112103658		112103658		112103658
20		112103713		112103713		112103713
21		112103760		112103766		112103760
22		112103800		112103800		112103800
23		112103858		112103858		112103858
24		112103914		112103914		112103914
25		112103966		112103966		112103966
26		112104018		112104018		112104018
27		112104065		112104065		112104065
28		112104117		112104118		112104117
29		112104166		112104166		112104166
30		112104218		112104219		112104218
31		112104264		112104265		112104264
32		112104310		112104313		112104310
33		112104350		112104350		112104350
34		112104416		112104416		112104416
35		112104468		112104468		112104468
36		112104502		112104502		112104502
37		112104557		112104558		112104557
38		112104614		112104616		112104614
39		112104651		112104651		112104651
40		112104704		112104704		112104704
41		112104758		112104759		112104758
42		112104816		112104817		112104816
43		112104852		112104852		112104852
44		112104906		112104908		112104906
45		112104967		112104967		112104967
46		112105008		112105009		112105008
47		112105058		112105059		112105058
48		112105100		112105100		112105100
49		112105153		112105154		112105153
50		112105216		112105216		112105216
51		112105264		112105264		112105264
52		112105303		112105303		112105303
53		112105369		112105369		112105369
54		112105401		112105401		112105401
55		112105465		112105465		112105465
56		112105516		112105517		112105516
57		112105568		112105568		112105568
58		112105604		112105604		112105604
59		112105658		112105658		112105658
60		112105701		112105701		112105701
61		112105756		112105756		112105756
62		112105809		112105810		112105809
63		112105851		112105851		112105851
64		112105915		112105915		112105915
65		112105968		112105968		112105968
66		112106001		112106002		112106001
67		112106058		112106058		112106058
68		112106104		112106105		112106104
69		112106166		112106166		112106166
70		112106203		112106204		112106203
71		112106266		112106266		112106266
72		112106318		112106318		112106318
73		112106353		112106353		112106353
74		112106405		112106405		112106405
75		112106453		112106453		112106453
76		112106502		112106502		112106502
77		112106555		112106555		112106555
78		112106609		112106610		112106609
79		112106659		112106660		112106659
80		112106716		112106717		112106716
81		112106764		112106764		112106764
82		112106819		112106819		112106819
83		112106852		112106852		112106852
84		112106902		112106902		112106902
85		112106953		112106954		112106953
86		112107019		112107019		112107019
87		112107068		112107068		112107068
88		112107115		112107115		112107115
89		112107152		112107152		112107152
90		112107202		112107202		112107202
91		112107257		112107257		112107257
92		112107312		112107313		112107312
93		112107368		112107368		112107368
94		112107401		112107401		112107401
95		112107463		112107464		112107463
96		112107516		112107516		112107516
97		112107565		112107565		112107565
98		112107602		112107602		112107602
99		112107653		112107653		112107653
100		112107706		112107706		112107706
101		112107756		112107756		112107756
102		112107809		112107809		112107809
103		112107866		112107866		112107866
104		112107906		112107907		112107906
105		112107966		112107967		112107966
106		112108018		112108018		112108018
107		112108055		112108055		112108055
108		112108114		112108114		112108114
109		112108163		112108163		112108163
110		112108201		112108201		112108201
111		112108254		112108254		112108254
112		112108305		112108305		112108305
113		112108367		112108367		112108367
114		112108410		112108418		112108410
115		112108469		112108469		112108469
116		112108502		112108502		112108502
117		112108552		112108552		112108552
118		112108602		112108603		112108602
119		112108654		112108654		112108654
120		112108704		112108704		112108704
121		112108755		112108756		112108755
122		112108805		112108806		112108805
123		112108863		112108864		112108863
124		112108903		112108903		112108903
125		112108952		112108952		112108952
126		112109005		112109005		112109005
127		112109057		112109059		112109057
128		112109117		112109117		112109117
129		112109166		112109166		112109166
130		112109201		112109201		112109201
131		112109266		112109266		112109266
132		112109301		112109301		112109301
133		112109356		112109356		112109356
134		112109415		112109415		112109415
135		112109464		112109465		112109464
136		112109516		112109516		112109516
137		112109565		112109565		112109565
138		112109619		112109620		112109619
139		112109673		112109675		112109673
140		112109734		112109735		112109734
141		112109750		112109756		112109750
142		112109805		112109805		112109805
143		112109866		112109866		112109866
144		112109902		112109902		112109902
145		112109955		112109955		112109955
146		112110008		112110008		112110008
147		112110057		112110057		112110057
148		112110115		112110116		112110115
149		112110165		112110165		112110165
150		112110217		112110217		112110217
151		112110265		112110265		112110265
152		112110302		112110302		112110302
153		112110352		112110352		112110352
154		112110407		112110407		112110407
155		112110466		112110466		112110466
156		112110514		112110514		112110514
157		112110552		112110552		112110552
158		112110608		112110608		112110608
159		112110657		112110657		112110657
160		112110701		112110701		112110701
161		112110755		112110756		112110755
162		112110805		112110806		112110805
163		112110864		112110864		112110864
164		112110918		112110918		112110918
165		112110968		112110970		112110968
166		112111001		112111001		112111001
167		112111064		112111065		112111064
168		112111117		112111117		112111117
169		112111151		112111151		112111151
170		112111203		112111204		112111203
171		112111256		112111256		112111256
172		112111309		112111310		112111309
173		112111351		112111352		112111351
174		112111401		112111402		112111401
175		112111453		112111453		112111453
176		112111522		112111522		112111522
177		112111557		112111557		112111557
178		112111609		112111609		112111609
179		112111656		112111657		112111656
180		112111707		112111708		112111707
181		112111765		112111765		112111765
182		112111813		112111817		112111813
183		112111866		112111867		112111866
184		112111904		112111904		112111904
185		112111951		112111951		112111951
186		112112024		112112024		112112024
187		112112052		112112052		112112052
188		112112108		112112108		112112108
189		112112160		112112160		112112160
190		112112215		112112216		112112215
191		112112265		112112265		112112265
192		112112302		112112302		112112302
193		112112359		112112359		112112359
194		112112416		112112416		112112416
195		112112468		112112468		112112468
196		112112503		112112503		112112503
197		112112557		112112558		112112557
198		112112610		112112610		112112610
199		112112651		112112652		112112651
200		112112713		112112713		112112713
201		112112751		112112751		112112751
202		112112801		112112801		112112801
203		112112853		112112853		112112853
204		112112906		112112907		112112906
205		112112969		112112970		112112969
206		112113003		112113003		112113003
207		112113057		112113057		112113057
208		112113107		112113107		112113107
209		112113159		112113159		112113159
210		112113208		112113209		112113208
211		112113266		112113266		112113266
212		112113319		112113319		112113319
213		112113366		112113366		112113366
214		112113414		112113414		112113414
215		112113451		112113451		112113451
216		112113508		112113508		112113508
217		112113557		112113557		112113557
218		112113615		112113615		112113615
219		112113664		112113664		112113664
220		112113717		112113717		112113717
221		112113766		112113766		112113766
222		112113816		112113817		112113816
223		112113867		112113867		112113867
224		112113905		112113905		112113905
225		112113951		112113951		112113951
226		112114020		112114020		112114020
227		112114053		112114053		112114053
228		112114108		112114108		112114108
229		112114157		112114157		112114157
230		112114216		112114216		112114216
231		112114264		112114264		112114264
232		112114316		112114316		112114316
233		112114360		112114363		112114360
234		112114416		112114416		112114416
235		112114465		112114465		112114465
236		112114501		112114501		112114501
237		112114556		112114556		112114556
238		112114606		112114606		112114606
239		112114657		112114658		112114657
240		112114715		112114715		112114715
241		112114767		112114768		112114767
242		112114815		112114815		112114815
243		112114865		112114866		112114865
244		112114917		112114917		112114917
245		112114959		112114959		112114959
246		112115072		112115072		112115072
247		112115117		112115117		112115117
248		112115172		112115172		112115172
249		112115208		112115209		112115208
250		112115265		112115265		112115265
251		112115321		112115321		112115321
252		112115354		112115354		112115354
253		112115413		112115413		112115413
254		112115452		112115452		112115452
255		112115515		112115516		112115515
256		112115553		112115553		112115553
257		112115615		112115615		112115615
258		112115659		112115659		112115659
259		112115714		112115714		112115714
260		112115764		112115764		112115764
261		112115801		112115801		112115801
262		112115865		112115865		112115865
263		112115902		112115902		112115902
264		112115965		112115965		112115965
265		112116000		112116001		112116000
266		112116052		112116052		112116052
267		112116121		112116121		112116121
268		112116153		112116154		112116153
269		112116203		112116203		112116203
270		112116256		112116256		112116256
271		112116306		112116307		112116306
272		112116357		112116358		112116357
273		112116416		112116416		112116416
274		112116464		112116465		112116464
275		112116501		112116501		112116501
276		112116566		112116566		112116566
277		112116618		112116618		112116618
278		112116667		112116667		112116667
279		112116719		112116719		112116719
280		112116750		112116751		112116750
281		112116813		112116813		112116813
282		112116853		112116853		112116853
283		112116910		112116910		112116910
284		112116967		112116967		112116967
285		112117002		112117002		112117002
286		112117058		112117058		112117058
287		112117114		112117114		112117114
288		112117165		112117165		112117165
289		112117201		112117201		112117201
290		112117265		112117265		112117265
291		112117319		112117319		112117319
292		112117352		112117352		112117352
293		112117405		112117405		112117405
294		112117465		112117465		112117465
295		112117517		112117518		112117517
296		112117552		112117552		112117552
297		112117614		112117615		112117614
298		112117653		112117653		112117653
299		112117717		112117717		112117717
300		112117751		112117751		112117751
301		112117805		112117805		112117805
302		112117857		112117857		112117857
303		112117915		112117915		112117915
304		112117973		112117973		112117973
305		112118004		112118005		112118004
306		112118057		112118064		112118057
307		112118119		112118119		112118119
308		112118167		112118167		112118167
309		112118209		112118210		112118209
310		112118253		112118253		112118253
311		112118305		112118305		112118305
312		112118354		112118354		112118354
313		112118405		112118406		112118405
314		112118462		112118463		112118462
315		112118502		112118502		112118502
316		112118563		112118564		112118563
317		112118602		112118602		112118602
318		112118665		112118666		112118665
319		112118719		112118720		112118719
320		112118752		112118752		112118752
321		112118807		112118807		112118807
322		112118857		112118857		112118857
323		112118910		112118910		112118910
324		112118952		112118952		112118952
325		112119008		112119009		112119008
326		112119060		112119060		112119060
327		112119115		112119116		112119115
328		112119165		112119165		112119165
329		112119204		112119204		112119204
330		112119258		112119258		112119258
331		112119305		112119308		112119305
332		112119366		112119366		112119366
333		112119418		112119420		112119418
334		112119468		112119468		112119468
335		112119520		112119520		112119520
336		112119551		112119552		112119551
337		112119602		112119603		112119602
338		112119656		112119656		112119656
339		112119709		112119709		112119709
340		112119758		112119759		112119758
341		112119816		112119816		112119816
342		112119854		112119855		112119854
343		112119909		112119909		112119909
344		112119964		112119964		112119964
345		112120007		112120007		112120007
346		112120053		112120056		112120053
347		112120104		112120105		112120104
348		112120160		112120164		112120160
349		112120209		112120209		112120209
350		112120266		112120266		112120266
351		112120316		112120318		112120316
352		112120351		112120351		112120351
353		112120406		112120406		112120406
354		112120458		112120458		112120458
355		112120504		112120504		112120504
356		112120559		112120559		112120559
357		112120610		112120614		112120610
358		112120663		112120663		112120663
359		112120702		112120702		112120702
360		112120760		112120763		112120760
361		112120814		112120814		112120814
362		112120867		112120867		112120867
363		112120915		112120915		112120915
364		112120950		112120950		112120950
365		112121008		112121008		112121008
366		112121052		112121052		112121052
367		112121102		112121102		112121102
368		112121152		112121152		112121152
369		112121202		112121202		112121202
370		112121254		112121254		112121254
371		112121315		112121315		112121315
372		112121364		112121364		112121364
373		112121403		112121404		112121403
374		112121463		112121463		112121463
375		112121518		112121518		112121518
376		112121551		112121551		112121551
377		112121618		112121618		112121618
378		112121660		112121665		112121660
379		112121714		112121714		112121714
380		112121753		112121753		112121753
381		112121803		112121803		112121803
382		112121855		112121855		112121855
383		112121904		112121904		112121904
384		112121963		112121963		112121963
385		112122001		112122002		112122001
386		112122058		112122058		112122058
387		112122109		112122109		112122109
388		112122164		112122164		112122164
389		112122219		112122219		112122219
390		112122251		112122251		112122251
391		112122319		112122319		112122319
392		112122350		112122351		112122350
393		112122421		112122422		112122421
394		112122453		112122453		112122453
395		112122505		112122505		112122505
396		112122564		112122564		112122564
397		112122616		112122616		112122616
398		112122664		112122664		112122664
399		112122703		112122703		112122703
400		112122753		112122754		112122753
401		112122804		112122804		112122804
402		112122865		112122866		112122865
403		112122917		112122917		112122917
404		112122968		112122968		112122968
405		112123007		112123007		112123007
406		112123052		112123053		112123052
407		112123115		112123115		112123115
408		112123153		112123153		112123153
409		112123204		112123205		112123204
410		112123255		112123255		112123255
411		112123303		112123304		112123303
412		112123358		112123358		112123358
413		112123415		112123416		112123415
414		112123465		112123465		112123465
415		112123505		112123505		112123505
416		112123564		112123564		112123564
417		112123620		112123620		112123620
418		112123652		112123652		112123652
419		112123702		112123702		112123702
420		112123757		112123757		112123757
421		112123810		112123810		112123810
422		112123865		112123865		112123865
423		112123915		112123915		112123915
424		112123952		112123952		112123952
425		112124005		112124005		112124005
426		112124059		112124060		112124059
427		112124102		112124102		112124102
428		112124165		112124165		112124165
429		112124201		112124201		112124201
430		112124252		112124252		112124252
431		112124303		112124303		112124303
432		112124357		112124357		112124357
433		112124418		112124419		112124418
434		112124452		112124452		112124452
435		112124501		112124503		112124501
436		112124560		112124560		112124560
437		112124614		112124615		112124614
438		112124665		112124667		112124665
439		112124701		112124702		112124701
440		112124757		112124758		112124757
441		112124808		112124809		112124808
442		112124860		112124864		112124860
443		112124901		112124901		112124901
444		112124952		112124952		112124952
445		112125020		112125020		112125020
446		112125053		112125053		112125053
447		112125101		112125102		112125101
448		112125153		112125153		112125153
449		112125201		112125202		112125201
450		112125258		112125258		112125258
451		112125310		112125313		112125310
452		112125363		112125363		112125363
453		112125403		112125403		112125403
454		112125459		112125459		112125459
455		112125503		112125503		112125503
456		112125568		112125569		112125568
457		112125601		112125601		112125601
458		112125653		112125653		112125653
459		112125709		112125709		112125709
460		112125759		112125764		112125759
461		112125810		112125810		112125810
462		112125851		112125851		112125851
463		112125901		112125902		112125901
464		112125953		112125953		112125953
465		112126016		112126017		112126016
466		112126056		112126056		112126056
467		112126106		112126107		112126106
468		112126163		112126163		112126163
469		112126217		112126217		112126217
470		112126266		112126266		112126266
471		112126317		112126317		112126317
472		112126367		112126367		112126367
473		112126419		112126420		112126419
474		112126469		112126469		112126469
475		112126502		112126502		112126502
476		112126556		112126556		112126556
477		112126609		112126609		112126609
478		112126652		112126652		112126652
479		112126703		112126703		112126703
480		112126758		112126758		112126758
481		112126815		112126816		112126815
482		112126864		112126865		112126864
483		112126902		112126902		112126902
484		112126962		112126963		112126962
485		112127016		112127017		112127016
486		112127051		112127051		112127051
487		112127105		112127105		112127105
488		112127166		112127166		112127166
489		112127214		112127216		112127214
490		112127251		112127251		112127251
491		112127309		112127310		112127309
492		112127365		112127366		112127365
493		112127401		112127402		112127401
494		112127459		112127459		112127459
495		112127516		112127517		112127516
496		112127564		112127564		112127564
497		112127601		112127601		112127601
498		112127651		112127651		112127651
499		112127702		112127702		112127702
500		112127757		112127757		112127757
501		112127809		112127809		112127809
502		112127867		112127867		112127867
503		112127920		112127920		112127920
504		112127952		112127952		112127952
505		112128007		112128008		112128007
506		112128052		112128052		112128052
507		112128107		112128107		112128107
508		112128158		112128159		112128158
509		112128216		112128216		112128216
510		112128264		112128264		112128264
511		112128302		112128302		112128302
512		112128359		112128360		112128359
513		112128414		112128416		112128414
514		112128465		112128465		112128465
515		112128520		112128520		112128520
516		112128552		112128552		112128552
517		112128602		112128602		112128602
518		112128654		112128654		112128654
519		112128708		112128708		112128708
520		112128758		112128759		112128758
521		112128818		112128818		112128818
522		112128853		112128853		112128853
523		112128902		112128902		112128902
524		112128967		112128968		112128967
525		112129006		112129006		112129006
526		112129065		112129065		112129065
527		112129102		112129102		112129102
528		112129157		112129164		112129157
529		112129214		112129214		112129214
530		112129267		112129267		112129267
531		112129301		112129301		112129301
532		112129352		112129352		112129352
533		112129407		112129408		112129407
534		112129464		112129466		112129464
535		112129503		112129504		112129503
536		112129554		112129554		112129554
537		112129630		112129631		112129630
538		112129658		112129658		112129658
539		112129716		112129716		112129716
540		112129752		112129752		112129752
541		112129809		112129809		112129809
542		112129864		112129864		112129864
543		112129916		112129917		112129916
544		112129952		112129952		112129952
545		112130015		112130016		112130015
546		112130051		112130051		112130051
547		112130108		112130108		112130108
548		112130159		112130159		112130159
549		112130217		112130217		112130217
550		112130264		112130265		112130264
551		112130316		112130316		112130316
552		112130365		112130366		112130365
553		112130417		112130417		112130417
554		112130465		112130466		112130465
555		112130519		112130519		112130519
556		112130568		112130568		112130568
557		112130601		112130601		112130601
558		112130656		112130657		112130656
559		112130717		112130717		112130717
560		112130751		112130751		112130751
561		112130801		112130801		112130801
562		112130855		112130855		112130855
563		112130906		112130906		112130906
564		112130959		112130959		112130959
565		112131018		112131018		112131018
566		112131051		112131051		112131051
567		112131108		112131108		112131108
568		112131150		112131151		112131150
569		112131202		112131202		112131202
570		112131252		112131252		112131252
571		112131306		112131306		112131306
572		112131366		112131366		112131366
573		112131415		112131415		112131415
574		112131451		112131451		112131451
575		112131514		112131514		112131514
576		112131567		112131567		112131567
577		112131600		112131601		112131600
578		112131657		112131658		112131657
579		112131709		112131709		112131709
580		112131764		112131764		112131764
581		112131817		112131817		112131817
582		112131864		112131864		112131864
583		112131917		112131917		112131917
584		112131951		112131951		112131951
585		112132018		112132018		112132018
586		112132051		112132051		112132051
587		112132118		112132118		112132118
588		112132152		112132152		112132152
589		112132202		112132202		112132202
590		112132256		112132256		112132256
591		112132305		112132305		112132305
592		112132357		112132357		112132357
593		112132415		112132415		112132415
594		112132464		112132465		112132464
595		112132502		112132502		112132502
596		112132565		112132565		112132565
597		112132617		112132617		112132617
598		112132652		112132652		112132652
599		112132717		112132717		112132717
600		112132751		112132751		112132751
601		112132803		112132803		112132803
602		112132859		112132859		112132859
603		112132902		112132902		112132902
604		112132964		112132964		112132964
605		112133002		112133002		112133002
606		112133057		112133058		112133057
607		112133101		112133102		112133101
608		112133151		112133151		112133151
609		112133208		112133208		112133208
610		112133260		112133264		112133260
611		112133314		112133314		112133314
612		112133351		112133351		112133351
613		112133405		112133405		112133405
614		112133458		112133466		112133458
615		112133519		112133519		112133519
616		112133552		112133552		112133552
617		112133607		112133607		112133607
618		112133664		112133665		112133664
619		112133701		112133702		112133701
620		112133756		112133757		112133756
621		112133808		112133808		112133808
622		112133863		112133863		112133863
623		112133915		112133915		112133915
624		112133953		112133953		112133953
625		112134003		112134003		112134003
626		112134064		112134064		112134064
627		112134121		112134121		112134121
628		112134152		112134152		112134152
629		112134203		112134203		112134203
630		112134256		112134256		112134256
631		112134314		112134314		112134314
632		112134364		112134365		112134364
633		112134403		112134403		112134403
634		112134459		112134459		112134459
635		112134517		112134517		112134517
636		112134565		112134565		112134565
637		112134616		112134616		112134616
638		112134666		112134666		112134666
639		112134717		112134718		112134717
640		112134752		112134752		112134752
641		112134808		112134808		112134808
642		112134858		112134858		112134858
643		112134914		112134914		112134914
644		112134964		112134964		112134964
645		112135015		112135016		112135015
646		112135053		112135053		112135053
647		112135106		112135107		112135106
648		112135163		112135163		112135163
649		112135204		112135204		112135204
650		112135273		112135273		112135273
651		112135303		112135303		112135303
652		112135420		112135420		112135420
653		112135420		112135420		112135420
654		112135469		112135469		112135469
655		112135516		112135517		112135516
656		112135674		112135674		112135674
657		112135675		112135675		112135675
658		112135675		112135675		112135675
659		112135703		112135703		112135703
660		112135756		112135757		112135756
661		112135804		112135805		112135804
662		112135865		112135866		112135865
663		112135901		112135901		112135901
664		112135952		112135952		112135952
665		112136017		112136017		112136017
666		112136050		112136050		112136050
667		112136135		112136136		112136135
668		112136151		112136151		112136151
669		112136218		112136218		112136218
670		112136252		112136252		112136252
671		112136315		112136315		112136315
672		112136368		112136368		112136368
673		112136402		112136402		112136402
674		112136458		112136458		112136458
675		112136517		112136517		112136517
676		112136564		112136565		112136564
677		112136616		112136616		112136616
678		112136665		112136665		112136665
679		112136718		112136718		112136718
680		112136767		112136767		112136767
681		112136819		112136820		112136819
682		112136851		112136851		112136851
683		112136914		112136914		112136914
684		112136960		112136964		112136960
685		112137013		112137013		112137013
686		112137067		112137067		112137067
687		112137101		112137101		112137101
688		112137160		112137160		112137160
689		112137217		112137218		112137217
690		112137265		112137265		112137265
691		112137302		112137302		112137302
692		112137352		112137352		112137352
693		112137406		112137406		112137406
694		112137460		112137460		112137460
695		112137518		112137520		112137518
696		112137552		112137553		112137552
697		112137601		112137601		112137601
698		112137652		112137653		112137652
699		112137705		112137705		112137705
700		112137756		112137756		112137756
701		112137807		112137808		112137807
702		112137863		112137864		112137863
703		112137917		112137917		112137917
704		112137965		112137965		112137965
705		112138002		112138006		112138002
706		112138053		112138053		112138053
707		112138119		112138119		112138119
708		112138152		112138152		112138152
709		112138206		112138206		112138206
710		112138258		112138258		112138258
711		112138318		112138318		112138318
712		112138365		112138368		112138365
713		112138415		112138415		112138415
714		112138452		112138452		112138452
715		112138507		112138508		112138507
716		112138560		112138563		112138560
717		112138617		112138618		112138617
718		112138665		112138665		112138665
719		112138701		112138701		112138701
720		112138766		112138766		112138766
721		112138802		112138802		112138802
722		112138851		112138851		112138851
723		112138906		112138906		112138906
724		112138956		112138956		112138956
725		112139009		112139009		112139009
726		112139050		112139051		112139050
727		112139103		112139103		112139103
728		112139155		112139155		112139155
729		112139204		112139204		112139204
730		112139258		112139258		112139258
731		112139310		112139314		112139310
732		112139365		112139365		112139365
733		112139417		112139417		112139417
734		112139466		112139466		112139466
735		112139520		112139520		112139520
736		112139553		112139554		112139553
737		112139619		112139619		112139619
738		112139666		112139667		112139666
739		112139718		112139718		112139718
740		112139751		112139752		112139751
741		112139815		112139815		112139815
742		112139852		112139852		112139852
743		112139905		112139905		112139905
744		112139958		112139958		112139958
745		112140009		112140010		112140009
746		112140065		112140066		112140065
747		112140102		112140102		112140102
748		112140156		112140156		112140156
749		112140200		112140200		112140200
750		112140251		112140251		112140251
751		112140305		112140306		112140305
752		112140351		112140352		112140351
753		112140414		112140414		112140414
754		112140452		112140452		112140452
755		112140514		112140514		112140514
756		112140565		112140565		112140565
757		112140602		112140602		112140602
758		112140656		112140657		112140656
759		112140717		112140717		112140717
760		112140764		112140764		112140764
761		112140817		112140817		112140817
762		112140864		112140864		112140864
763		112140917		112140917		112140917
764		112140953		112140953		112140953
765		112141005		112141005		112141005
766		112141067		112141068		112141067
767		112141125		112141125		112141125
768		112141152		112141152		112141152
769		112141214		112141214		112141214
770		112141265		112141265		112141265
771		112141301		112141301		112141301
772		112141354		112141354		112141354
773		112141408		112141408		112141408
774		112141464		112141464		112141464
775		112141518		112141519		112141518
776		112141551		112141551		112141551
777		112141604		112141604		112141604
778		112141666		112141667		112141666
779		112141714		112141715		112141714
780		112141752		112141752		112141752
781		112141814		112141815		112141814
782		112141851		112141852		112141851
783		112141904		112141904		112141904
784		112141955		112141955		112141955
785		112142004		112142004		112142004
786		112142059		112142059		112142059
787		112142115		112142116		112142115
788		112142164		112142165		112142164
789		112142206		112142206		112142206
790		112142264		112142264		112142264
791		112142317		112142317		112142317
792		112142352		112142352		112142352
793		112142409		112142409		112142409
794		112142468		112142468		112142468
795		112142516		112142516		112142516
796		112142553		112142553		112142553
797		112142606		112142606		112142606
798		112142659		112142659		112142659
799		112142702		112142703		112142702
800		112142764		112142764		112142764
801		112142817		112142817		112142817
802		112142862		112142862		112142862
803		112142916		112142916		112142916
804		112142965		112142965		112142965
805		112143015		112143015		112143015
806		112143067		112143067		112143067
807		112143114		112143115		112143114
808		112143152		112143152		112143152
809		112143214		112143214		112143214
810		112143264		112143265		112143264
811		112143302		112143302		112143302
812		112143354		112143354		112143354
813		112143408		112143408		112143408
814		112143465		112143467		112143465
815		112143519		112143519		112143519
816		112143568		112143568		112143568
817		112143606		112143606		112143606
818		112143660		112143662		112143660
819		112143707		112143708		112143707
820		112143768		112143768		112143768
821		112143820		112143820		112143820
822		112143852		112143852		112143852
823		112143923		112143923		112143923
824		112143954		112143954		112143954
825		112144002		112144002		112144002
826		112144060		112144060		112144060
827		112144115		112144115		112144115
828		112144165		112144165		112144165
829		112144217		112144217		112144217
830		112144252		112144252		112144252
831		112144303		112144303		112144303
832		112144360		112144360		112144360
833		112144415		112144415		112144415
834		112144468		112144468		112144468
835		112144517		112144517		112144517
836		112144554		112144555		112144554
837		112144613		112144613		112144613
838		112144664		112144665		112144664
839		112144701		112144701		112144701
840		112144755		112144755		112144755
841		112144807		112144808		112144807
842		112144860		112144860		112144860
843		112144915		112144916		112144915
844		112144951		112144952		112144951
845		112145002		112145003		112145002
846		112145063		112145064		112145063
847		112145115		112145115		112145115
848		112145166		112145166		112145166
849		112145217		112145218		112145217
850		112145253		112145253		112145253
851		112145305		112145308		112145305
852		112145358		112145358		112145358
853		112145414		112145414		112145414
854		112145465		112145465		112145465
855		112145501		112145501		112145501
856		112145563		112145563		112145563
857		112145616		112145616		112145616
858		112145664		112145665		112145664
859		112145705		112145705		112145705
860		112145764		112145764		112145764
861		112145818		112145818		112145818
862		112145852		112145852		112145852
863		112145900		112145900		112145900
864		112145952		112145952		112145952
865		112146002		112146002		112146002
866		112146055		112146055		112146055
867		112146102		112146102		112146102
868		112146151		112146151		112146151
869		112146206		112146206		112146206
870		112146264		112146265		112146264
871		112146317		112146317		112146317
872		112146352		112146352		112146352
873		112146403		112146404		112146403
874		112146465		112146465		112146465
875		112146519		112146520		112146519
876		112146568		112146568		112146568
877		112146616		112146616		112146616
878		112146669		112146669		112146669
879		112146713		112146714		112146713
880		112146760		112146760		112146760
881		112146818		112146819		112146818
882		112146854		112146854		112146854
883		112146908		112146908		112146908
884		112146965		112146965		112146965
885		112147002		112147002		112147002
886		112147051		112147051		112147051
887		112147103		112147103		112147103
888		112147165		112147165		112147165
889		112147214		112147214		112147214
890		112147267		112147268		112147267
891		112147302		112147302		112147302
892		112147353		112147354		112147353
893		112147402		112147402		112147402
894		112147456		112147456		112147456
895		112147508		112147508		112147508
896		112147565		112147565		112147565
897		112147601		112147601		112147601
898		112147664		112147664		112147664
899		112147716		112147716		112147716
900		112147751		112147751		112147751
901		112147803		112147804		112147803
902		112147865		112147866		112147865
903		112147919		112147919		112147919
904		112147968		112147969		112147968
905		112148013		112148014		112148013
906		112148070		112148070		112148070
907		112148101		112148101		112148101
908		112148167		112148167		112148167
909		112148219		112148219		112148219
910		112148254		112148254		112148254
911		112148303		112148303		112148303
912		112148366		112148366		112148366
913		112148401		112148401		112148401
914		112148464		112148464		112148464
915		112148515		112148515		112148515
916		112148550		112148550		112148550
917		112148604		112148604		112148604
918		112148658		112148658		112148658
919		112148716		112148716		112148716
920		112148752		112148752		112148752
921		112148802		112148802		112148802
922		112148856		112148856		112148856
923		112148914		112148915		112148914
924		112148965		112148965		112148965
925		112149016		112149016		112149016
926		112149065		112149065		112149065
927		112149117		112149118		112149117
928		112149166		112149166		112149166
929		112149218		112149218		112149218
930		112149251		112149251		112149251
931		112149321		112149322		112149321
932		112149352		112149352		112149352
933		112149401		112149401		112149401
934		112149453		112149453		112149453
935		112149515		112149515		112149515
936		112149553		112149553		112149553
937		112149607		112149607		112149607
938		112149664		112149664		112149664
939		112149716		112149716		112149716
940		112149764		112149764		112149764
941		112149816		112149817		112149816
942		112149864		112149865		112149864
943		112149914		112149915		112149914
944		112149966		112149966		112149966
945		112150014		112150015		112150014
946		112150052		112150052		112150052
947		112150102		112150102		112150102
948		112150157		112150157		112150157
949		112150213		112150213		112150213
950		112150267		112150267		112150267
951		112150301		112150301		112150301
952		112150353		112150353		112150353
953		112150417		112150418		112150417
954		112150453		112150453		112150453
955		112150508		112150508		112150508
956		112150568		112150568		112150568
957		112150614		112150615		112150614
958		112150666		112150666		112150666
959		112150708		112150709		112150708
960		112150768		112150768		112150768
961		112150818		112150818		112150818
962		112150852		112150852		112150852
963		112150906		112150907		112150906
964		112150958		112150958		112150958
965		112151015		112151015		112151015
966		112151062		112151063		112151062
967		112151116		112151116		112151116
968		112151151		112151151		112151151
969		112151206		112151206		112151206
970		112151263		112151264		112151263
971		112151318		112151318		112151318
972		112151353		112151354		112151353
973		112151407		112151408		112151407
974		112151457		112151457		112151457
975		112151516		112151517		112151516
976		112151552		112151552		112151552
977		112151605		112151605		112151605
978		112151662		112151663		112151662
979		112151715		112151715		112151715
980		112151765		112151766		112151765
981		112151816		112151816		112151816
982		112151865		112151865		112151865
983		112151916		112151917		112151916
984		112151968		112151969		112151968
985		112152016		112152018		112152016
986		112152050		112152050		112152050
987		112152100		112152100		112152100
988		112152154		112152155		112152154
989		112152208		112152208		112152208
990		112152260		112152263		112152260
991		112152315		112152315		112152315
992		112152365		112152365		112152365
993		112152402		112152402		112152402
994		112152452		112152452		112152452
995		112152509		112152509		112152509
996		112152565		112152566		112152565
997		112152603		112152603		112152603
998		112152664		112152664		112152664
999		112152713		112152714		112152713
1000		112152766		112152766		112152766
1001		112152809		112152810		112152809
1002		112152868		112152868		112152868
1003		112152902		112152903		112152902
1004		112152954		112152954		112152954
1005		112153003		112153003		112153003
1006		112153051		112153051		112153051
1007		112153106		112153107		112153106
1008		112153166		112153167		112153166
1009		112153211		112153211		112153211
1010		112153266		112153266		112153266
1011		112153302		112153302		112153302
1012		112153367		112153367		112153367
1013		112153416		112153416		112153416
1014		112153466		112153466		112153466
1015		112153510		112153510		112153510
1016		112153552		112153552		112153552
1017		112153608		112153609		112153608
1018		112153659		112153659		112153659
1019		112153701		112153701		112153701
1020		112153764		112153765		112153764
1021		112153802		112153802		112153802
1022		112153858		112153858		112153858
1023		112153907		112153908		112153907
1024		112153964		112153965		112153964
1025		112154002		112154002		112154002
1026		112154065		112154066		112154065
1027		112154114		112154115		112154114
1028		112154152		112154152		112154152
1029		112154210		112154210		112154210
1030		112154266		112154266		112154266
1031		112154303		112154303		112154303
1032		112154366		112154367		112154366
1033		112154402		112154402		112154402
1034		112154457		112154457		112154457
1035		112154508		112154508		112154508
1036		112154566		112154566		112154566
1037		112154603		112154603		112154603
1038		112154663		112154663		112154663
1039		112154714		112154714		112154714
1040		112154768		112154768		112154768
1041		112154805		112154805		112154805
1042		112154852		112154852		112154852
1043		112154907		112154907		112154907
1044		112154959		112154960		112154959
1045		112155015		112155015		112155015
1046		112155052		112155053		112155052
1047		112155107		112155107		112155107
1048		112155163		112155163		112155163
1049		112155215		112155215		112155215
1050		112155265		112155266		112155265
1051		112155301		112155301		112155301
1052		112155358		112155359		112155358
1053		112155414		112155414		112155414
1054		112155466		112155466		112155466
1055		112155517		112155517		112155517
1056		112155551		112155553		112155551
1057		112155610		112155610		112155610
1058		112155660		112155660		112155660
1059		112155702		112155702		112155702
1060		112155757		112155757		112155757
1061		112155808		112155809		112155808
1062		112155857		112155857		112155857
1063		112155907		112155907		112155907
1064		112156117		112156118		112156117
1065		112156118		112156118		112156118
1066		112156118		112156118		112156118
1067		112156118		112156118		112156118
1068		112156154		112156154		112156154
1069		112156208		112156208		112156208
1070		112156255		112156255		112156255
1071		112156318		112156318		112156318
1072		112156351		112156352		112156351
1073		112156402		112156402		112156402
1074		112156454		112156454		112156454
1075		112156516		112156516		112156516
1076		112156553		112156553		112156553
1077		112156604		112156604		112156604
1078		112156654		112156654		112156654
1079		112156709		112156709		112156709
1080		112156764		112156764		112156764
1081		112156802		112156803		112156802
1082		112156855		112156855		112156855
1083		112156908		112156908		112156908
1084		112156967		112156967		112156967
1085		112157018		112157019		112157018
1086		112157052		112157052		112157052
1087		112157106		112157106		112157106
1088		112157158		112157158		112157158
1089		112157215		112157215		112157215
1090		112157265		112157265		112157265
1091		112157310		112157315		112157310
1092		112157371		112157372		112157371
1093		112157404		112157405		112157404
1094		112157460		112157460		112157460
1095		112157514		112157514		112157514
1096		112157553		112157553		112157553
1097		112157609		112157609		112157609
1098		112157659		112157659		112157659
1099		112157714		112157714		112157714
1100		112157753		112157753		112157753
1101		112157803		112157803		112157803
1102		112157859		112157859		112157859
1103		112157916		112157916		112157916
1104		112157963		112157964		112157963
1105		112158016		112158016		112158016
1106		112158066		112158066		112158066
1107		112158118		112158118		112158118
1108		112158151		112158151		112158151
1109		112158205		112158206		112158205
1110		112158254		112158254		112158254
1111		112158308		112158309		112158308
1112		112158352		112158352		112158352
1113		112158405		112158405		112158405
1114		112158456		112158456		112158456
1115		112158515		112158515		112158515
1116		112158565		112158565		112158565
1117		112158602		112158602		112158602
1118		112158666		112158666		112158666
1119		112158702		112158702		112158702
1120		112158765		112158765		112158765
1121		112158817		112158817		112158817
1122		112158865		112158865		112158865
1123		112158915		112158915		112158915
1124		112158968		112158968		112158968
1125		112159002		112159002		112159002
1126		112159053		112159053		112159053
1127		112159114		112159114		112159114
1128		112159152		112159153		112159152
1129		112159213		112159213		112159213
1130		112159263		112159263		112159263
1131		112159302		112159303		112159302
1132		112159355		112159356		112159355
1133		112159418		112159418		112159418
1134		112159451		112159451		112159451
1135		112159503		112159506		112159503
1136		112159564		112159564		112159564
1137		112159618		112159618		112159618
1138		112159650		112159650		112159650
1139		112159702		112159702		112159702
1140		112159760		112159767		112159760
1141		112159814		112159817		112159814
1142		112159852		112159852		112159852
1143		112159913		112159913		112159913
1144		112159959		112159959		112159959
1145		112200141		112200141		112200141
1146		112200143		112200143		112200143
1147		112200143		112200143		112200143
1148		112200163		112200163		112200163
1149		112200220		112200220		112200220
1150		112200253		112200253		112200253
1151		112200305		112200305		112200305
1152		112200370		112200370		112200370
1153		112200418		112200419		112200418
1154		112200451		112200451		112200451
1155		112200517		112200517		112200517
1156		112200569		112200569		112200569
1157		112200601		112200601		112200601
1158		112200651		112200651		112200651
1159		112200704		112200704		112200704
1160		112200751		112200751		112200751
1161		112200803		112200803		112200803
1162		112200858		112200858		112200858
1163		112200908		112200908		112200908
1164		112200963		112200963		112200963
1165		112201012		112201013		112201012
1166		112201065		112201066		112201065
1167		112201116		112201116		112201116
1168		112201155		112201155		112201155
1169		112201209		112201209		112201209
1170		112201259		112201259		112201259
1171		112201301		112201301		112201301
1172		112201357		112201357		112201357
1173		112201407		112201407		112201407
1174		112201467		112201467		112201467
1175		112201508		112201509		112201508
1176		112201565		112201565		112201565
1177		112201623		112201623		112201623
1178		112201657		112201657		112201657
1179		112201715		112201715		112201715
1180		112201769		112201769		112201769
1181		112201818		112201822		112201818
1182		112201854		112201855		112201854
1183		112201910		112201916		112201910
1184		112201968		112201969		112201968
1185		112202018		112202018		112202018
1186		112202063		112202063		112202063
1187		112202101		112202101		112202101
1188		112202151		112202151		112202151
1189		112202207		112202208		112202207
1190		112202251		112202251		112202251
1191		112202313		112202314		112202313
1192		112202366		112202366		112202366
1193		112202402		112202405		112202402
1194		112202452		112202453		112202452
1195		112202500		112202501		112202500
1196		112202556		112202556		112202556
1197		112202609		112202610		112202609
1198		112202660		112202660		112202660
1199		112202703		112202703		112202703
1200		112202758		112202758		112202758
1201		112202807		112202807		112202807
1202		112202866		112202866		112202866
1203		112202916		112202916		112202916
1204		112202952		112202952		112202952
1205		112203019		112203019		112203019
1206		112203063		112203063		112203063
1207		112203114		112203114		112203114
1208		112203169		112203169		112203169
1209		112203202		112203202		112203202
1210		112203258		112203259		112203258
1211		112203316		112203316		112203316
1212		112203355		112203355		112203355
1213		112203414		112203415		112203414
1214		112203456		112203456		112203456
1215		112203503		112203503		112203503
1216		112203554		112203554		112203554
1217		112203608		112203608		112203608
1218		112203665		112203665		112203665
1219		112203712		112203713		112203712
1220		112203766		112203766		112203766
1221		112203817		112203817		112203817
1222		112203852		112203852		112203852
1223		112203915		112203915		112203915
1224		112203952		112203952		112203952
1225		112204003		112204003		112204003
1226		112204054		112204056		112204054
1227		112204116		112204116		112204116
1228		112204164		112204165		112204164
1229		112204216		112204217		112204216
1230		112204265		112204266		112204265
1231		112204317		112204317		112204317
1232		112204350		112204353		112204350
1233		112204414		112204414		112204414
1234		112204451		112204451		112204451
1235		112204521		112204521		112204521
1236		112204554		112204554		112204554
1237		112204605		112204607		112204605
1238		112204656		112204656		112204656
1239		112204709		112204709		112204709
1240		112204760		112204760		112204760
1241		112204815		112204815		112204815
1242		112204860		112204864		112204860
1243		112204902		112204902		112204902
1244		112204952		112204953		112204952
1245		112205008		112205008		112205008
1246		112205065		112205065		112205065
1247		112205115		112205115		112205115
1248		112205151		112205151		112205151
1249		112205215		112205215		112205215
1250		112205251		112205251		112205251
1251		112205315		112205316		112205315
1252		112205368		112205368		112205368
1253		112205416		112205416		112205416
1254		112205451		112205451		112205451
1255		112205506		112205506		112205506
1256		112205565		112205565		112205565
1257		112205603		112205603		112205603
1258		112205651		112205651		112205651
1259		112205707		112205707		112205707
1260		112205765		112205766		112205765
1261		112205815		112205815		112205815
1262		112205867		112205867		112205867
1263		112205914		112205916		112205914
1264		112205969		112205969		112205969
1265		112206015		112206015		112206015
1266		112206067		112206067		112206067
1267		112206118		112206118		112206118
1268		112206158		112206158		112206158
1269		112206210		112206210		112206210
1270		112206264		112206265		112206264
1271		112206303		112206303		112206303
1272		112206354		112206355		112206354
1273		112206404		112206405		112206404
1274		112206465		112206465		112206465
1275		112206515		112206515		112206515
1276		112206567		112206567		112206567
1277		112206616		112206616		112206616
1278		112206652		112206652		112206652
1279		112206702		112206702		112206702
1280		112206763		112206764		112206763
1281		112206816		112206816		112206816
1282		112206869		112206869		112206869
1283		112206902		112206902		112206902
1284		112206952		112206952		112206952
1285		112207009		112207009		112207009
1286		112207066		112207067		112207066
1287		112207115		112207117		112207115
1288		112207164		112207165		112207164
1289		112207216		112207217		112207216
1290		112207266		112207266		112207266
1291		112207315		112207316		112207315
1292		112207374		112207374		112207374
1293		112207402		112207403		112207402
1294		112207469		112207469		112207469
1295		112207502		112207502		112207502
1296		112207559		112207559		112207559
1297		112207614		112207614		112207614
1298		112207665		112207665		112207665
1299		112207702		112207702		112207702
1300		112207756		112207756		112207756
1301		112207807		112207807		112207807
1302		112207865		112207865		112207865
1303		112207915		112207915		112207915
1304		112207951		112207951		112207951
1305		112208009		112208009		112208009
1306		112208059		112208060		112208059
1307		112208115		112208115		112208115
1308		112208169		112208169		112208169
1309		112208201		112208201		112208201
1310		112208257		112208258		112208257
1311		112208315		112208315		112208315
1312		112208365		112208365		112208365
1313		112208402		112208402		112208402
1314		112208464		112208464		112208464
1315		112208505		112208509		112208505
1316		112208554		112208555		112208554
1317		112208616		112208617		112208616
1318		112208658		112208658		112208658
1319		112208714		112208714		112208714
1320		112208770		112208770		112208770
1321		112208802		112208802		112208802
1322		112208858		112208858		112208858
1323		112208916		112208916		112208916
1324		112208969		112208970		112208969
1325		112209015		112209015		112209015
1326		112209064		112209064		112209064
1327		112209102		112209102		112209102
1328		112209152		112209152		112209152
1329		112209208		112209208		112209208
1330		112209252		112209252		112209252
1331		112209314		112209314		112209314
1332		112209351		112209351		112209351
1333		112209408		112209408		112209408
1334		112209463		112209465		112209463
1335		112209501		112209501		112209501
1336		112209556		112209556		112209556
1337		112209615		112209615		112209615
1338		112209664		112209664		112209664
1339		112209703		112209703		112209703
1340		112209759		112209759		112209759
1341		112209810		112209813		112209810
1342		112209867		112209867		112209867
1343		112209903		112209904		112209903
1344		112209954		112209954		112209954
1345		112210008		112210009		112210008
1346		112210067		112210067		112210067
1347		112210115		112210115		112210115
1348		112210169		112210170		112210169
1349		112210217		112210217		112210217
1350		112210265		112210268		112210265
1351		112210317		112210317		112210317
1352		112210370		112210370		112210370
1353		112210402		112210402		112210402
1354		112210453		112210453		112210453
1355		112210503		112210503		112210503
1356		112210557		112210557		112210557
1357		112210613		112210613		112210613
1358		112210653		112210653		112210653
1359		112210706		112210706		112210706
1360		112210766		112210766		112210766
1361		112210816		112210817		112210816
1362		112210853		112210853		112210853
1363		112210904		112210904		112210904
1364		112210958		112210958		112210958
1365		112211015		112211015		112211015
1366		112211063		112211064		112211063
1367		112211121		112211121		112211121
1368		112211159		112211159		112211159
1369		112211216		112211216		112211216
1370		112211253		112211253		112211253
1371		112211308		112211308		112211308
1372		112211358		112211358		112211358
1373		112211414		112211415		112211414
1374		112211467		112211467		112211467
1375		112211502		112211502		112211502
1376		112211558		112211558		112211558
1377		112211618		112211618		112211618
1378		112211654		112211654		112211654
1379		112211706		112211707		112211706
1380		112211750		112211750		112211750
1381		112211802		112211802		112211802
1382		112211853		112211853		112211853
1383		112211907		112211907		112211907
1384		112211962		112211963		112211962
1385		112212013		112212013		112212013
1386		112212067		112212067		112212067
1387		112212114		112212114		112212114
1388		112212151		112212151		112212151
1389		112212201		112212201		112212201
1390		112212253		112212253		112212253
1391		112212309		112212309		112212309
1392		112212365		112212365		112212365
1393		112212416		112212417		112212416
1394		112212451		112212451		112212451
1395		112212504		112212505		112212504
1396		112212559		112212559		112212559
1397		112212617		112212618		112212617
1398		112212668		112212668		112212668
1399		112212719		112212719		112212719
1400		112212750		112212751		112212750
1401		112212813		112212813		112212813
1402		112212866		112212867		112212866
1403		112212916		112212917		112212916
1404		112212960		112212960		112212960
1405		112213018		112213018		112213018
1406		112213059		112213059		112213059
1407		112213114		112213114		112213114
1408		112213164		112213164		112213164
1409		112213215		112213216		112213215
1410		112213265		112213265		112213265
1411		112213304		112213304		112213304
1412		112213364		112213364		112213364
1413		112213414		112213414		112213414
1414		112213451		112213451		112213451
1415		112213503		112213503		112213503
1416		112213555		112213556		112213555
1417		112213600		112213601		112213600
1418		112213655		112213655		112213655
1419		112213707		112213708		112213707
1420		112213769		112213769		112213769
1421		112213802		112213802		112213802
1422		112213864		112213865		112213864
1423		112213919		112213919		112213919
1424		112213964		112213964		112213964
1425		112214014		112214014		112214014
1426		112214067		112214068		112214067
1427		112214116		112214116		112214116
1428		112214166		112214166		112214166
1429		112214224		112214224		112214224
1430		112214254		112214256		112214254
1431		112214315		112214316		112214315
1432		112214370		112214370		112214370
1433		112214402		112214402		112214402
1434		112214454		112214454		112214454
1435		112214517		112214518		112214517
1436		112214551		112214552		112214551
1437		112214607		112214607		112214607
1438		112214663		112214663		112214663
1439		112214717		112214718		112214717
1440		112214752		112214752		112214752
1441		112214808		112214808		112214808
1442		112214850		112214850		112214850
1443		112214902		112214902		112214902
1444		112214957		112214957		112214957
1445		112215015		112215015		112215015
1446		112215068		112215068		112215068
1447		112215115		112215115		112215115
1448		112215151		112215151		112215151
1449		112215206		112215206		112215206
1450		112215263		112215263		112215263
1451		112215318		112215319		112215318
1452		112215354		112215354		112215354
1453		112215410		112215410		112215410
1454		112215468		112215469		112215468
1455		112215502		112215502		112215502
1456		112215551		112215551		112215551
1457		112215609		112215610		112215609
1458		112215659		112215659		112215659
1459		112215717		112215718		112215717
1460		112215755		112215755		112215755
1461		112215814		112215814		112215814
1462		112215864		112215865		112215864
1463		112215917		112215917		112215917
1464		112215951		112215952		112215951
1465		112216007		112216007		112216007
1466		112216064		112216064		112216064
1467		112216119		112216119		112216119
1468		112216156		112216157		112216156
1469		112216208		112216208		112216208
1470		112216253		112216253		112216253
1471		112216308		112216308		112216308
1472		112216354		112216355		112216354
1473		112216464		112216464		112216464
1474		112216465		112216465		112216465
1475		112216519		112216520		112216519
1476		112216554		112216555		112216554
1477		112216605		112216605		112216605
1478		112216662		112216662		112216662
1479		112216718		112216718		112216718
1480		112216765		112216765		112216765
1481		112216817		112216817		112216817
1482		112216868		112216868		112216868
1483		112216904		112216904		112216904
1484		112216965		112216965		112216965
1485		112217018		112217018		112217018
1486		112217067		112217067		112217067
1487		112217118		112217118		112217118
1488		112217160		112217160		112217160
1489		112217221		112217222		112217221
1490		112217252		112217252		112217252
1491		112217304		112217304		112217304
1492		112217359		112217359		112217359
1493		112217408		112217409		112217408
1494		112217465		112217465		112217465
1495		112217504		112217504		112217504
1496		112217565		112217565		112217565
1497		112217614		112217614		112217614
1498		112217651		112217652		112217651
1499		112217715		112217715		112217715
1500		112217767		112217767		112217767
1501		112217802		112217802		112217802
1502		112217855		112217855		112217855
1503		112217903		112217903		112217903
1504		112217958		112217958		112217958
1505		112218009		112218009		112218009
1506		112218064		112218064		112218064
1507		112218118		112218118		112218118
1508		112218164		112218165		112218164
1509		112218215		112218215		112218215
1510		112218268		112218269		112218268
1511		112218315		112218315		112218315
1512		112218367		112218368		112218367
1513		112218417		112218417		112218417
1514		112218469		112218469		112218469
1515		112218500		112218500		112218500
1516		112218560		112218562		112218560
1517		112218603		112218603		112218603
1518		112218656		112218656		112218656
1519		112218710		112218715		112218710
1520		112218764		112218765		112218764
1521		112218814		112218814		112218814
1522		112218865		112218866		112218865
1523		112218915		112218916		112218915
1524		112218966		112218966		112218966
1525		112219000		112219000		112219000
1526		112219052		112219052		112219052
1527		112219108		112219108		112219108
1528		112219157		112219158		112219157
1529		112219215		112219216		112219215
1530		112219253		112219253		112219253
1531		112219303		112219303		112219303
1532		112219356		112219357		112219356
1533		112219405		112219405		112219405
1534		112219458		112219460		112219458
1535		112219517		112219517		112219517
1536		112219567		112219567		112219567
1537		112219603		112219603		112219603
1538		112219657		112219657		112219657
1539		112219716		112219716		112219716
1540		112219751		112219751		112219751
1541		112219803		112219803		112219803
1542		112219859		112219859		112219859
1543		112219914		112219914		112219914
1544		112219954		112219954		112219954
1545		112220008		112220009		112220008
1546		112220063		112220064		112220063
1547		112220102		112220102		112220102
1548		112220158		112220158		112220158
1549		112220209		112220209		112220209
1550		112220266		112220266		112220266
1551		112220314		112220314		112220314
1552		112220351		112220351		112220351
1553		112220401		112220401		112220401
1554		112220471		112220471		112220471
1555		112220505		112220506		112220505
1556		112220554		112220554		112220554
1557		112220604		112220604		112220604
1558		112220655		112220655		112220655
1559		112220708		112220708		112220708
1560		112220760		112220761		112220760
1561		112220816		112220816		112220816
1562		112220865		112220865		112220865
1563		112220918		112220919		112220918
1564		112220965		112220965		112220965
1565		112221015		112221015		112221015
1566		112221050		112221051		112221050
1567		112221103		112221103		112221103
1568		112221153		112221153		112221153
1569		112221213		112221213		112221213
1570		112221264		112221264		112221264
1571		112221301		112221301		112221301
1572		112221365		112221365		112221365
1573		112221402		112221402		112221402
1574		112221464		112221464		112221464
1575		112221517		112221517		112221517
1576		112221551		112221551		112221551
1577		112221606		112221606		112221606
1578		112221656		112221656		112221656
1579		112221709		112221709		112221709
1580		112221765		112221765		112221765
1581		112221800		112221800		112221800
1582		112221852		112221852		112221852
1583		112221901		112221901		112221901
1584		112221953		112221953		112221953
1585		112222003		112222003		112222003
1586		112222056		112222057		112222056
1587		112222104		112222105		112222104
1588		112222154		112222154		112222154
1589		112222209		112222209		112222209
1590		112222264		112222264		112222264
1591		112222317		112222318		112222317
1592		112222366		112222366		112222366
1593		112222417		112222417		112222417
1594		112222468		112222468		112222468
1595		112222517		112222518		112222517
1596		112222554		112222554		112222554
1597		112222615		112222616		112222615
1598		112222667		112222667		112222667
