1		113150919		113150921		113150919
2		113150921		113150922		113150921
3		113150957		113150957		113150957
4		113151003		113151003		113151003
5		113151036		113151036		113151036
6		113151091		113151091		113151091
7		113151147		113151151		113151147
8		113151191		113151191		113151191
9		113151248		113151249		113151248
10		113151292		113151292		113151292
11		113151352		113151352		113151352
12		113151391		113151391		113151391
13		113151437		113151438		113151437
14		113151500		113151500		113151500
15		113151541		113151541		113151541
16		113151598		113151598		113151598
17		113151658		113151659		113151658
18		113151696		113151697		113151696
19		113151740		113151740		113151740
20		113151793		113151793		113151793
21		113151841		113151843		113151841
22		113151902		113151902		113151902
23		113151936		113151939		113151936
24		113151998		113151998		113151998
25		113152050		113152050		113152050
26		113152100		113152101		113152100
27		113152151		113152151		113152151
28		113152201		113152201		113152201
29		113152256		113152257		113152256
30		113152288		113152289		113152288
31		113152343		113152343		113152343
32		113152397		113152397		113152397
33		113152449		113152450		113152449
34		113152499		113152500		113152499
35		113152549		113152550		113152549
36		113152600		113152600		113152600
37		113152648		113152649		113152648
38		113152686		113152686		113152686
39		113152746		113152746		113152746
40		113152798		113152799		113152798
41		113152889		113152890		113152889
42		113152890		113152890		113152890
43		113152948		113152948		113152948
44		113152991		113152991		113152991
45		113153048		113153049		113153048
46		113153098		113153098		113153098
47		113153142		113153147		113153142
48		113153213		113153215		113153213
49		113153250		113153262		113153250
50		113153292		113153292		113153292
51		113153343		113153343		113153343
52		113153393		113153393		113153393
53		113153448		113153448		113153448
54		113153500		113153501		113153500
55		113153554		113153555		113153554
56		113153605		113153606		113153605
57		113153637		113153638		113153637
58		113153693		113153693		113153693
59		113153742		113153743		113153742
60		113153797		113153798		113153797
61		113153851		113153851		113153851
62		113153899		113153899		113153899
63		113153953		113153953		113153953
64		113153988		113153988		113153988
65		113154046		113154046		113154046
66		113154099		113154099		113154099
67		113154150		113154150		113154150
68		113154199		113154200		113154199
69		113154248		113154248		113154248
70		113154302		113154302		113154302
71		113154349		113154350		113154349
72		113154397		113154398		113154397
73		113154437		113154438		113154437
74		113154488		113154488		113154488
75		113154550		113154552		113154550
76		113154603		113154603		113154603
77		113154638		113154638		113154638
78		113154692		113154692		113154692
79		113154747		113154747		113154747
80		113154804		113154804		113154804
81		113154843		113154843		113154843
82		113154908		113154908		113154908
83		113154942		113154942		113154942
84		113154998		113154999		113154998
85		113155050		113155050		113155050
86		113155100		113155101		113155100
87		113155151		113155151		113155151
88		113155198		113155201		113155198
89		113155237		113155237		113155237
90		113155296		113155296		113155296
91		113155347		113155347		113155347
92		113155400		113155401		113155400
93		113155448		113155448		113155448
94		113155500		113155500		113155500
95		113155552		113155553		113155552
96		113155586		113155587		113155586
97		113155643		113155643		113155643
98		113155698		113155699		113155698
99		113155752		113155752		113155752
100		113155799		113155799		113155799
101		113155837		113155838		113155837
102		113155902		113155903		113155902
103		113155936		113155936		113155936
104		113155989		113155989		113155989
105		113156047		113156047		113156047
106		113156092		113156093		113156092
107		113156143		113156143		113156143
108		113156200		113156201		113156200
109		113156248		113156248		113156248
110		113156302		113156302		113156302
111		113156349		113156349		113156349
112		113156401		113156402		113156401
113		113156452		113156452		113156452
114		113156504		113156504		113156504
115		113156554		113156554		113156554
116		113156598		113156598		113156598
117		113156636		113156636		113156636
118		113156688		113156689		113156688
119		113156746		113156746		113156746
120		113156801		113156801		113156801
121		113156847		113156847		113156847
122		113156899		113156900		113156899
123		113156936		113156936		113156936
124		113156988		113156989		113156988
125		113157041		113157041		113157041
126		113157100		113157101		113157100
127		113157154		113157154		113157154
128		113157186		113157187		113157186
129		113157240		113157240		113157240
130		113157301		113157303		113157301
131		113157338		113157338		113157338
132		113157387		113157387		113157387
133		113157449		113157452		113157449
134		113157500		113157500		113157500
135		113157548		113157548		113157548
136		113157602		113157603		113157602
137		113157652		113157652		113157652
138		113157686		113157686		113157686
139		113157753		113157754		113157753
140		113157808		113157820		113157808
141		113157854		113157866		113157854
142		113157902		113157902		113157902
143		113157936		113157936		113157936
144		113157998		113157998		113157998
145		113158037		113158037		113158037
146		113158090		113158091		113158090
147		113158141		113158141		113158141
148		113158200		113158201		113158200
149		113158248		113158249		113158248
150		113158300		113158300		113158300
151		113158349		113158349		113158349
152		113158401		113158401		113158401
153		113158447		113158447		113158447
154		113158502		113158502		113158502
155		113158553		113158553		113158553
156		113158598		113158598		113158598
157		113158637		113158638		113158637
158		113158688		113158688		113158688
159		113158739		113158739		113158739
160		113158787		113158787		113158787
161		113158842		113158842		113158842
162		113158893		113158898		113158893
163		113158948		113158948		113158948
164		113159002		113159003		113159002
165		113159052		113159052		113159052
166		113159105		113159105		113159105
167		113159136		113159137		113159136
168		113159191		113159191		113159191
169		113159249		113159249		113159249
170		113159302		113159302		113159302
171		113159349		113159350		113159349
172		113159398		113159398		113159398
173		113159451		113159451		113159451
174		113159487		113159488		113159487
175		113159538		113159538		113159538
176		113159600		113159601		113159600
177		113159648		113159648		113159648
178		113159700		113159701		113159700
179		113159749		113159750		113159749
180		113159800		113159801		113159800
181		113159849		113159849		113159849
182		113159903		113159903		113159903
183		113159952		113159953		113159952
184		113200142		113200142		113200142
185		113200142		113200142		113200142
186		113200154		113200154		113200154
187		113200155		113200155		113200155
188		113200189		113200190		113200189
189		113200246		113200247		113200246
190		113200298		113200299		113200298
191		113200350		113200350		113200350
192		113200387		113200388		113200387
193		113200443		113200443		113200443
194		113200497		113200498		113200497
195		113200549		113200549		113200549
196		113200588		113200588		113200588
197		113200641		113200641		113200641
198		113200693		113200693		113200693
199		113200743		113200749		113200743
200		113200797		113200800		113200797
201		113200853		113200853		113200853
202		113200900		113200900		113200900
203		113200949		113200949		113200949
204		113200987		113200987		113200987
205		113201037		113201037		113201037
206		113201103		113201103		113201103
207		113201146		113201146		113201146
208		113201199		113201200		113201199
209		113201250		113201250		113201250
210		113201300		113201300		113201300
211		113201352		113201352		113201352
212		113201400		113201400		113201400
213		113201437		113201437		113201437
214		113201493		113201493		113201493
215		113201543		113201543		113201543
216		113201600		113201601		113201600
217		113201648		113201648		113201648
218		113201698		113201699		113201698
219		113201746		113201746		113201746
220		113201799		113201800		113201799
221		113201847		113201847		113201847
222		113201902		113201903		113201902
223		113201949		113201949		113201949
224		113201999		113201999		113201999
225		113202052		113202052		113202052
226		113202086		113202086		113202086
227		113202142		113202142		113202142
228		113202197		113202197		113202197
229		113202251		113202251		113202251
230		113202299		113202300		113202299
231		113202349		113202349		113202349
232		113202386		113202386		113202386
233		113202449		113202450		113202449
234		113202500		113202501		113202500
235		113202549		113202550		113202549
236		113202603		113202603		113202603
237		113202649		113202650		113202649
238		113202702		113202702		113202702
239		113202750		113202750		113202750
240		113202800		113202800		113202800
241		113202853		113202853		113202853
242		113202900		113202900		113202900
243		113202952		113202952		113202952
244		113202990		113202991		113202990
245		113203053		113203053		113203053
246		113203087		113203087		113203087
247		113203148		113203148		113203148
248		113203200		113203201		113203200
249		113203250		113203250		113203250
250		113203298		113203298		113203298
251		113203349		113203349		113203349
252		113203398		113203398		113203398
253		113203449		113203450		113203449
254		113203503		113203505		113203503
255		113203537		113203537		113203537
256		113203597		113203597		113203597
257		113203651		113203652		113203651
258		113203701		113203701		113203701
259		113203749		113203749		113203749
260		113203786		113203787		113203786
261		113203843		113203843		113203843
262		113203893		113203893		113203893
263		113203952		113203952		113203952
264		113203987		113203987		113203987
265		113204050		113204050		113204050
266		113204107		113204107		113204107
267		113204138		113204138		113204138
268		113204200		113204200		113204200
269		113204253		113204253		113204253
270		113204297		113204297		113204297
271		113204349		113204349		113204349
272		113204403		113204403		113204403
273		113204451		113204451		113204451
274		113204488		113204488		113204488
275		113204538		113204538		113204538
276		113204593		113204598		113204593
277		113204648		113204648		113204648
278		113204703		113204703		113204703
279		113204748		113204749		113204748
280		113204798		113204799		113204798
281		113204851		113204852		113204851
282		113204903		113204904		113204903
283		113204938		113204938		113204938
284		113204997		113204997		113204997
285		113205054		113205054		113205054
286		113205086		113205086		113205086
287		113205143		113205143		113205143
288		113205201		113205201		113205201
289		113205249		113205250		113205249
290		113205301		113205301		113205301
291		113205338		113205338		113205338
292		113205391		113205391		113205391
293		113205443		113205447		113205443
294		113205498		113205499		113205498
295		113205543		113205549		113205543
296		113205600		113205600		113205600
297		113205653		113205654		113205653
298		113205698		113205699		113205698
299		113205748		113205748		113205748
300		113205801		113205802		113205801
301		113205850		113205850		113205850
302		113205898		113205899		113205898
303		113205948		113205948		113205948
304		113206001		113206002		113206001
305		113206049		113206049		113206049
306		113206099		113206108		113206099
307		113206148		113206148		113206148
308		113206198		113206198		113206198
309		113206251		113206252		113206251
310		113206302		113206302		113206302
311		113206341		113206342		113206341
312		113206397		113206397		113206397
313		113206441		113206441		113206441
314		113206584		113206586		113206584
315		113206586		113206586		113206586
316		113206599		113206601		113206599
317		113206650		113206650		113206650
318		113206776		113206777		113206776
319		113206798		113206799		113206798
320		113206799		113206799		113206799
321		113206853		113206853		113206853
322		113206897		113206898		113206897
323		113206938		113206939		113206938
324		113206999		113206999		113206999
325		113207052		113207052		113207052
326		113207086		113207086		113207086
327		113207138		113207138		113207138
328		113207192		113207193		113207192
329		113207243		113207243		113207243
330		113207293		113207293		113207293
331		113207349		113207349		113207349
332		113207397		113207397		113207397
333		113207448		113207448		113207448
334		113207500		113207500		113207500
335		113207549		113207549		113207549
336		113207600		113207600		113207600
337		113207651		113207651		113207651
338		113207700		113207700		113207700
339		113207751		113207751		113207751
340		113207800		113207800		113207800
341		113207852		113207852		113207852
342		113207899		113207899		113207899
343		113207949		113207949		113207949
344		113207987		113207987		113207987
345		113208037		113208037		113208037
346		113208092		113208092		113208092
347		113208148		113208149		113208148
348		113208197		113208197		113208197
349		113208250		113208251		113208250
350		113208299		113208299		113208299
351		113208350		113208351		113208350
352		113208400		113208401		113208400
353		113208453		113208453		113208453
354		113208501		113208501		113208501
355		113208543		113208546		113208543
356		113208600		113208601		113208600
357		113208648		113208648		113208648
358		113208699		113208699		113208699
359		113208749		113208750		113208749
360		113208802		113208802		113208802
361		113208849		113208849		113208849
362		113208897		113208897		113208897
363		113208949		113208949		113208949
364		113208998		113208999		113208998
365		113209051		113209051		113209051
366		113209090		113209090		113209090
367		113209143		113209143		113209143
368		113209199		113209200		113209199
369		113209253		113209253		113209253
370		113209300		113209301		113209300
371		113209349		113209349		113209349
372		113209386		113209387		113209386
373		113209437		113209437		113209437
374		113209487		113209488		113209487
375		113209541		113209541		113209541
376		113209597		113209598		113209597
377		113209650		113209650		113209650
378		113209700		113209700		113209700
379		113209752		113209752		113209752
380		113209799		113209799		113209799
381		113209853		113209853		113209853
382		113209901		113209901		113209901
383		113209943		113209943		113209943
384		113210003		113210004		113210003
385		113210049		113210049		113210049
386		113210102		113210102		113210102
387		113210136		113210136		113210136
388		113210197		113210197		113210197
389		113210248		113210248		113210248
390		113210296		113210296		113210296
391		113210350		113210350		113210350
392		113210397		113210397		113210397
393		113210449		113210449		113210449
394		113210499		113210499		113210499
395		113210548		113210548		113210548
396		113210600		113210600		113210600
397		113210669		113210672		113210669
398		113210687		113210687		113210687
399		113210739		113210741		113210739
400		113210791		113210791		113210791
401		113210843		113210843		113210843
402		113210893		113210893		113210893
403		113210949		113210949		113210949
404		113210997		113210997		113210997
405		113211050		113211050		113211050
406		113211105		113211105		113211105
407		113211136		113211136		113211136
408		113211186		113211187		113211186
409		113211241		113211241		113211241
410		113211299		113211299		113211299
411		113211343		113211350		113211343
412		113211404		113211404		113211404
413		113211452		113211453		113211452
414		113211503		113211503		113211503
415		113211549		113211549		113211549
416		113211589		113211589		113211589
417		113211642		113211642		113211642
418		113211697		113211707		113211697
419		113211738		113211739		113211738
420		113211793		113211797		113211793
421		113211849		113211851		113211849
422		113211900		113211900		113211900
423		113211952		113211952		113211952
424		113212000		113212000		113212000
425		113212053		113212053		113212053
426		113212085		113212085		113212085
427		113212143		113212143		113212143
428		113212200		113212200		113212200
429		113212248		113212249		113212248
430		113212287		113212288		113212287
431		113212341		113212341		113212341
432		113212393		113212393		113212393
433		113212448		113212449		113212448
434		113212500		113212500		113212500
435		113212550		113212550		113212550
436		113212586		113212586		113212586
437		113212641		113212641		113212641
438		113212701		113212701		113212701
439		113212743		113212743		113212743
440		113212802		113212802		113212802
441		113212848		113212848		113212848
442		113212899		113212899		113212899
443		113212948		113212948		113212948
444		113212987		113212988		113212987
445		113213042		113213042		113213042
446		113213097		113213097		113213097
447		113213140		113213140		113213140
448		113213196		113213196		113213196
449		113213250		113213250		113213250
450		113213301		113213302		113213301
451		113213337		113213337		113213337
452		113213391		113213392		113213391
453		113213447		113213448		113213447
454		113213502		113213502		113213502
455		113213548		113213548		113213548
456		113213588		113213588		113213588
457		113213637		113213638		113213637
458		113213688		113213688		113213688
459		113213741		113213741		113213741
460		113213793		113213793		113213793
461		113213849		113213849		113213849
462		113213900		113213900		113213900
463		113213949		113213950		113213949
464		113213999		113213999		113213999
465		113214052		113214052		113214052
466		113214103		113214103		113214103
467		113214140		113214140		113214140
468		113214200		113214200		113214200
469		113214251		113214251		113214251
470		113214287		113214287		113214287
471		113214341		113214343		113214341
472		113214396		113214397		113214396
473		113214449		113214449		113214449
474		113214498		113214498		113214498
475		113214551		113214552		113214551
476		113214602		113214603		113214602
477		113214637		113214637		113214637
478		113214696		113214696		113214696
479		113214746		113214747		113214746
480		113214799		113214799		113214799
481		113214848		113214848		113214848
482		113214900		113214900		113214900
483		113214948		113214948		113214948
484		113215000		113215000		113215000
485		113215050		113215050		113215050
486		113215099		113215099		113215099
487		113215137		113215137		113215137
488		113215202		113215204		113215202
489		113215251		113215251		113215251
490		113215297		113215297		113215297
491		113215337		113215338		113215337
492		113215399		113215399		113215399
493		113215448		113215448		113215448
494		113215502		113215502		113215502
495		113215552		113215553		113215552
496		113215603		113215603		113215603
497		113215648		113215648		113215648
498		113215700		113215700		113215700
499		113215751		113215751		113215751
500		113215798		113215798		113215798
501		113215849		113215850		113215849
502		113215898		113215898		113215898
503		113215952		113215953		113215952
504		113215990		113215992		113215990
505		113216050		113216050		113216050
506		113216091		113216098		113216091
507		113216149		113216149		113216149
508		113216187		113216187		113216187
509		113216249		113216249		113216249
510		113216301		113216301		113216301
511		113216348		113216348		113216348
512		113216401		113216401		113216401
513		113216451		113216451		113216451
514		113216497		113216497		113216497
515		113216550		113216550		113216550
516		113216605		113216605		113216605
517		113216639		113216639		113216639
518		113216697		113216697		113216697
519		113216750		113216750		113216750
520		113216800		113216801		113216800
521		113216852		113216853		113216852
522		113216887		113216887		113216887
523		113216953		113216954		113216953
524		113216986		113216986		113216986
525		113217037		113217037		113217037
526		113217093		113217093		113217093
527		113217154		113217154		113217154
528		113217190		113217190		113217190
529		113217243		113217243		113217243
530		113217298		113217299		113217298
531		113217353		113217353		113217353
532		113217400		113217400		113217400
533		113217450		113217451		113217450
534		113217499		113217499		113217499
535		113217549		113217550		113217549
536		113217586		113217586		113217586
537		113217640		113217640		113217640
538		113217692		113217692		113217692
539		113217747		113217747		113217747
540		113217793		113217793		113217793
541		113217836		113217836		113217836
542		113217890		113217890		113217890
543		113217941		113217942		113217941
544		113217998		113217998		113217998
545		113218050		113218050		113218050
546		113218100		113218100		113218100
547		113218137		113218137		113218137
548		113218200		113218201		113218200
549		113218247		113218258		113218247
550		113218287		113218287		113218287
551		113218342		113218342		113218342
552		113218392		113218392		113218392
553		113218450		113218451		113218450
554		113218501		113218501		113218501
555		113218548		113218548		113218548
556		113218600		113218602		113218600
557		113218642		113218642		113218642
558		113218699		113218699		113218699
559		113218753		113218753		113218753
560		113218800		113218800		113218800
561		113218851		113218851		113218851
562		113218899		113218899		113218899
563		113218950		113218950		113218950
564		113218988		113218988		113218988
565		113219049		113219049		113219049
566		113219086		113219086		113219086
567		113219143		113219143		113219143
568		113219203		113219203		113219203
569		113219237		113219237		113219237
570		113219292		113219292		113219292
571		113219348		113219348		113219348
572		113219399		113219399		113219399
573		113219451		113219452		113219451
574		113219501		113219501		113219501
575		113219537		113219537		113219537
576		113219600		113219600		113219600
577		113219646		113219650		113219646
578		113219702		113219702		113219702
579		113219747		113219748		113219747
580		113219799		113219799		113219799
581		113219850		113219850		113219850
582		113219887		113219887		113219887
583		113219940		113219941		113219940
584		113219998		113219998		113219998
585		113220050		113220050		113220050
586		113220098		113220098		113220098
587		113220143		113220143		113220143
588		113220190		113220190		113220190
589		113220242		113220242		113220242
590		113220292		113220298		113220292
591		113220351		113220351		113220351
592		113220401		113220401		113220401
593		113220449		113220449		113220449
594		113220487		113220487		113220487
595		113220539		113220539		113220539
596		113220592		113220592		113220592
597		113220650		113220650		113220650
598		113220697		113220697		113220697
599		113220750		113220750		113220750
600		113220800		113220801		113220800
601		113220850		113220850		113220850
602		113220900		113220900		113220900
603		113220953		113220953		113220953
604		113221001		113221002		113221001
605		113221046		113221046		113221046
606		113221090		113221091		113221090
607		113221146		113221146		113221146
608		113221187		113221188		113221187
609		113221239		113221240		113221239
610		113221293		113221296		113221293
611		113221348		113221348		113221348
612		113221397		113221398		113221397
613		113221450		113221450		113221450
614		113221497		113221497		113221497
615		113221552		113221552		113221552
616		113221601		113221601		113221601
617		113221651		113221651		113221651
618		113221706		113221706		113221706
619		113221751		113221752		113221751
620		113221792		113221792		113221792
621		113221847		113221848		113221847
622		113221900		113221900		113221900
623		113221950		113221950		113221950
624		113221999		113222002		113221999
625		113222050		113222050		113222050
626		113222098		113222098		113222098
627		113222136		113222136		113222136
628		113222200		113222200		113222200
629		113222249		113222249		113222249
630		113222301		113222301		113222301
631		113222354		113222355		113222354
632		113222386		113222386		113222386
633		113222451		113222451		113222451
634		113222488		113222488		113222488
635		113222538		113222539		113222538
636		113222600		113222601		113222600
637		113222651		113222651		113222651
638		113222698		113222698		113222698
639		113222749		113222750		113222749
640		113222799		113222799		113222799
641		113222850		113222850		113222850
642		113222897		113222898		113222897
643		113222952		113222952		113222952
644		113222998		113222999		113222998
645		113223048		113223048		113223048
646		113223100		113223101		113223100
647		113223156		113223156		113223156
648		113223188		113223188		113223188
649		113223246		113223246		113223246
650		113223300		113223300		113223300
651		113223348		113223348		113223348
652		113223399		113223399		113223399
653		113223450		113223450		113223450
654		113223498		113223498		113223498
655		113223550		113223550		113223550
656		113223601		113223601		113223601
657		113223637		113223637		113223637
658		113223693		113223698		113223693
659		113223752		113223752		113223752
660		113223802		113223802		113223802
661		113223847		113223848		113223847
662		113223886		113223887		113223886
663		113223939		113223939		113223939
664		113223990		113223991		113223990
665		113224048		113224048		113224048
666		113224098		113224098		113224098
667		113224136		113224136		113224136
668		113224199		113224200		113224199
669		113224252		113224252		113224252
670		113224298		113224298		113224298
671		113224352		113224352		113224352
672		113224399		113224399		113224399
673		113224449		113224449		113224449
674		113224500		113224500		113224500
675		113224552		113224552		113224552
676		113224604		113224604		113224604
677		113224649		113224649		113224649
678		113224687		113224687		113224687
679		113224738		113224738		113224738
680		113224790		113224790		113224790
681		113224849		113224849		113224849
682		113224898		113224898		113224898
683		113224951		113224952		113224951
684		113225008		113225008		113225008
685		113225037		113225037		113225037
686		113225090		113225090		113225090
687		113225153		113225154		113225153
688		113225201		113225201		113225201
689		113225251		113225251		113225251
690		113225299		113225299		113225299
691		113225349		113225349		113225349
692		113225398		113225400		113225398
693		113225451		113225451		113225451
694		113225499		113225499		113225499
695		113225548		113225548		113225548
696		113225600		113225600		113225600
697		113225652		113225652		113225652
698		113225699		113225699		113225699
699		113225751		113225751		113225751
700		113225799		113225799		113225799
701		113225848		113225848		113225848
702		113225899		113225899		113225899
703		113225948		113225948		113225948
704		113225993		113225993		113225993
705		113226048		113226048		113226048
706		113226091		113226091		113226091
707		113226139		113226139		113226139
708		113226193		113226195		113226193
709		113226249		113226249		113226249
710		113226298		113226298		113226298
711		113226351		113226351		113226351
712		113226401		113226401		113226401
713		113226452		113226453		113226452
714		113226499		113226499		113226499
715		113226543		113226549		113226543
716		113226603		113226604		113226603
717		113226651		113226651		113226651
718		113226703		113226703		113226703
719		113226748		113226748		113226748
720		113226797		113226798		113226797
721		113226850		113226851		113226850
722		113226899		113226900		113226899
723		113226938		113226939		113226938
724		113226991		113226991		113226991
725		113227042		113227042		113227042
726		113227256		113227257		113227256
727		113227257		113227257		113227257
728		113227257		113227257		113227257
729		113227289		113227289		113227289
730		113227350		113227350		113227350
731		113227405		113227405		113227405
732		113227442		113227443		113227442
733		113227498		113227498		113227498
734		113227550		113227550		113227550
735		113227597		113227597		113227597
736		113227650		113227651		113227650
737		113227696		113227696		113227696
738		113227748		113227749		113227748
739		113227799		113227799		113227799
740		113227848		113227849		113227848
741		113227900		113227900		113227900
742		113227948		113227948		113227948
743		113227999		113227999		113227999
744		113228049		113228049		113228049
745		113228088		113228088		113228088
746		113228143		113228146		113228143
747		113228193		113228193		113228193
748		113228252		113228253		113228252
749		113228288		113228289		113228288
750		113228337		113228337		113228337
751		113228387		113228387		113228387
752		113228449		113228449		113228449
753		113228497		113228498		113228497
754		113228549		113228549		113228549
755		113228601		113228601		113228601
756		113228648		113228648		113228648
757		113228700		113228700		113228700
758		113228750		113228750		113228750
759		113228801		113228802		113228801
760		113228850		113228851		113228850
761		113228898		113228899		113228898
762		113228951		113228951		113228951
763		113228999		113228999		113228999
764		113229048		113229048		113229048
765		113229099		113229099		113229099
766		113229151		113229151		113229151
767		113229193		113229196		113229193
768		113229246		113229247		113229246
769		113229309		113229309		113229309
770		113229346		113229347		113229346
771		113229402		113229402		113229402
772		113229451		113229451		113229451
773		113229502		113229502		113229502
774		113229549		113229549		113229549
775		113229597		113229598		113229597
776		113229648		113229649		113229648
777		113229697		113229698		113229697
778		113229736		113229736		113229736
779		113229802		113229802		113229802
780		113229837		113229837		113229837
781		113229888		113229888		113229888
782		113229953		113229953		113229953
783		113229999		113229999		113229999
784		113230048		113230048		113230048
785		113230101		113230101		113230101
786		113230150		113230151		113230150
787		113230202		113230203		113230202
788		113230252		113230252		113230252
789		113230302		113230302		113230302
790		113230353		113230353		113230353
791		113230387		113230387		113230387
792		113230441		113230441		113230441
793		113230500		113230500		113230500
794		113230550		113230550		113230550
795		113230599		113230600		113230599
796		113230648		113230648		113230648
797		113230699		113230700		113230699
798		113230748		113230748		113230748
799		113230801		113230802		113230801
800		113230836		113230836		113230836
801		113230887		113230887		113230887
802		113230943		113230943		113230943
803		113230997		113230997		113230997
804		113231051		113231051		113231051
805		113231093		113231093		113231093
806		113231142		113231142		113231142
807		113231198		113231200		113231198
808		113231236		113231236		113231236
809		113231293		113231293		113231293
810		113231348		113231348		113231348
811		113231401		113231401		113231401
812		113231454		113231454		113231454
813		113231502		113231502		113231502
814		113231550		113231550		113231550
815		113231604		113231604		113231604
816		113231635		113231636		113231635
817		113231703		113231704		113231703
818		113231754		113231754		113231754
819		113231799		113231799		113231799
820		113231850		113231850		113231850
821		113231898		113231898		113231898
822		113231948		113231948		113231948
823		113231997		113231998		113231997
824		113232048		113232048		113232048
825		113232100		113232100		113232100
826		113232148		113232148		113232148
827		113232200		113232200		113232200
828		113232250		113232250		113232250
829		113232297		113232298		113232297
830		113232352		113232352		113232352
831		113232388		113232388		113232388
832		113232441		113232441		113232441
833		113232493		113232493		113232493
834		113232550		113232551		113232550
835		113232598		113232598		113232598
836		113232638		113232638		113232638
837		113232691		113232691		113232691
838		113232743		113232743		113232743
839		113232793		113232793		113232793
840		113232847		113232847		113232847
841		113232899		113232899		113232899
842		113232950		113232950		113232950
843		113233003		113233003		113233003
844		113233051		113233051		113233051
845		113233093		113233093		113233093
846		113233143		113233143		113233143
847		113233197		113233197		113233197
848		113233249		113233250		113233249
849		113233300		113233301		113233300
850		113233351		113233351		113233351
851		113233400		113233400		113233400
852		113233448		113233449		113233448
853		113233500		113233500		113233500
854		113233548		113233549		113233548
855		113233601		113233601		113233601
856		113233636		113233636		113233636
857		113233688		113233688		113233688
858		113233742		113233742		113233742
859		113233793		113233793		113233793
860		113233850		113233850		113233850
861		113233897		113233898		113233897
862		113233951		113233951		113233951
863		113233998		113233999		113233998
864		113234037		113234037		113234037
865		113234088		113234088		113234088
866		113234141		113234141		113234141
867		113234191		113234191		113234191
868		113234251		113234251		113234251
869		113234302		113234302		113234302
870		113234350		113234350		113234350
871		113234390		113234390		113234390
872		113234450		113234451		113234450
873		113234501		113234502		113234501
874		113234554		113234554		113234554
875		113234586		113234587		113234586
876		113234650		113234651		113234650
877		113234700		113234700		113234700
878		113234747		113234747		113234747
879		113234799		113234799		113234799
880		113234846		113234846		113234846
881		113234899		113234899		113234899
882		113234946		113234946		113234946
883		113234998		113234999		113234998
884		113235049		113235049		113235049
885		113235098		113235098		113235098
886		113235149		113235149		113235149
887		113235212		113235212		113235212
888		113235240		113235241		113235240
889		113235297		113235298		113235297
890		113235353		113235353		113235353
891		113235387		113235387		113235387
892		113235448		113235448		113235448
893		113235500		113235500		113235500
894		113235552		113235553		113235552
895		113235600		113235600		113235600
896		113235651		113235652		113235651
897		113235685		113235686		113235685
898		113235753		113235753		113235753
899		113235790		113235790		113235790
900		113235850		113235850		113235850
901		113235900		113235900		113235900
902		113235953		113235953		113235953
903		113235998		113235998		113235998
904		113236050		113236050		113236050
905		113236102		113236102		113236102
906		113236150		113236151		113236150
907		113236200		113236200		113236200
908		113236248		113236248		113236248
909		113236286		113236286		113236286
910		113236336		113236336		113236336
911		113236390		113236391		113236390
912		113236448		113236448		113236448
913		113236498		113236498		113236498
914		113236550		113236550		113236550
915		113236600		113236601		113236600
916		113236652		113236652		113236652
917		113236697		113236697		113236697
918		113236736		113236736		113236736
919		113236798		113236798		113236798
920		113236849		113236849		113236849
921		113236900		113236900		113236900
922		113236948		113236948		113236948
923		113237000		113237000		113237000
924		113237035		113237036		113237035
925		113237091		113237091		113237091
926		113237138		113237138		113237138
927		113237202		113237202		113237202
928		113237253		113237253		113237253
929		113237301		113237301		113237301
930		113237355		113237355		113237355
931		113237386		113237386		113237386
932		113237439		113237439		113237439
933		113237488		113237488		113237488
934		113237541		113237541		113237541
935		113237598		113237599		113237598
936		113237647		113237647		113237647
937		113237699		113237700		113237699
938		113237748		113237748		113237748
939		113237801		113237801		113237801
940		113237850		113237850		113237850
941		113237896		113237897		113237896
942		113237949		113237949		113237949
943		113238007		113238007		113238007
944		113238036		113238036		113238036
945		113238093		113238093		113238093
946		113238143		113238147		113238143
947		113238200		113238200		113238200
948		113238248		113238249		113238248
949		113238300		113238301		113238300
950		113238348		113238348		113238348
951		113238400		113238401		113238400
952		113238453		113238453		113238453
953		113238486		113238486		113238486
954		113238550		113238550		113238550
955		113238600		113238601		113238600
956		113238652		113238652		113238652
957		113238704		113238704		113238704
958		113238752		113238752		113238752
959		113238798		113238798		113238798
960		113238836		113238836		113238836
961		113238887		113238887		113238887
962		113238938		113238938		113238938
963		113238999		113238999		113238999
964		113239048		113239048		113239048
965		113239101		113239101		113239101
966		113239149		113239149		113239149
967		113239200		113239200		113239200
968		113239251		113239251		113239251
969		113239301		113239302		113239301
970		113239352		113239352		113239352
971		113239399		113239400		113239399
972		113239454		113239454		113239454
973		113239488		113239488		113239488
974		113239542		113239542		113239542
975		113239602		113239602		113239602
976		113239638		113239639		113239638
977		113239697		113239698		113239697
978		113239747		113239747		113239747
979		113239802		113239802		113239802
980		113239850		113239851		113239850
981		113239902		113239903		113239902
982		113239936		113239936		113239936
983		113239989		113239989		113239989
984		113240043		113240043		113240043
985		113240102		113240102		113240102
986		113240149		113240149		113240149
987		113240198		113240199		113240198
988		113240236		113240236		113240236
989		113240286		113240287		113240286
990		113240339		113240339		113240339
991		113240401		113240401		113240401
992		113240452		113240452		113240452
993		113240487		113240487		113240487
994		113240548		113240548		113240548
995		113240600		113240600		113240600
996		113240650		113240650		113240650
997		113240699		113240699		113240699
998		113240750		113240750		113240750
999		113240798		113240798		113240798
1000		113240836		113240836		113240836
1001		113240897		113240897		113240897
1002		113240948		113240948		113240948
1003		113241001		113241002		113241001
1004		113241047		113241047		113241047
1005		113241092		113241092		113241092
1006		113241143		113241143		113241143
1007		113241199		113241200		113241199
1008		113241248		113241248		113241248
1009		113241298		113241298		113241298
1010		113241350		113241351		113241350
1011		113241400		113241400		113241400
1012		113241453		113241453		113241453
1013		113241488		113241489		113241488
1014		113241543		113241543		113241543
1015		113241597		113241598		113241597
1016		113241638		113241638		113241638
1017		113241699		113241699		113241699
1018		113241746		113241746		113241746
1019		113241800		113241801		113241800
1020		113241848		113241848		113241848
1021		113241900		113241900		113241900
1022		113241950		113241950		113241950
1023		113242001		113242001		113242001
1024		113242050		113242051		113242050
1025		113242104		113242105		113242104
1026		113242137		113242138		113242137
1027		113242193		113242193		113242193
1028		113242243		113242252		113242243
1029		113242309		113242309		113242309
1030		113242342		113242342		113242342
1031		113242402		113242402		113242402
1032		113242438		113242439		113242438
1033		113242488		113242488		113242488
1034		113242542		113242542		113242542
1035		113242602		113242602		113242602
1036		113242651		113242651		113242651
1037		113242701		113242701		113242701
1038		113242751		113242751		113242751
1039		113242798		113242799		113242798
1040		113242868		113242869		113242868
1041		113242893		113242893		113242893
1042		113242949		113242949		113242949
1043		113242997		113242998		113242997
1044		113243051		113243051		113243051
1045		113243101		113243101		113243101
1046		113243149		113243149		113243149
1047		113243188		113243188		113243188
1048		113243240		113243241		113243240
1049		113243293		113243293		113243293
1050		113243350		113243350		113243350
1051		113243391		113243393		113243391
1052		113243442		113243442		113243442
1053		113243504		113243504		113243504
1054		113243537		113243537		113243537
1055		113243593		113243593		113243593
1056		113243653		113243653		113243653
1057		113243698		113243699		113243698
1058		113243749		113243749		113243749
1059		113243803		113243803		113243803
1060		113243849		113243849		113243849
1061		113243900		113243900		113243900
1062		113243947		113243947		113243947
1063		113244001		113244001		113244001
1064		113244050		113244050		113244050
1065		113244102		113244102		113244102
1066		113244152		113244152		113244152
1067		113244199		113244199		113244199
1068		113244243		113244243		113244243
1069		113244297		113244298		113244297
1070		113244351		113244353		113244351
1071		113244397		113244398		113244397
1072		113244449		113244451		113244449
1073		113244500		113244500		113244500
1074		113244547		113244547		113244547
1075		113244602		113244602		113244602
1076		113244651		113244651		113244651
1077		113244687		113244688		113244687
1078		113244748		113244748		113244748
1079		113244798		113244799		113244798
1080		113244851		113244851		113244851
1081		113244904		113244904		113244904
1082		113244937		113244937		113244937
1083		113245002		113245002		113245002
1084		113245036		113245037		113245036
1085		113245097		113245098		113245097
1086		113245148		113245148		113245148
1087		113245202		113245203		113245202
1088		113245250		113245250		113245250
1089		113245300		113245300		113245300
1090		113245348		113245348		113245348
1091		113245401		113245401		113245401
1092		113245449		113245450		113245449
1093		113245504		113245504		113245504
1094		113245549		113245549		113245549
1095		113245602		113245602		113245602
1096		113245653		113245653		113245653
1097		113245702		113245702		113245702
1098		113245747		113245747		113245747
1099		113245799		113245799		113245799
1100		113245837		113245837		113245837
1101		113245893		113245893		113245893
1102		113245946		113245946		113245946
1103		113245999		113245999		113245999
1104		113246048		113246048		113246048
1105		113246103		113246103		113246103
1106		113246148		113246148		113246148
1107		113246199		113246199		113246199
1108		113246250		113246250		113246250
1109		113246304		113246304		113246304
1110		113246336		113246336		113246336
1111		113246402		113246403		113246402
1112		113246437		113246437		113246437
1113		113246497		113246497		113246497
1114		113246547		113246548		113246547
1115		113246602		113246603		113246602
1116		113246641		113246641		113246641
1117		113246700		113246700		113246700
1118		113246747		113246747		113246747
1119		113246801		113246801		113246801
1120		113246851		113246851		113246851
1121		113246899		113246899		113246899
1122		113246952		113246952		113246952
1123		113246999		113246999		113246999
1124		113247043		113247043		113247043
1125		113247098		113247098		113247098
1126		113247148		113247148		113247148
1127		113247198		113247198		113247198
1128		113247252		113247252		113247252
1129		113247299		113247299		113247299
1130		113247350		113247350		113247350
1131		113247390		113247390		113247390
1132		113247451		113247453		113247451
1133		113247500		113247500		113247500
1134		113247652		113247652		113247652
1135		113247652		113247652		113247652
1136		113247653		113247653		113247653
1137		113247697		113247697		113247697
1138		113247752		113247752		113247752
1139		113247789		113247790		113247789
1140		113247848		113247853		113247848
1141		113247898		113247898		113247898
1142		113247948		113247948		113247948
1143		113248001		113248001		113248001
1144		113248048		113248048		113248048
1145		113248100		113248100		113248100
1146		113248148		113248148		113248148
1147		113248202		113248202		113248202
1148		113248250		113248250		113248250
1149		113248300		113248300		113248300
1150		113248351		113248351		113248351
1151		113248399		113248399		113248399
1152		113248450		113248450		113248450
1153		113248502		113248502		113248502
1154		113248537		113248537		113248537
1155		113248591		113248591		113248591
1156		113248650		113248651		113248650
1157		113248699		113248699		113248699
1158		113248748		113248748		113248748
1159		113248816		113248817		113248816
1160		113248849		113248850		113248849
1161		113248901		113248901		113248901
1162		113248938		113248939		113248938
1163		113248997		113248997		113248997
1164		113249050		113249050		113249050
1165		113249106		113249108		113249106
1166		113249142		113249142		113249142
1167		113249198		113249199		113249198
1168		113249237		113249237		113249237
1169		113249297		113249297		113249297
1170		113249348		113249348		113249348
1171		113249385		113249386		113249385
1172		113249441		113249442		113249441
1173		113249500		113249501		113249500
1174		113249559		113249559		113249559
1175		113249592		113249592		113249592
1176		113249649		113249649		113249649
1177		113249703		113249703		113249703
1178		113249736		113249736		113249736
1179		113249806		113249806		113249806
1180		113249837		113249838		113249837
1181		113249901		113249901		113249901
1182		113249943		113249943		113249943
1183		113249998		113249998		113249998
1184		113250048		113250048		113250048
1185		113250093		113250098		113250093
1186		113250148		113250148		113250148
1187		113250201		113250201		113250201
1188		113250250		113250250		113250250
1189		113250301		113250301		113250301
1190		113250336		113250337		113250336
1191		113250393		113250393		113250393
1192		113250448		113250448		113250448
1193		113250500		113250500		113250500
1194		113250536		113250537		113250536
1195		113250596		113250596		113250596
1196		113250654		113250654		113250654
1197		113250699		113250700		113250699
1198		113250748		113250748		113250748
1199		113250804		113250804		113250804
1200		113250837		113250838		113250837
1201		113250900		113250901		113250900
1202		113250948		113250948		113250948
1203		113250999		113250999		113250999
1204		113251048		113251049		113251048
1205		113251091		113251098		113251091
1206		113251140		113251141		113251140
1207		113251198		113251199		113251198
1208		113251243		113251243		113251243
1209		113251303		113251303		113251303
1210		113251354		113251354		113251354
1211		113251404		113251404		113251404
1212		113251439		113251439		113251439
1213		113251491		113251491		113251491
1214		113251548		113251548		113251548
1215		113251589		113251589		113251589
1216		113251648		113251648		113251648
1217		113251699		113251699		113251699
1218		113251736		113251736		113251736
1219		113251789		113251789		113251789
1220		113251837		113251837		113251837
1221		113251886		113251887		113251886
1222		113251943		113251943		113251943
1223		113251998		113251998		113251998
1224		113252046		113252047		113252046
1225		113252087		113252087		113252087
1226		113252141		113252141		113252141
1227		113252191		113252191		113252191
1228		113252249		113252249		113252249
1229		113252301		113252302		113252301
1230		113252341		113252341		113252341
1231		113252398		113252398		113252398
1232		113252449		113252449		113252449
1233		113252499		113252500		113252499
1234		113252553		113252553		113252553
1235		113252602		113252602		113252602
1236		113252655		113252655		113252655
1237		113252688		113252688		113252688
1238		113252743		113252743		113252743
1239		113252798		113252798		113252798
1240		113252857		113252857		113252857
1241		113252901		113252901		113252901
1242		113252949		113252949		113252949
1243		113253002		113253002		113253002
1244		113253048		113253048		113253048
1245		113253096		113253097		113253096
1246		113253149		113253149		113253149
1247		113253199		113253199		113253199
1248		113253250		113253250		113253250
1249		113253302		113253303		113253302
1250		113253339		113253339		113253339
1251		113253396		113253397		113253396
1252		113253448		113253448		113253448
1253		113253500		113253500		113253500
1254		113253548		113253548		113253548
1255		113253588		113253588		113253588
1256		113253648		113253648		113253648
1257		113253697		113253698		113253697
1258		113253748		113253748		113253748
1259		113253798		113253799		113253798
1260		113253850		113253850		113253850
1261		113253899		113253899		113253899
1262		113253953		113253953		113253953
1263		113254000		113254000		113254000
1264		113254052		113254052		113254052
1265		113254101		113254101		113254101
1266		113254143		113254143		113254143
1267		113254198		113254198		113254198
1268		113254248		113254248		113254248
1269		113254299		113254299		113254299
1270		113254349		113254349		113254349
1271		113254401		113254401		113254401
1272		113254449		113254449		113254449
1273		113254498		113254498		113254498
1274		113254537		113254537		113254537
1275		113254597		113254597		113254597
1276		113254636		113254636		113254636
1277		113254700		113254701		113254700
1278		113254750		113254750		113254750
1279		113254804		113254804		113254804
1280		113254841		113254842		113254841
1281		113254900		113254900		113254900
1282		113254935		113254936		113254935
1283		113255002		113255002		113255002
1284		113255047		113255047		113255047
1285		113255103		113255103		113255103
1286		113255148		113255148		113255148
1287		113255198		113255199		113255198
1288		113255250		113255250		113255250
1289		113255297		113255298		113255297
1290		113255352		113255352		113255352
1291		113255399		113255399		113255399
1292		113255452		113255452		113255452
1293		113255498		113255501		113255498
1294		113255548		113255548		113255548
1295		113255600		113255600		113255600
1296		113255637		113255638		113255637
1297		113255692		113255692		113255692
1298		113255747		113255747		113255747
1299		113255800		113255804		113255800
1300		113255840		113255840		113255840
1301		113255898		113255899		113255898
1302		113255937		113255937		113255937
1303		113255998		113255998		113255998
1304		113256037		113256037		113256037
1305		113256108		113256112		113256108
1306		113256139		113256140		113256139
1307		113256198		113256198		113256198
1308		113256248		113256248		113256248
1309		113256287		113256288		113256287
1310		113256337		113256337		113256337
1311		113256388		113256389		113256388
1312		113256448		113256448		113256448
1313		113256498		113256499		113256498
1314		113256549		113256549		113256549
1315		113256588		113256590		113256588
1316		113256653		113256653		113256653
1317		113256702		113256702		113256702
1318		113256736		113256737		113256736
1319		113256788		113256788		113256788
1320		113256841		113256841		113256841
1321		113256898		113256900		113256898
1322		113256948		113256948		113256948
1323		113257000		113257000		113257000
1324		113257047		113257047		113257047
1325		113257093		113257093		113257093
1326		113257148		113257149		113257148
1327		113257203		113257203		113257203
1328		113257249		113257249		113257249
1329		113257298		113257298		113257298
1330		113257340		113257340		113257340
1331		113257398		113257398		113257398
1332		113257451		113257452		113257451
1333		113257505		113257505		113257505
1334		113257539		113257539		113257539
1335		113257599		113257601		113257599
1336		113257637		113257639		113257637
1337		113257687		113257687		113257687
1338		113257748		113257749		113257748
1339		113257803		113257803		113257803
1340		113257848		113257849		113257848
1341		113257897		113257897		113257897
1342		113257949		113257950		113257949
1343		113258000		113258000		113258000
1344		113258056		113258057		113258056
1345		113258088		113258088		113258088
1346		113258136		113258136		113258136
1347		113258188		113258188		113258188
1348		113258240		113258240		113258240
1349		113258297		113258298		113258297
1350		113258348		113258348		113258348
1351		113258400		113258400		113258400
1352		113258436		113258437		113258436
1353		113258488		113258488		113258488
1354		113258537		113258537		113258537
1355		113258592		113258592		113258592
1356		113258652		113258652		113258652
1357		113258690		113258690		113258690
1358		113258751		113258752		113258751
1359		113258798		113258799		113258798
1360		113258850		113258851		113258850
1361		113258901		113258901		113258901
1362		113258953		113258953		113258953
1363		113259001		113259002		113259001
1364		113259049		113259049		113259049
1365		113259086		113259086		113259086
1366		113259138		113259138		113259138
1367		113259202		113259203		113259202
1368		113259236		113259236		113259236
1369		113259300		113259301		113259300
1370		113259349		113259349		113259349
1371		113259398		113259399		113259398
1372		113259451		113259451		113259451
1373		113259500		113259501		113259500
1374		113259537		113259537		113259537
1375		113259599		113259600		113259599
1376		113259656		113259656		113259656
1377		113259688		113259688		113259688
1378		113259743		113259743		113259743
1379		113259798		113259799		113259798
1380		113259836		113259836		113259836
1381		113259887		113259887		113259887
1382		113259948		113259948		113259948
1383		113259997		113259997		113259997
1384		113300120		113300120		113300120
1385		113300120		113300120		113300120
1386		113300142		113300149		113300142
1387		113300199		113300199		113300199
1388		113300250		113300250		113300250
1389		113300302		113300302		113300302
1390		113300337		113300339		113300337
1391		113300392		113300393		113300392
1392		113300447		113300448		113300447
1393		113300486		113300486		113300486
1394		113300538		113300539		113300538
1395		113300589		113300590		113300589
1396		113300647		113300648		113300647
1397		113300704		113300704		113300704
1398		113300747		113300747		113300747
