1		114742359		114742360		114742359
2		114742367		114742367		114742367
3		114742454		114742454		114742454
4		114742469		114742469		114742469
5		114742516		114742516		114742516
6		114742566		114742566		114742566
7		114742622		114742626		114742622
8		114742673		114742674		114742673
9		114742718		114742718		114742718
10		114742773		114742773		114742773
11		114742821		114742821		114742821
12		114742864		114742864		114742864
13		114742924		114742924		114742924
14		114742965		114742965		114742965
15		114743032		114743032		114743032
16		114743066		114743066		114743066
17		114743115		114743115		114743115
18		114743170		114743170		114743170
19		114743222		114743222		114743222
20		114743274		114743274		114743274
21		114743322		114743322		114743322
22		114743364		114743364		114743364
23		114743419		114743420		114743419
24		114743465		114743468		114743465
25		114743521		114743521		114743521
26		114743570		114743570		114743570
27		114743619		114743623		114743619
28		114743671		114743672		114743671
29		114743726		114743726		114743726
30		114743774		114743775		114743774
31		114743814		114743816		114743814
32		114743872		114743872		114743872
33		114743921		114743921		114743921
34		114743972		114743972		114743972
35		114744025		114744026		114744025
36		114744154		114744154		114744154
37		114744154		114744154		114744154
38		114744183		114744186		114744183
39		114744214		114744215		114744214
40		114744268		114744269		114744268
41		114744441		114744441		114744441
42		114744441		114744441		114744441
43		114744483		114744483		114744483
44		114744549		114744549		114744549
45		114744573		114744573		114744573
46		114744615		114744616		114744615
47		114744670		114744670		114744670
48		114744717		114744718		114744717
49		114744781		114744781		114744781
50		114744833		114744834		114744833
51		114744868		114744868		114744868
52		114744915		114744915		114744915
53		114744967		114744967		114744967
54		114745035		114745035		114745035
55		114745084		114745084		114745084
56		114745114		114745114		114745114
57		114745167		114745167		114745167
58		114745219		114745219		114745219
59		114745271		114745271		114745271
60		114745322		114745324		114745322
61		114745375		114745375		114745375
62		114745433		114745433		114745433
63		114745467		114745468		114745467
64		114745526		114745526		114745526
65		114745566		114745566		114745566
66		114745623		114745623		114745623
67		114745674		114745674		114745674
68		114745725		114745725		114745725
69		114745776		114745776		114745776
70		114745816		114745817		114745816
71		114745869		114745869		114745869
72		114745917		114745917		114745917
73		114745969		114745969		114745969
74		114746017		114746017		114746017
75		114746071		114746071		114746071
76		114746126		114746127		114746126
77		114746181		114746181		114746181
78		114746218		114746218		114746218
79		114746275		114746276		114746275
80		114746325		114746325		114746325
81		114746382		114746382		114746382
82		114746414		114746414		114746414
83		114746470		114746470		114746470
84		114746515		114746515		114746515
85		114746569		114746570		114746569
86		114746622		114746622		114746622
87		114746674		114746674		114746674
88		114746731		114746731		114746731
89		114746764		114746765		114746764
90		114746817		114746817		114746817
91		114746869		114746869		114746869
92		114746924		114746924		114746924
93		114746979		114746979		114746979
94		114747015		114747015		114747015
95		114747074		114747074		114747074
96		114747125		114747125		114747125
97		114747176		114747176		114747176
98		114747215		114747216		114747215
99		114747267		114747267		114747267
100		114747316		114747317		114747316
101		114747368		114747368		114747368
102		114747417		114747417		114747417
103		114747465		114747465		114747465
104		114747520		114747520		114747520
105		114747573		114747573		114747573
106		114747622		114747623		114747622
107		114747680		114747680		114747680
108		114747730		114747730		114747730
109		114747783		114747783		114747783
110		114747814		114747814		114747814
111		114747869		114747869		114747869
112		114747917		114747918		114747917
113		114747971		114747971		114747971
114		114748022		114748022		114748022
115		114748076		114748076		114748076
116		114748118		114748118		114748118
117		114748171		114748171		114748171
118		114748219		114748219		114748219
119		114748266		114748266		114748266
120		114748321		114748321		114748321
121		114748372		114748374		114748372
122		114748426		114748427		114748426
123		114748466		114748466		114748466
124		114748523		114748523		114748523
125		114748575		114748577		114748575
126		114748615		114748615		114748615
127		114748667		114748667		114748667
128		114748717		114748717		114748717
129		114748771		114748771		114748771
130		114748827		114748830		114748827
131		114748865		114748866		114748865
132		114748920		114748920		114748920
133		114748968		114748968		114748968
134		114749018		114749018		114749018
135		114749077		114749079		114749077
136		114749127		114749127		114749127
137		114749183		114749183		114749183
138		114749214		114749214		114749214
139		114749268		114749268		114749268
140		114749333		114749334		114749333
141		114749368		114749372		114749368
142		114749415		114749415		114749415
143		114749469		114749469		114749469
144		114749524		114749525		114749524
145		114749572		114749572		114749572
146		114749627		114749632		114749627
147		114749677		114749679		114749677
148		114749719		114749719		114749719
149		114749765		114749765		114749765
150		114749834		114749834		114749834
151		114749864		114749864		114749864
152		114749915		114749916		114749915
153		114749971		114749971		114749971
154		114750032		114750034		114750032
155		114750064		114750064		114750064
156		114750116		114750116		114750116
157		114750171		114750171		114750171
158		114750220		114750220		114750220
159		114750273		114750273		114750273
160		114750323		114750323		114750323
161		114750376		114750376		114750376
162		114750431		114750432		114750431
163		114750463		114750464		114750463
164		114750520		114750520		114750520
165		114750572		114750572		114750572
166		114750614		114750614		114750614
167		114750669		114750669		114750669
168		114750716		114750716		114750716
169		114750768		114750768		114750768
170		114750815		114750816		114750815
171		114750864		114750865		114750864
172		114750920		114750920		114750920
173		114750972		114750972		114750972
174		114751020		114751020		114751020
175		114751095		114751096		114751095
176		114751118		114751118		114751118
177		114751167		114751167		114751167
178		114751216		114751217		114751216
179		114751267		114751268		114751267
180		114751316		114751316		114751316
181		114751367		114751367		114751367
182		114751421		114751423		114751421
183		114751473		114751473		114751473
184		114751533		114751533		114751533
185		114751564		114751565		114751564
186		114751624		114751625		114751624
187		114751665		114751666		114751665
188		114751721		114751721		114751721
189		114751771		114751773		114751771
190		114751825		114751825		114751825
191		114751880		114751880		114751880
192		114751931		114751931		114751931
193		114751965		114751965		114751965
194		114752021		114752021		114752021
195		114752084		114752085		114752084
196		114752115		114752115		114752115
197		114752176		114752176		114752176
198		114752215		114752216		114752215
199		114752267		114752267		114752267
200		114752316		114752317		114752316
201		114752369		114752369		114752369
202		114752420		114752420		114752420
203		114752467		114752468		114752467
204		114752522		114752523		114752522
205		114752576		114752576		114752576
206		114752631		114752631		114752631
207		114752669		114752669		114752669
208		114752727		114752729		114752727
209		114752775		114752775		114752775
210		114752815		114752815		114752815
211		114752865		114752865		114752865
212		114752917		114752917		114752917
213		114752966		114752966		114752966
214		114753019		114753019		114753019
215		114753074		114753074		114753074
216		114753123		114753124		114753123
217		114753181		114753181		114753181
218		114753233		114753234		114753233
219		114753266		114753266		114753266
220		114753319		114753320		114753319
221		114753366		114753366		114753366
222		114753425		114753426		114753425
223		114753466		114753467		114753466
224		114753518		114753518		114753518
225		114753570		114753570		114753570
226		114753617		114753618		114753617
227		114753672		114753672		114753672
228		114753719		114753720		114753719
229		114753766		114753767		114753766
230		114753819		114753819		114753819
231		114753875		114753876		114753875
232		114753925		114753925		114753925
233		114753965		114753965		114753965
234		114754020		114754020		114754020
235		114754070		114754070		114754070
236		114754121		114754122		114754121
237		114754173		114754173		114754173
238		114754226		114754226		114754226
239		114754276		114754276		114754276
240		114754315		114754315		114754315
241		114754370		114754370		114754370
242		114754432		114754432		114754432
243		114754466		114754466		114754466
244		114754520		114754520		114754520
245		114754567		114754567		114754567
246		114754622		114754622		114754622
247		114754668		114754669		114754668
248		114754721		114754721		114754721
249		114754773		114754773		114754773
250		114754814		114754814		114754814
251		114754884		114754884		114754884
252		114754915		114754916		114754915
253		114754968		114754968		114754968
254		114755018		114755018		114755018
255		114755071		114755072		114755071
256		114755120		114755120		114755120
257		114755169		114755170		114755169
258		114755220		114755220		114755220
259		114755269		114755269		114755269
260		114755320		114755321		114755320
261		114755366		114755366		114755366
262		114755414		114755416		114755414
263		114755467		114755467		114755467
264		114755516		114755516		114755516
265		114755573		114755573		114755573
266		114755627		114755629		114755627
267		114755666		114755667		114755666
268		114755717		114755717		114755717
269		114755771		114755771		114755771
270		114755820		114755820		114755820
271		114755873		114755873		114755873
272		114755921		114755922		114755921
273		114755969		114755969		114755969
274		114756026		114756031		114756026
275		114756066		114756066		114756066
276		114756132		114756132		114756132
277		114756169		114756169		114756169
278		114756223		114756223		114756223
279		114756273		114756274		114756273
280		114756333		114756334		114756333
281		114756365		114756365		114756365
282		114756416		114756416		114756416
283		114756472		114756473		114756472
284		114756522		114756522		114756522
285		114756582		114756583		114756582
286		114756618		114756619		114756618
287		114756679		114756680		114756679
288		114756714		114756714		114756714
289		114756767		114756767		114756767
290		114756823		114756823		114756823
291		114756880		114756881		114756880
292		114756915		114756916		114756915
293		114756972		114756972		114756972
294		114757020		114757020		114757020
295		114757075		114757075		114757075
296		114757119		114757119		114757119
297		114757170		114757170		114757170
298		114757218		114757218		114757218
299		114757281		114757281		114757281
300		114757333		114757333		114757333
301		114757368		114757368		114757368
302		114757424		114757425		114757424
303		114757481		114757481		114757481
304		114757532		114757532		114757532
305		114757570		114757570		114757570
306		114757616		114757616		114757616
307		114757669		114757669		114757669
308		114757719		114757719		114757719
309		114757774		114757774		114757774
310		114757826		114757827		114757826
311		114757864		114757865		114757864
312		114757920		114757920		114757920
313		114757969		114757969		114757969
314		114758021		114758021		114758021
315		114758068		114758069		114758068
316		114758122		114758122		114758122
317		114758183		114758183		114758183
318		114758217		114758217		114758217
319		114758266		114758266		114758266
320		114758323		114758323		114758323
321		114758367		114758368		114758367
322		114758416		114758416		114758416
323		114758467		114758467		114758467
324		114758522		114758522		114758522
325		114758580		114758580		114758580
326		114758620		114758620		114758620
327		114758670		114758670		114758670
328		114758722		114758723		114758722
329		114758776		114758776		114758776
330		114758833		114758834		114758833
331		114758866		114758866		114758866
332		114758921		114758921		114758921
333		114758973		114758973		114758973
334		114759014		114759014		114759014
335		114759069		114759070		114759069
336		114759116		114759116		114759116
337		114759166		114759166		114759166
338		114759217		114759218		114759217
339		114759266		114759267		114759266
340		114759319		114759319		114759319
341		114759370		114759370		114759370
342		114759421		114759421		114759421
343		114759475		114759475		114759475
344		114759525		114759525		114759525
345		114759575		114759575		114759575
346		114759621		114759621		114759621
347		114759673		114759673		114759673
348		114759730		114759730		114759730
349		114759768		114759769		114759768
350		114759819		114759819		114759819
351		114759871		114759872		114759871
352		114759923		114759924		114759923
353		114759976		114759977		114759976
354		114800120		114800120		114800120
355		114800121		114800121		114800121
356		114800121		114800121		114800121
357		114800179		114800180		114800179
358		114800231		114800231		114800231
359		114800265		114800266		114800265
360		114800321		114800321		114800321
361		114800371		114800371		114800371
362		114800424		114800424		114800424
363		114800474		114800474		114800474
364		114800515		114800515		114800515
365		114800569		114800569		114800569
366		114800620		114800620		114800620
367		114800674		114800674		114800674
368		114800724		114800724		114800724
369		114800776		114800777		114800776
370		114800827		114800832		114800827
371		114800865		114800865		114800865
372		114800920		114800922		114800920
373		114800970		114800970		114800970
374		114801025		114801026		114801025
375		114801068		114801069		114801068
376		114801123		114801124		114801123
377		114801176		114801176		114801176
378		114801215		114801215		114801215
379		114801265		114801266		114801265
380		114801317		114801318		114801317
381		114801369		114801369		114801369
382		114801434		114801434		114801434
383		114801465		114801467		114801465
384		114801521		114801521		114801521
385		114801573		114801573		114801573
386		114801626		114801626		114801626
387		114801682		114801682		114801682
388		114801715		114801715		114801715
389		114801768		114801768		114801768
390		114801816		114801816		114801816
391		114801869		114801870		114801869
392		114801916		114801916		114801916
393		114801969		114801969		114801969
394		114802017		114802018		114802017
395		114802071		114802071		114802071
396		114802120		114802120		114802120
397		114802174		114802174		114802174
398		114802222		114802223		114802222
399		114802275		114802276		114802275
400		114802314		114802314		114802314
401		114802368		114802368		114802368
402		114802416		114802416		114802416
403		114802470		114802471		114802470
404		114802519		114802519		114802519
405		114802571		114802571		114802571
406		114802620		114802620		114802620
407		114802665		114802666		114802665
408		114802718		114802718		114802718
409		114802771		114802771		114802771
410		114802824		114802824		114802824
411		114802880		114802880		114802880
412		114802936		114802936		114802936
413		114802963		114802964		114802963
414		114803018		114803019		114803018
415		114803070		114803070		114803070
416		114803130		114803131		114803130
417		114803176		114803176		114803176
418		114803215		114803215		114803215
419		114803274		114803274		114803274
420		114803323		114803324		114803323
421		114803376		114803376		114803376
422		114803417		114803417		114803417
423		114803467		114803467		114803467
424		114803520		114803520		114803520
425		114803574		114803574		114803574
426		114803634		114803634		114803634
427		114803667		114803667		114803667
428		114803724		114803725		114803724
429		114803775		114803777		114803775
430		114803814		114803814		114803814
431		114803872		114803872		114803872
432		114803926		114803926		114803926
433		114803965		114803965		114803965
434		114804018		114804018		114804018
435		114804074		114804074		114804074
436		114804123		114804124		114804123
437		114804182		114804182		114804182
438		114804219		114804219		114804219
439		114804266		114804267		114804266
440		114804318		114804319		114804318
441		114804369		114804370		114804369
442		114804423		114804423		114804423
443		114804472		114804473		114804472
444		114804516		114804516		114804516
445		114804567		114804568		114804567
446		114804638		114804639		114804638
447		114804669		114804669		114804669
448		114804780		114804782		114804780
449		114804782		114804783		114804782
450		114804819		114804820		114804819
451		114804875		114804875		114804875
452		114804918		114804918		114804918
453		114804979		114804980		114804979
454		114805030		114805031		114805030
455		114805065		114805065		114805065
456		114805116		114805116		114805116
457		114805167		114805167		114805167
458		114805219		114805220		114805219
459		114805274		114805274		114805274
460		114805331		114805331		114805331
461		114805364		114805365		114805364
462		114805417		114805418		114805417
463		114805466		114805466		114805466
464		114805518		114805519		114805518
465		114805570		114805574		114805570
466		114805627		114805632		114805627
467		114805667		114805668		114805667
468		114805722		114805722		114805722
469		114805774		114805774		114805774
470		114805825		114805826		114805825
471		114805882		114805882		114805882
472		114805915		114805915		114805915
473		114805970		114805970		114805970
474		114806025		114806026		114806025
475		114806066		114806066		114806066
476		114806132		114806132		114806132
477		114806165		114806165		114806165
478		114806217		114806218		114806217
479		114806266		114806266		114806266
480		114806319		114806319		114806319
481		114806376		114806376		114806376
482		114806426		114806426		114806426
483		114806471		114806472		114806471
484		114806532		114806532		114806532
485		114806566		114806566		114806566
486		114806631		114806631		114806631
487		114806670		114806671		114806670
488		114806717		114806717		114806717
489		114806771		114806771		114806771
490		114806819		114806819		114806819
491		114806881		114806881		114806881
492		114806917		114806917		114806917
493		114806968		114806969		114806968
494		114807023		114807023		114807023
495		114807080		114807080		114807080
496		114807127		114807127		114807127
497		114807166		114807167		114807166
498		114807218		114807218		114807218
499		114807268		114807268		114807268
500		114807317		114807317		114807317
501		114807368		114807368		114807368
502		114807416		114807416		114807416
503		114807473		114807473		114807473
504		114807525		114807526		114807525
505		114807564		114807564		114807564
506		114807618		114807618		114807618
507		114807668		114807668		114807668
508		114807724		114807724		114807724
509		114807781		114807782		114807781
510		114807814		114807814		114807814
511		114807868		114807870		114807868
512		114807922		114807922		114807922
513		114807969		114807969		114807969
514		114808018		114808018		114808018
515		114808075		114808075		114808075
516		114808115		114808116		114808115
517		114808167		114808169		114808167
518		114808221		114808221		114808221
519		114808276		114808276		114808276
520		114808325		114808325		114808325
521		114808367		114808367		114808367
522		114808420		114808421		114808420
523		114808469		114808469		114808469
524		114808520		114808521		114808520
525		114808573		114808573		114808573
526		114808625		114808625		114808625
527		114808682		114808682		114808682
528		114808715		114808715		114808715
529		114808768		114808768		114808768
530		114808820		114808820		114808820
531		114808875		114808875		114808875
532		114808931		114808932		114808931
533		114808965		114808965		114808965
534		114809017		114809017		114809017
535		114809068		114809069		114809068
536		114809130		114809130		114809130
537		114809170		114809170		114809170
538		114809223		114809223		114809223
539		114809273		114809274		114809273
540		114809330		114809330		114809330
541		114809383		114809383		114809383
542		114809414		114809415		114809414
543		114809465		114809465		114809465
544		114809520		114809520		114809520
545		114809574		114809574		114809574
546		114809617		114809617		114809617
547		114809676		114809676		114809676
548		114809715		114809716		114809715
549		114809767		114809768		114809767
550		114809818		114809819		114809818
551		114809867		114809867		114809867
552		114809921		114809921		114809921
553		114809972		114809972		114809972
554		114810081		114810081		114810081
555		114810081		114810082		114810081
556		114810116		114810117		114810116
557		114810252		114810252		114810252
558		114810277		114810277		114810277
559		114810449		114810449		114810449
560		114810449		114810449		114810449
561		114810449		114810449		114810449
562		114810471		114810471		114810471
563		114810525		114810526		114810525
564		114810582		114810582		114810582
565		114810614		114810614		114810614
566		114810671		114810672		114810671
567		114810725		114810725		114810725
568		114810767		114810768		114810767
569		114810855		114810856		114810855
570		114810870		114810871		114810870
571		114810923		114810924		114810923
572		114810975		114810976		114810975
573		114811016		114811016		114811016
574		114811093		114811093		114811093
575		114811118		114811118		114811118
576		114811170		114811170		114811170
577		114811225		114811225		114811225
578		114811280		114811280		114811280
579		114811314		114811315		114811314
580		114811372		114811373		114811372
581		114811414		114811415		114811414
582		114811467		114811467		114811467
583		114811518		114811519		114811518
584		114811574		114811575		114811574
585		114811615		114811615		114811615
586		114811671		114811672		114811671
587		114811721		114811721		114811721
588		114811774		114811782		114811774
589		114811817		114811817		114811817
590		114811871		114811872		114811871
591		114811922		114811922		114811922
592		114811973		114811974		114811973
593		114812025		114812026		114812025
594		114812083		114812084		114812083
595		114812117		114812118		114812117
596		114812170		114812170		114812170
597		114812221		114812222		114812221
598		114812275		114812275		114812275
599		114812315		114812316		114812315
600		114812366		114812367		114812366
601		114812418		114812418		114812418
602		114812467		114812468		114812467
603		114812519		114812519		114812519
604		114812567		114812567		114812567
605		114812619		114812620		114812619
606		114812668		114812669		114812668
607		114812722		114812722		114812722
608		114812783		114812784		114812783
609		114812815		114812816		114812815
610		114812867		114812868		114812867
611		114812930		114812930		114812930
612		114812981		114812983		114812981
613		114813017		114813018		114813017
614		114813081		114813083		114813081
615		114813117		114813117		114813117
616		114813174		114813174		114813174
617		114813231		114813232		114813231
618		114813268		114813268		114813268
619		114813319		114813319		114813319
620		114813371		114813371		114813371
621		114813424		114813425		114813424
622		114813476		114813476		114813476
623		114813515		114813515		114813515
624		114813568		114813568		114813568
625		114813615		114813615		114813615
626		114813665		114813665		114813665
627		114813722		114813723		114813722
628		114813765		114813765		114813765
629		114813821		114813821		114813821
630		114813876		114813876		114813876
631		114813926		114813927		114813926
632		114813968		114813968		114813968
633		114814036		114814036		114814036
634		114814070		114814071		114814070
635		114814122		114814122		114814122
636		114814172		114814173		114814172
637		114814225		114814226		114814225
638		114814276		114814276		114814276
639		114814315		114814315		114814315
640		114814365		114814365		114814365
641		114814417		114814417		114814417
642		114814472		114814472		114814472
643		114814520		114814520		114814520
644		114814573		114814573		114814573
645		114814619		114814619		114814619
646		114814673		114814675		114814673
647		114814725		114814725		114814725
648		114814766		114814767		114814766
649		114814823		114814823		114814823
650		114814870		114814870		114814870
651		114814931		114814931		114814931
652		114814976		114814984		114814976
653		114815015		114815016		114815015
654		114815074		114815074		114815074
655		114815130		114815130		114815130
656		114815165		114815165		114815165
657		114815218		114815218		114815218
658		114815275		114815275		114815275
659		114815318		114815318		114815318
660		114815381		114815381		114815381
661		114815413		114815414		114815413
662		114815466		114815466		114815466
663		114815515		114815515		114815515
664		114815568		114815569		114815568
665		114815614		114815615		114815614
666		114815665		114815665		114815665
667		114815722		114815722		114815722
668		114815785		114815785		114815785
669		114815815		114815816		114815815
670		114815867		114815867		114815867
671		114815920		114815920		114815920
672		114815970		114815970		114815970
673		114816023		114816023		114816023
674		114816093		114816093		114816093
675		114816124		114816124		114816124
676		114816179		114816180		114816179
677		114816226		114816227		114816226
678		114816286		114816286		114816286
679		114816314		114816314		114816314
680		114816365		114816367		114816365
681		114816418		114816419		114816418
682		114816473		114816473		114816473
683		114816523		114816523		114816523
684		114816575		114816575		114816575
685		114816618		114816618		114816618
686		114816666		114816667		114816666
687		114816717		114816718		114816717
688		114816771		114816771		114816771
689		114816824		114816824		114816824
690		114816870		114816871		114816870
691		114816913		114816914		114816913
692		114816967		114816968		114816967
693		114817015		114817015		114817015
694		114817070		114817070		114817070
695		114817121		114817121		114817121
696		114817171		114817172		114817171
697		114817225		114817225		114817225
698		114817265		114817265		114817265
699		114817317		114817317		114817317
700		114817367		114817368		114817367
701		114817420		114817420		114817420
702		114817468		114817468		114817468
703		114817521		114817522		114817521
704		114817575		114817575		114817575
705		114817630		114817630		114817630
706		114817687		114817687		114817687
707		114817716		114817716		114817716
708		114817774		114817774		114817774
709		114817832		114817832		114817832
710		114817864		114817865		114817864
711		114817919		114817919		114817919
712		114817965		114817965		114817965
713		114818021		114818021		114818021
714		114818072		114818075		114818072
715		114818116		114818117		114818116
716		114818167		114818167		114818167
717		114818219		114818220		114818219
718		114818266		114818266		114818266
719		114818321		114818322		114818321
720		114818371		114818371		114818371
721		114818420		114818421		114818420
722		114818473		114818474		114818473
723		114818527		114818527		114818527
724		114818577		114818577		114818577
725		114818619		114818619		114818619
726		114818680		114818681		114818680
727		114818716		114818717		114818716
728		114818769		114818769		114818769
729		114818822		114818822		114818822
730		114818873		114818873		114818873
731		114818915		114818915		114818915
732		114818968		114818968		114818968
733		114819024		114819024		114819024
734		114819073		114819073		114819073
735		114819116		114819116		114819116
736		114819166		114819166		114819166
737		114819218		114819218		114819218
738		114819270		114819270		114819270
739		114819318		114819318		114819318
740		114819366		114819366		114819366
741		114819422		114819422		114819422
742		114819475		114819475		114819475
743		114819525		114819525		114819525
744		114819565		114819566		114819565
745		114819622		114819622		114819622
746		114819671		114819672		114819671
747		114819715		114819715		114819715
748		114819770		114819770		114819770
749		114819826		114819826		114819826
750		114819866		114819866		114819866
751		114819916		114819917		114819916
752		114819965		114819965		114819965
753		114820019		114820019		114820019
754		114820069		114820069		114820069
755		114820124		114820124		114820124
756		114820167		114820167		114820167
757		114820216		114820216		114820216
758		114820269		114820269		114820269
759		114820323		114820323		114820323
760		114820374		114820374		114820374
761		114820430		114820430		114820430
762		114820486		114820486		114820486
763		114820515		114820515		114820515
764		114820571		114820572		114820571
765		114820618		114820618		114820618
766		114820671		114820672		114820671
767		114820724		114820724		114820724
768		114820766		114820766		114820766
769		114820822		114820822		114820822
770		114820876		114820876		114820876
771		114820925		114820925		114820925
772		114820966		114820966		114820966
773		114821020		114821020		114821020
774		114821068		114821068		114821068
775		114821119		114821119		114821119
776		114821168		114821169		114821168
777		114821215		114821215		114821215
778		114821266		114821266		114821266
779		114821320		114821320		114821320
780		114821374		114821375		114821374
781		114821431		114821431		114821431
782		114821556		114821570		114821556
783		114821570		114821571		114821570
784		114821585		114821586		114821585
785		114821625		114821625		114821625
786		114821681		114821681		114821681
787		114821731		114821731		114821731
788		114821784		114821784		114821784
789		114821815		114821815		114821815
790		114821885		114821885		114821885
791		114821915		114821916		114821915
792		114821970		114821970		114821970
793		114822020		114822020		114822020
794		114822075		114822075		114822075
795		114822118		114822118		114822118
796		114822166		114822166		114822166
797		114822218		114822218		114822218
798		114822267		114822267		114822267
799		114822320		114822320		114822320
800		114822369		114822369		114822369
801		114822417		114822418		114822417
802		114822468		114822468		114822468
803		114822523		114822523		114822523
804		114822571		114822572		114822571
805		114822619		114822619		114822619
806		114822676		114822676		114822676
807		114822715		114822716		114822715
808		114822766		114822766		114822766
809		114822820		114822820		114822820
810		114822873		114822873		114822873
811		114822922		114822922		114822922
812		114822980		114822980		114822980
813		114823030		114823030		114823030
814		114823084		114823084		114823084
815		114823113		114823114		114823113
816		114823172		114823172		114823172
817		114823224		114823224		114823224
818		114823270		114823270		114823270
819		114823330		114823330		114823330
820		114823376		114823382		114823376
821		114823420		114823420		114823420
822		114823476		114823476		114823476
823		114823533		114823533		114823533
824		114823565		114823565		114823565
825		114823620		114823620		114823620
826		114823670		114823670		114823670
827		114823723		114823723		114823723
828		114823780		114823780		114823780
829		114823815		114823815		114823815
830		114823871		114823871		114823871
831		114823925		114823925		114823925
832		114823975		114823975		114823975
833		114824014		114824014		114824014
834		114824066		114824066		114824066
835		114824118		114824118		114824118
836		114824172		114824173		114824172
837		114824223		114824223		114824223
838		114824276		114824276		114824276
839		114824327		114824332		114824327
840		114824370		114824370		114824370
841		114824423		114824423		114824423
842		114824472		114824472		114824472
843		114824529		114824530		114824529
844		114824582		114824582		114824582
845		114824624		114824625		114824624
846		114824676		114824676		114824676
847		114824716		114824716		114824716
848		114824764		114824764		114824764
849		114824818		114824818		114824818
850		114824886		114824887		114824886
851		114824934		114824934		114824934
852		114824964		114824965		114824964
853		114825122		114825122		114825122
854		114825122		114825122		114825122
855		114825122		114825122		114825122
856		114825170		114825170		114825170
857		114825223		114825223		114825223
858		114825282		114825282		114825282
859		114825315		114825315		114825315
860		114825368		114825368		114825368
861		114825418		114825418		114825418
862		114825476		114825476		114825476
863		114825524		114825524		114825524
864		114825576		114825581		114825576
865		114825619		114825620		114825619
866		114825675		114825675		114825675
867		114825714		114825714		114825714
868		114825768		114825768		114825768
869		114825822		114825822		114825822
870		114825882		114825882		114825882
871		114825918		114825918		114825918
872		114825970		114825970		114825970
873		114826022		114826022		114826022
874		114826072		114826073		114826072
875		114826126		114826126		114826126
876		114826180		114826180		114826180
877		114826235		114826235		114826235
878		114826264		114826264		114826264
879		114826316		114826317		114826316
880		114826369		114826369		114826369
881		114826423		114826423		114826423
882		114826476		114826476		114826476
883		114826525		114826525		114826525
884		114826568		114826568		114826568
885		114826623		114826624		114826623
886		114826675		114826675		114826675
887		114826716		114826716		114826716
888		114826765		114826765		114826765
889		114826817		114826817		114826817
890		114826872		114826873		114826872
891		114826916		114826916		114826916
892		114826976		114826976		114826976
893		114827018		114827018		114827018
894		114827069		114827069		114827069
895		114827123		114827123		114827123
896		114827181		114827181		114827181
897		114827213		114827214		114827213
898		114827268		114827268		114827268
899		114827326		114827326		114827326
900		114827381		114827381		114827381
901		114827415		114827415		114827415
902		114827466		114827468		114827466
903		114827519		114827520		114827519
904		114827573		114827573		114827573
905		114827621		114827621		114827621
906		114827664		114827664		114827664
907		114827718		114827718		114827718
908		114827766		114827767		114827766
909		114827815		114827815		114827815
910		114827870		114827870		114827870
911		114827921		114827921		114827921
912		114827974		114827975		114827974
913		114828032		114828032		114828032
914		114828066		114828067		114828066
915		114828117		114828117		114828117
916		114828165		114828166		114828165
917		114828231		114828231		114828231
918		114828282		114828282		114828282
919		114828335		114828335		114828335
920		114828365		114828365		114828365
921		114828418		114828418		114828418
922		114828466		114828466		114828466
923		114828516		114828516		114828516
924		114828567		114828567		114828567
925		114828615		114828615		114828615
926		114828670		114828670		114828670
927		114828719		114828719		114828719
928		114828769		114828769		114828769
929		114828817		114828818		114828817
930		114828866		114828867		114828866
931		114828918		114828918		114828918
932		114828977		114828979		114828977
933		114829032		114829032		114829032
934		114829065		114829065		114829065
935		114829122		114829122		114829122
936		114829173		114829173		114829173
937		114829224		114829224		114829224
938		114829280		114829280		114829280
939		114829330		114829330		114829330
940		114829382		114829382		114829382
941		114829414		114829414		114829414
942		114829471		114829471		114829471
943		114829519		114829519		114829519
944		114829570		114829570		114829570
945		114829631		114829631		114829631
946		114829682		114829682		114829682
947		114829718		114829718		114829718
948		114829771		114829773		114829771
949		114829821		114829822		114829821
950		114829876		114829876		114829876
951		114829915		114829915		114829915
952		114829968		114829969		114829968
953		114830017		114830017		114830017
954		114830081		114830081		114830081
955		114830114		114830115		114830114
956		114830184		114830184		114830184
957		114830214		114830214		114830214
958		114830266		114830267		114830266
959		114830318		114830318		114830318
960		114830366		114830366		114830366
961		114830417		114830418		114830417
962		114830467		114830467		114830467
963		114830521		114830521		114830521
964		114830566		114830567		114830566
965		114830618		114830619		114830618
966		114830671		114830671		114830671
967		114830731		114830731		114830731
968		114830786		114830786		114830786
969		114830816		114830816		114830816
970		114830882		114830882		114830882
971		114830913		114830913		114830913
972		114830970		114830971		114830970
973		114831023		114831023		114831023
974		114831064		114831064		114831064
975		114831124		114831124		114831124
976		114831165		114831165		114831165
977		114831218		114831218		114831218
978		114831267		114831267		114831267
979		114831321		114831321		114831321
980		114831371		114831371		114831371
981		114831424		114831424		114831424
982		114831476		114831476		114831476
983		114831515		114831515		114831515
984		114831569		114831569		114831569
985		114831617		114831618		114831617
986		114831669		114831669		114831669
987		114831721		114831721		114831721
988		114831774		114831775		114831774
989		114831825		114831825		114831825
990		114831866		114831866		114831866
991		114831924		114831924		114831924
992		114831965		114831965		114831965
993		114832018		114832018		114832018
994		114832072		114832072		114832072
995		114832130		114832131		114832130
996		114832183		114832184		114832183
997		114832215		114832216		114832215
998		114832273		114832273		114832273
999		114832323		114832323		114832323
1000		114832375		114832375		114832375
1001		114832431		114832432		114832431
1002		114832464		114832464		114832464
1003		114832517		114832517		114832517
1004		114832567		114832567		114832567
1005		114832623		114832623		114832623
1006		114832676		114832676		114832676
1007		114832715		114832715		114832715
1008		114832767		114832767		114832767
1009		114832819		114832819		114832819
1010		114832872		114832873		114832872
1011		114832932		114832933		114832932
1012		114832965		114832965		114832965
1013		114833022		114833022		114833022
1014		114833065		114833065		114833065
1015		114833117		114833117		114833117
1016		114833167		114833168		114833167
1017		114833219		114833219		114833219
1018		114833266		114833266		114833266
1019		114833316		114833316		114833316
1020		114833376		114833376		114833376
1021		114833414		114833414		114833414
1022		114833482		114833483		114833482
1023		114833517		114833517		114833517
1024		114833569		114833569		114833569
1025		114833615		114833616		114833615
1026		114833673		114833673		114833673
1027		114833727		114833729		114833727
1028		114833780		114833781		114833780
1029		114833817		114833817		114833817
1030		114833869		114833869		114833869
1031		114833921		114833921		114833921
1032		114833966		114833966		114833966
1033		114834019		114834019		114834019
1034		114834067		114834068		114834067
1035		114834122		114834122		114834122
1036		114834170		114834170		114834170
1037		114834225		114834225		114834225
1038		114834267		114834267		114834267
1039		114834317		114834318		114834317
1040		114834374		114834374		114834374
1041		114834415		114834416		114834415
1042		114834464		114834465		114834464
1043		114834516		114834516		114834516
1044		114834570		114834570		114834570
1045		114834634		114834634		114834634
1046		114834664		114834664		114834664
1047		114834721		114834721		114834721
1048		114834770		114834770		114834770
1049		114834820		114834820		114834820
1050		114834870		114834870		114834870
1051		114834925		114834926		114834925
1052		114834970		114834970		114834970
1053		114835015		114835015		114835015
1054		114835069		114835069		114835069
1055		114835130		114835130		114835130
1056		114835181		114835181		114835181
1057		114835218		114835218		114835218
1058		114835266		114835266		114835266
1059		114835317		114835318		114835317
1060		114835369		114835369		114835369
1061		114835431		114835431		114835431
1062		114835466		114835466		114835466
1063		114835522		114835522		114835522
1064		114835570		114835570		114835570
1065		114835620		114835622		114835620
1066		114835673		114835673		114835673
1067		114835731		114835731		114835731
1068		114835765		114835765		114835765
1069		114835818		114835818		114835818
1070		114835868		114835869		114835868
1071		114835923		114835923		114835923
1072		114835964		114835965		114835964
1073		114836021		114836021		114836021
1074		114836070		114836070		114836070
1075		114836123		114836123		114836123
1076		114836175		114836177		114836175
1077		114836231		114836231		114836231
1078		114836283		114836283		114836283
1079		114836318		114836318		114836318
1080		114836367		114836370		114836367
1081		114836417		114836417		114836417
1082		114836474		114836474		114836474
1083		114836521		114836521		114836521
1084		114836573		114836574		114836573
1085		114836616		114836616		114836616
1086		114836666		114836666		114836666
1087		114836719		114836719		114836719
1088		114836776		114836776		114836776
1089		114836814		114836814		114836814
1090		114836868		114836869		114836868
1091		114836924		114836924		114836924
1092		114836966		114836966		114836966
1093		114837020		114837020		114837020
1094		114837073		114837073		114837073
1095		114837131		114837131		114837131
1096		114837165		114837165		114837165
1097		114837222		114837222		114837222
1098		114837272		114837272		114837272
1099		114837319		114837319		114837319
1100		114837375		114837375		114837375
1101		114837424		114837424		114837424
1102		114837465		114837465		114837465
1103		114837515		114837516		114837515
1104		114837567		114837567		114837567
1105		114837615		114837615		114837615
1106		114837669		114837670		114837669
1107		114837725		114837725		114837725
1108		114837775		114837775		114837775
1109		114837833		114837833		114837833
1110		114837864		114837864		114837864
1111		114837916		114837916		114837916
1112		114837971		114837972		114837971
1113		114838016		114838016		114838016
1114		114838065		114838065		114838065
1115		114838121		114838121		114838121
1116		114838172		114838172		114838172
1117		114838225		114838226		114838225
1118		114838266		114838266		114838266
1119		114838323		114838324		114838323
1120		114838375		114838375		114838375
1121		114838415		114838416		114838415
1122		114838471		114838471		114838471
1123		114838519		114838519		114838519
1124		114838571		114838571		114838571
1125		114838618		114838619		114838618
1126		114838669		114838671		114838669
1127		114838718		114838719		114838718
1128		114838770		114838770		114838770
1129		114838821		114838821		114838821
1130		114838870		114838870		114838870
1131		114838923		114838923		114838923
1132		114838982		114838983		114838982
1133		114839018		114839019		114839018
1134		114839073		114839073		114839073
1135		114839117		114839118		114839117
1136		114839170		114839170		114839170
1137		114839220		114839220		114839220
1138		114839282		114839282		114839282
1139		114839333		114839333		114839333
1140		114839366		114839366		114839366
1141		114839419		114839419		114839419
1142		114839470		114839470		114839470
1143		114839522		114839523		114839522
1144		114839583		114839583		114839583
1145		114839615		114839615		114839615
1146		114839673		114839674		114839673
1147		114839715		114839715		114839715
1148		114839767		114839767		114839767
1149		114839817		114839817		114839817
1150		114839870		114839870		114839870
1151		114839920		114839920		114839920
1152		114839980		114839981		114839980
1153		114840015		114840015		114840015
1154		114840075		114840075		114840075
1155		114840134		114840134		114840134
1156		114840165		114840166		114840165
1157		114840220		114840220		114840220
1158		114840267		114840267		114840267
1159		114840315		114840315		114840315
1160		114840368		114840368		114840368
1161		114840414		114840415		114840414
1162		114840469		114840469		114840469
1163		114840520		114840520		114840520
1164		114840570		114840570		114840570
1165		114840622		114840622		114840622
1166		114840675		114840675		114840675
1167		114840727		114840730		114840727
1168		114840765		114840765		114840765
1169		114840835		114840835		114840835
1170		114840867		114840867		114840867
1171		114840922		114840923		114840922
1172		114840974		114840974		114840974
1173		114841013		114841013		114841013
1174		114841068		114841068		114841068
1175		114841124		114841125		114841124
1176		114841181		114841182		114841181
1177		114841215		114841216		114841215
1178		114841271		114841272		114841271
1179		114841320		114841320		114841320
1180		114841373		114841373		114841373
1181		114841426		114841426		114841426
1182		114841464		114841464		114841464
1183		114841517		114841517		114841517
1184		114841566		114841566		114841566
1185		114841615		114841615		114841615
1186		114841668		114841668		114841668
1187		114841714		114841715		114841714
1188		114841767		114841767		114841767
1189		114841818		114841818		114841818
1190		114841869		114841869		114841869
1191		114841918		114841919		114841918
1192		114841970		114841970		114841970
1193		114842029		114842029		114842029
1194		114842081		114842081		114842081
1195		114842117		114842118		114842117
1196		114842167		114842167		114842167
1197		114842218		114842219		114842218
1198		114842275		114842275		114842275
1199		114842325		114842325		114842325
1200		114842366		114842366		114842366
1201		114842418		114842418		114842418
1202		114842472		114842472		114842472
1203		114842526		114842526		114842526
1204		114842583		114842583		114842583
1205		114842617		114842617		114842617
1206		114842677		114842681		114842677
1207		114842716		114842718		114842716
1208		114842774		114842774		114842774
1209		114842825		114842825		114842825
1210		114842875		114842875		114842875
1211		114842918		114842918		114842918
1212		114842969		114842969		114842969
1213		114843015		114843015		114843015
1214		114843071		114843071		114843071
1215		114843135		114843135		114843135
1216		114843167		114843168		114843167
1217		114843217		114843217		114843217
1218		114843269		114843269		114843269
1219		114843326		114843326		114843326
1220		114843382		114843384		114843382
1221		114843416		114843418		114843416
1222		114843466		114843466		114843466
1223		114843523		114843523		114843523
1224		114843574		114843574		114843574
1225		114843620		114843620		114843620
1226		114843681		114843682		114843681
1227		114843714		114843714		114843714
1228		114843767		114843767		114843767
1229		114843814		114843814		114843814
1230		114843869		114843870		114843869
1231		114843920		114843920		114843920
1232		114843973		114843973		114843973
1233		114844032		114844032		114844032
1234		114844064		114844064		114844064
1235		114844121		114844122		114844121
1236		114844176		114844176		114844176
1237		114844232		114844232		114844232
1238		114844265		114844265		114844265
1239		114844318		114844318		114844318
1240		114844365		114844366		114844365
1241		114844420		114844421		114844420
1242		114844470		114844470		114844470
1243		114844524		114844524		114844524
1244		114844573		114844573		114844573
1245		114844616		114844616		114844616
1246		114844669		114844669		114844669
1247		114844720		114844720		114844720
1248		114844775		114844775		114844775
1249		114844831		114844831		114844831
1250		114844864		114844864		114844864
1251		114844921		114844921		114844921
1252		114844965		114844965		114844965
1253		114845017		114845018		114845017
1254		114845082		114845082		114845082
1255		114845115		114845115		114845115
1256		114845183		114845183		114845183
1257		114845215		114845215		114845215
1258		114845289		114845290		114845289
1259		114845314		114845314		114845314
1260		114845370		114845370		114845370
1261		114845477		114845481		114845477
1262		114845481		114845482		114845481
1263		114845539		114845539		114845539
1264		114845583		114845583		114845583
1265		114845620		114845621		114845620
1266		114845665		114845666		114845665
1267		114845718		114845718		114845718
1268		114845771		114845771		114845771
1269		114845826		114845827		114845826
1270		114845868		114845868		114845868
1271		114845917		114845918		114845917
1272		114845969		114845969		114845969
1273		114846015		114846015		114846015
1274		114846072		114846072		114846072
1275		114846117		114846118		114846117
1276		114846174		114846174		114846174
1277		114846224		114846225		114846224
1278		114846264		114846264		114846264
1279		114846320		114846321		114846320
1280		114846372		114846373		114846372
1281		114846423		114846423		114846423
1282		114846476		114846479		114846476
1283		114846516		114846516		114846516
1284		114846570		114846570		114846570
1285		114846616		114846616		114846616
1286		114846668		114846668		114846668
1287		114846718		114846719		114846718
1288		114846775		114846782		114846775
1289		114846816		114846816		114846816
1290		114846870		114846870		114846870
1291		114846921		114846922		114846921
1292		114846979		114846979		114846979
1293		114847017		114847017		114847017
1294		114847068		114847068		114847068
1295		114847133		114847134		114847133
1296		114847166		114847166		114847166
1297		114847218		114847219		114847218
1298		114847271		114847271		114847271
1299		114847325		114847325		114847325
1300		114847376		114847376		114847376
1301		114847415		114847415		114847415
1302		114847469		114847470		114847469
1303		114847530		114847531		114847530
1304		114847564		114847564		114847564
1305		114847618		114847618		114847618
1306		114847672		114847672		114847672
1307		114847723		114847724		114847723
1308		114847781		114847781		114847781
1309		114847816		114847816		114847816
1310		114847872		114847872		114847872
1311		114847924		114847925		114847924
1312		114847965		114847966		114847965
1313		114848016		114848016		114848016
1314		114848070		114848070		114848070
1315		114848119		114848119		114848119
1316		114848183		114848183		114848183
1317		114848217		114848218		114848217
1318		114848277		114848277		114848277
1319		114848335		114848335		114848335
1320		114848365		114848366		114848365
1321		114848425		114848425		114848425
1322		114848480		114848480		114848480
1323		114848516		114848516		114848516
1324		114848569		114848569		114848569
1325		114848621		114848622		114848621
1326		114848674		114848674		114848674
1327		114848727		114848727		114848727
1328		114848767		114848768		114848767
1329		114848820		114848821		114848820
1330		114848874		114848874		114848874
1331		114848930		114848930		114848930
1332		114848964		114848964		114848964
1333		114849031		114849031		114849031
1334		114849067		114849067		114849067
1335		114849125		114849125		114849125
1336		114849166		114849167		114849166
1337		114849215		114849216		114849215
1338		114849266		114849267		114849266
1339		114849321		114849321		114849321
1340		114849370		114849371		114849370
1341		114849420		114849421		114849420
1342		114849472		114849472		114849472
1343		114849522		114849522		114849522
1344		114849564		114849564		114849564
1345		114849617		114849617		114849617
1346		114849668		114849668		114849668
1347		114849722		114849722		114849722
1348		114849775		114849776		114849775
1349		114849832		114849832		114849832
1350		114849863		114849863		114849863
1351		114849916		114849916		114849916
1352		114849966		114849966		114849966
1353		114850017		114850017		114850017
1354		114850069		114850069		114850069
1355		114850118		114850118		114850118
1356		114850165		114850165		114850165
1357		114850217		114850217		114850217
1358		114850266		114850266		114850266
1359		114850319		114850319		114850319
1360		114850367		114850367		114850367
1361		114850426		114850431		114850426
1362		114850464		114850465		114850464
1363		114850521		114850521		114850521
1364		114850570		114850570		114850570
1365		114850622		114850622		114850622
1366		114850672		114850673		114850672
1367		114850726		114850729		114850726
1368		114850766		114850767		114850766
1369		114850816		114850816		114850816
1370		114850870		114850871		114850870
1371		114850923		114850923		114850923
1372		114850980		114850981		114850980
1373		114851016		114851017		114851016
1374		114851074		114851074		114851074
1375		114851121		114851121		114851121
1376		114851164		114851164		114851164
1377		114851220		114851220		114851220
1378		114851268		114851272		114851268
1379		114851327		114851329		114851327
1380		114851383		114851383		114851383
1381		114851414		114851414		114851414
1382		114851470		114851470		114851470
1383		114851519		114851519		114851519
1384		114851571		114851572		114851571
1385		114851626		114851627		114851626
1386		114851665		114851665		114851665
1387		114851717		114851717		114851717
1388		114851771		114851771		114851771
1389		114851821		114851821		114851821
1390		114851875		114851875		114851875
1391		114851926		114851926		114851926
1392		114851967		114851967		114851967
1393		114852024		114852024		114852024
1394		114852084		114852085		114852084
1395		114852116		114852117		114852116
1396		114852172		114852173		114852172
1397		114852231		114852231		114852231
