1		124006810		124006812		124006810
2		124006882		124006882		124006882
3		124006882		124006883		124006882
4		124006979		124006979		124006979
5		124006979		124006979		124006979
6		124007061		124007061		124007061
7		124007077		124007080		124007077
8		124007133		124007133		124007133
9		124007181		124007181		124007181
10		124007225		124007226		124007225
11		124007280		124007281		124007280
12		124007321		124007321		124007321
13		124007385		124007385		124007385
14		124007429		124007429		124007429
15		124007475		124007475		124007475
16		124007520		124007520		124007520
17		124007574		124007574		124007574
18		124007620		124007620		124007620
19		124007680		124007680		124007680
20		124007735		124007735		124007735
21		124007783		124007783		124007783
22		124007820		124007821		124007820
23		124007878		124007878		124007878
24		124007929		124007930		124007929
25		124007980		124007980		124007980
26		124008026		124008026		124008026
27		124008074		124008075		124008074
28		124008129		124008129		124008129
29		124008176		124008176		124008176
30		124008227		124008227		124008227
31		124008277		124008277		124008277
32		124008329		124008329		124008329
33		124008376		124008376		124008376
34		124008427		124008427		124008427
35		124008481		124008481		124008481
36		124008527		124008527		124008527
37		124008578		124008579		124008578
38		124008630		124008631		124008630
39		124008680		124008680		124008680
40		124008728		124008728		124008728
41		124008816		124008816		124008816
42		124008827		124008828		124008827
43		124008885		124008885		124008885
44		124008927		124008927		124008927
45		124008977		124008977		124008977
46		124009035		124009036		124009035
47		124009074		124009074		124009074
48		124009125		124009125		124009125
49		124009178		124009178		124009178
50		124009226		124009226		124009226
51		124009280		124009280		124009280
52		124009329		124009329		124009329
53		124009381		124009382		124009381
54		124009434		124009436		124009434
55		124009470		124009470		124009470
56		124009526		124009529		124009526
57		124009584		124009584		124009584
58		124009630		124009630		124009630
59		124009676		124009676		124009676
60		124009721		124009721		124009721
61		124009776		124009776		124009776
62		124009826		124009826		124009826
63		124009878		124009878		124009878
64		124009934		124009935		124009934
65		124009984		124009984		124009984
66		124010024		124010025		124010024
67		124010080		124010080		124010080
68		124010128		124010129		124010128
69		124010177		124010177		124010177
70		124010226		124010226		124010226
71		124010276		124010276		124010276
72		124010328		124010328		124010328
73		124010377		124010378		124010377
74		124010430		124010430		124010430
75		124010478		124010479		124010478
76		124010548		124010549		124010548
77		124010570		124010570		124010570
78		124010627		124010627		124010627
79		124010683		124010683		124010683
80		124010736		124010737		124010736
81		124010779		124010779		124010779
82		124010830		124010830		124010830
83		124010885		124010886		124010885
84		124010921		124010927		124010921
85		124010984		124010984		124010984
86		124011035		124011035		124011035
87		124011088		124011090		124011088
88		124011120		124011120		124011120
89		124011179		124011179		124011179
90		124011232		124011232		124011232
91		124011281		124011282		124011281
92		124011324		124011324		124011324
93		124011378		124011378		124011378
94		124011426		124011427		124011426
95		124011483		124011483		124011483
96		124011529		124011529		124011529
97		124011581		124011581		124011581
98		124011627		124011627		124011627
99		124011675		124011675		124011675
100		124011727		124011727		124011727
101		124011777		124011777		124011777
102		124011828		124011829		124011828
103		124011877		124011878		124011877
104		124011933		124011933		124011933
105		124011999		124011999		124011999
106		124012030		124012031		124012030
107		124012078		124012079		124012078
108		124012127		124012128		124012127
109		124012179		124012179		124012179
110		124012228		124012229		124012228
111		124012283		124012284		124012283
112		124012332		124012332		124012332
113		124012384		124012384		124012384
114		124012433		124012433		124012433
115		124012496		124012496		124012496
116		124012520		124012520		124012520
117		124012576		124012576		124012576
118		124012627		124012628		124012627
119		124012680		124012681		124012680
120		124012733		124012734		124012733
121		124012782		124012782		124012782
122		124012825		124012825		124012825
123		124012877		124012877		124012877
124		124012929		124012930		124012929
125		124012984		124012985		124012984
126		124013037		124013041		124013037
127		124013075		124013075		124013075
128		124013130		124013130		124013130
129		124013176		124013178		124013176
130		124013227		124013229		124013227
131		124013279		124013279		124013279
132		124013326		124013326		124013326
133		124013378		124013378		124013378
134		124013427		124013428		124013427
135		124013481		124013481		124013481
136		124013526		124013526		124013526
137		124013576		124013576		124013576
138		124013626		124013627		124013626
139		124013702		124013702		124013702
140		124013732		124013732		124013732
141		124013774		124013787		124013774
142		124013830		124013830		124013830
143		124013885		124013885		124013885
144		124013920		124013921		124013920
145		124013976		124013976		124013976
146		124014026		124014027		124014026
147		124014078		124014079		124014078
148		124014125		124014125		124014125
149		124014178		124014178		124014178
150		124014227		124014227		124014227
151		124014279		124014279		124014279
152		124014328		124014328		124014328
153		124014377		124014378		124014377
154		124014430		124014430		124014430
155		124014485		124014486		124014485
156		124014538		124014538		124014538
157		124014571		124014571		124014571
158		124014626		124014627		124014626
159		124014678		124014678		124014678
160		124014726		124014726		124014726
161		124014778		124014778		124014778
162		124014826		124014826		124014826
163		124014879		124014879		124014879
164		124014935		124014935		124014935
165		124014985		124014985		124014985
166		124015026		124015026		124015026
167		124015078		124015078		124015078
168		124015128		124015129		124015128
169		124015178		124015178		124015178
170		124015230		124015230		124015230
171		124015276		124015276		124015276
172		124015329		124015331		124015329
173		124015376		124015376		124015376
174		124015427		124015427		124015427
175		124015479		124015480		124015479
176		124015528		124015528		124015528
177		124015579		124015579		124015579
178		124015628		124015629		124015628
179		124015680		124015680		124015680
180		124015728		124015728		124015728
181		124015776		124015776		124015776
182		124015829		124015830		124015829
183		124015881		124015881		124015881
184		124015935		124015935		124015935
185		124015974		124015974		124015974
186		124016035		124016035		124016035
187		124016082		124016082		124016082
188		124016120		124016120		124016120
189		124016178		124016179		124016178
190		124016228		124016228		124016228
191		124016282		124016282		124016282
192		124016333		124016333		124016333
193		124016384		124016385		124016384
194		124016426		124016426		124016426
195		124016478		124016478		124016478
196		124016531		124016531		124016531
197		124016586		124016586		124016586
198		124016635		124016636		124016635
199		124016679		124016679		124016679
200		124016734		124016734		124016734
201		124016784		124016785		124016784
202		124016837		124016838		124016837
203		124016870		124016870		124016870
204		124016927		124016927		124016927
205		124016982		124016982		124016982
206		124017029		124017029		124017029
207		124017082		124017082		124017082
208		124017129		124017129		124017129
209		124017180		124017184		124017180
210		124017233		124017234		124017233
211		124017286		124017286		124017286
212		124017319		124017320		124017319
213		124017378		124017379		124017378
214		124017425		124017426		124017425
215		124017478		124017478		124017478
216		124017536		124017536		124017536
217		124017585		124017586		124017585
218		124017625		124017625		124017625
219		124017678		124017678		124017678
220		124017726		124017727		124017726
221		124017776		124017776		124017776
222		124017827		124017828		124017827
223		124017880		124017881		124017880
224		124017930		124017930		124017930
225		124017986		124017987		124017986
226		124018037		124018037		124018037
227		124018075		124018075		124018075
228		124018135		124018135		124018135
229		124018186		124018186		124018186
230		124018220		124018220		124018220
231		124018278		124018278		124018278
232		124018325		124018325		124018325
233		124018376		124018376		124018376
234		124018430		124018430		124018430
235		124018478		124018478		124018478
236		124018529		124018529		124018529
237		124018576		124018576		124018576
238		124018627		124018628		124018627
239		124018678		124018678		124018678
240		124018726		124018730		124018726
241		124018776		124018776		124018776
242		124018827		124018827		124018827
243		124018880		124018880		124018880
244		124018929		124018929		124018929
245		124018981		124018981		124018981
246		124019036		124019036		124019036
247		124019071		124019071		124019071
248		124019125		124019126		124019125
249		124019177		124019177		124019177
250		124019224		124019226		124019224
251		124019276		124019276		124019276
252		124019335		124019335		124019335
253		124019379		124019379		124019379
254		124019430		124019430		124019430
255		124019480		124019480		124019480
256		124019535		124019535		124019535
257		124019591		124019591		124019591
258		124019624		124019624		124019624
259		124019678		124019679		124019678
260		124019727		124019727		124019727
261		124019771		124019771		124019771
262		124019829		124019829		124019829
263		124019878		124019878		124019878
264		124019928		124019928		124019928
265		124019977		124019977		124019977
266		124020030		124020030		124020030
267		124020077		124020078		124020077
268		124020131		124020131		124020131
269		124020178		124020179		124020178
270		124020224		124020224		124020224
271		124020277		124020277		124020277
272		124020327		124020327		124020327
273		124020377		124020378		124020377
274		124020426		124020427		124020426
275		124020482		124020482		124020482
276		124020534		124020535		124020534
277		124020571		124020571		124020571
278		124020628		124020629		124020628
279		124020678		124020678		124020678
280		124020729		124020729		124020729
281		124020783		124020785		124020783
282		124020833		124020833		124020833
283		124020887		124020888		124020887
284		124020920		124020920		124020920
285		124020978		124020978		124020978
286		124021035		124021035		124021035
287		124021082		124021082		124021082
288		124021131		124021131		124021131
289		124021170		124021170		124021170
290		124021225		124021225		124021225
291		124021275		124021275		124021275
292		124021327		124021327		124021327
293		124021378		124021379		124021378
294		124021429		124021429		124021429
295		124021477		124021478		124021477
296		124021531		124021531		124021531
297		124021583		124021584		124021583
298		124021619		124021619		124021619
299		124021696		124021696		124021696
300		124021727		124021728		124021727
301		124021780		124021780		124021780
302		124021829		124021830		124021829
303		124021882		124021882		124021882
304		124021931		124021931		124021931
305		124021999		124022000		124021999
306		124022026		124022026		124022026
307		124022082		124022082		124022082
308		124022131		124022132		124022131
309		124022180		124022180		124022180
310		124022231		124022231		124022231
311		124022276		124022276		124022276
312		124022327		124022327		124022327
313		124022377		124022377		124022377
314		124022426		124022426		124022426
315		124022479		124022480		124022479
316		124022535		124022535		124022535
317		124022584		124022585		124022584
318		124022621		124022621		124022621
319		124022676		124022676		124022676
320		124022727		124022727		124022727
321		124022777		124022777		124022777
322		124022828		124022828		124022828
323		124022879		124022879		124022879
324		124022926		124022926		124022926
325		124022979		124022979		124022979
326		124023033		124023033		124023033
327		124023082		124023082		124023082
328		124023125		124023125		124023125
329		124023177		124023178		124023177
330		124023227		124023227		124023227
331		124023280		124023280		124023280
332		124023327		124023327		124023327
333		124023378		124023378		124023378
334		124023429		124023430		124023429
335		124023487		124023488		124023487
336		124023520		124023520		124023520
337		124023579		124023581		124023579
338		124023627		124023627		124023627
339		124023679		124023679		124023679
340		124023725		124023726		124023725
341		124023776		124023776		124023776
342		124023827		124023827		124023827
343		124023878		124023878		124023878
344		124023927		124023927		124023927
345		124023976		124023976		124023976
346		124024030		124024030		124024030
347		124024082		124024082		124024082
348		124024129		124024129		124024129
349		124024178		124024178		124024178
350		124024230		124024230		124024230
351		124024277		124024277		124024277
352		124024333		124024334		124024333
353		124024385		124024385		124024385
354		124024420		124024420		124024420
355		124024477		124024477		124024477
356		124024533		124024534		124024533
357		124024582		124024583		124024582
358		124024637		124024637		124024637
359		124024686		124024686		124024686
360		124024743		124024743		124024743
361		124024771		124024771		124024771
362		124024828		124024828		124024828
363		124024880		124024880		124024880
364		124024931		124024931		124024931
365		124024977		124024978		124024977
366		124025031		124025031		124025031
367		124025081		124025081		124025081
368		124025133		124025134		124025133
369		124025184		124025184		124025184
370		124025221		124025221		124025221
371		124025278		124025279		124025278
372		124025326		124025326		124025326
373		124025376		124025376		124025376
374		124025427		124025428		124025427
375		124025471		124025471		124025471
376		124025531		124025531		124025531
377		124025584		124025584		124025584
378		124025633		124025633		124025633
379		124025680		124025680		124025680
380		124025720		124025720		124025720
381		124025770		124025771		124025770
382		124025825		124025825		124025825
383		124025883		124025884		124025883
384		124025920		124025920		124025920
385		124025978		124025978		124025978
386		124026030		124026030		124026030
387		124026082		124026083		124026082
388		124026130		124026130		124026130
389		124026174		124026175		124026174
390		124026221		124026221		124026221
391		124026275		124026276		124026275
392		124026328		124026329		124026328
393		124026376		124026376		124026376
394		124026426		124026426		124026426
395		124026471		124026478		124026471
396		124026524		124026524		124026524
397		124026577		124026577		124026577
398		124026626		124026626		124026626
399		124026678		124026678		124026678
400		124026726		124026727		124026726
401		124026771		124026776		124026771
402		124026831		124026831		124026831
403		124026884		124026884		124026884
404		124026932		124026932		124026932
405		124026971		124026971		124026971
406		124027028		124027029		124027028
407		124027077		124027077		124027077
408		124027137		124027137		124027137
409		124027238		124027243		124027238
410		124027243		124027244		124027243
411		124027277		124027277		124027277
412		124027328		124027328		124027328
413		124027429		124027429		124027429
414		124027429		124027430		124027429
415		124027481		124027482		124027481
416		124027520		124027520		124027520
417		124027583		124027583		124027583
418		124027629		124027629		124027629
419		124027676		124027678		124027676
420		124027728		124027729		124027728
421		124027778		124027778		124027778
422		124027825		124027825		124027825
423		124027880		124027880		124027880
424		124027928		124027929		124027928
425		124027979		124027979		124027979
426		124028026		124028027		124028026
427		124028080		124028080		124028080
428		124028127		124028127		124028127
429		124028176		124028177		124028176
430		124028229		124028230		124028229
431		124028276		124028277		124028276
432		124028330		124028330		124028330
433		124028386		124028387		124028386
434		124028424		124028424		124028424
435		124028477		124028477		124028477
436		124028531		124028531		124028531
437		124028578		124028578		124028578
438		124028625		124028625		124028625
439		124028677		124028677		124028677
440		124028727		124028727		124028727
441		124028778		124028779		124028778
442		124028830		124028830		124028830
443		124028883		124028883		124028883
444		124028931		124028931		124028931
445		124028976		124028976		124028976
446		124029021		124029021		124029021
447		124029075		124029075		124029075
448		124029145		124029145		124029145
449		124029170		124029170		124029170
450		124029225		124029225		124029225
451		124029279		124029279		124029279
452		124029327		124029327		124029327
453		124029379		124029379		124029379
454		124029428		124029428		124029428
455		124029479		124029479		124029479
456		124029532		124029533		124029532
457		124029571		124029571		124029571
458		124029627		124029628		124029627
459		124029676		124029677		124029676
460		124029732		124029732		124029732
461		124029775		124029775		124029775
462		124029825		124029825		124029825
463		124029879		124029879		124029879
464		124029925		124029925		124029925
465		124029984		124029984		124029984
466		124030027		124030027		124030027
467		124030071		124030077		124030071
468		124030126		124030126		124030126
469		124030179		124030179		124030179
470		124030229		124030229		124030229
471		124030270		124030276		124030270
472		124030329		124030329		124030329
473		124030379		124030380		124030379
474		124030428		124030428		124030428
475		124030476		124030476		124030476
476		124030529		124030529		124030529
477		124030578		124030578		124030578
478		124030626		124030627		124030626
479		124030677		124030677		124030677
480		124030727		124030727		124030727
481		124030779		124030779		124030779
482		124030825		124030825		124030825
483		124030879		124030879		124030879
484		124030928		124030928		124030928
485		124030975		124030976		124030975
486		124031029		124031029		124031029
487		124031079		124031079		124031079
488		124031131		124031131		124031131
489		124031180		124031180		124031180
490		124031234		124031234		124031234
491		124031281		124031281		124031281
492		124031334		124031334		124031334
493		124031383		124031384		124031383
494		124031424		124031424		124031424
495		124031479		124031479		124031479
496		124031531		124031531		124031531
497		124031570		124031571		124031570
498		124031629		124031629		124031629
499		124031676		124031676		124031676
500		124031729		124031729		124031729
501		124031774		124031774		124031774
502		124031830		124031830		124031830
503		124031877		124031877		124031877
504		124031925		124031925		124031925
505		124031977		124031978		124031977
506		124032021		124032022		124032021
507		124032077		124032077		124032077
508		124032127		124032127		124032127
509		124032179		124032179		124032179
510		124032225		124032226		124032225
511		124032276		124032276		124032276
512		124032327		124032328		124032327
513		124032376		124032376		124032376
514		124032427		124032428		124032427
515		124032481		124032481		124032481
516		124032520		124032520		124032520
517		124032575		124032576		124032575
518		124032629		124032629		124032629
519		124032679		124032679		124032679
520		124032726		124032726		124032726
521		124032780		124032780		124032780
522		124032826		124032826		124032826
523		124032878		124032878		124032878
524		124032926		124032926		124032926
525		124032975		124032976		124032975
526		124033028		124033028		124033028
527		124033097		124033098		124033097
528		124033120		124033120		124033120
529		124033177		124033178		124033177
530		124033221		124033225		124033221
531		124033282		124033282		124033282
532		124033330		124033330		124033330
533		124033378		124033378		124033378
534		124033429		124033429		124033429
535		124033480		124033480		124033480
536		124033532		124033534		124033532
537		124033570		124033570		124033570
538		124033625		124033626		124033625
539		124033679		124033679		124033679
540		124033729		124033729		124033729
541		124033776		124033777		124033776
542		124033828		124033828		124033828
543		124033879		124033879		124033879
544		124033929		124033929		124033929
545		124033977		124033977		124033977
546		124034027		124034028		124034027
547		124034079		124034079		124034079
548		124034127		124034127		124034127
549		124034183		124034183		124034183
550		124034224		124034224		124034224
551		124034279		124034279		124034279
552		124034326		124034326		124034326
553		124034381		124034381		124034381
554		124034429		124034430		124034429
555		124034471		124034471		124034471
556		124034533		124034533		124034533
557		124034587		124034587		124034587
558		124034620		124034621		124034620
559		124034676		124034677		124034676
560		124034725		124034725		124034725
561		124034776		124034776		124034776
562		124034827		124034827		124034827
563		124034877		124034877		124034877
564		124034927		124034927		124034927
565		124034979		124034979		124034979
566		124035026		124035026		124035026
567		124035075		124035075		124035075
568		124035128		124035128		124035128
569		124035178		124035178		124035178
570		124035230		124035230		124035230
571		124035276		124035278		124035276
572		124035328		124035328		124035328
573		124035376		124035377		124035376
574		124035427		124035427		124035427
575		124035478		124035478		124035478
576		124035537		124035538		124035537
577		124035570		124035570		124035570
578		124035625		124035626		124035625
579		124035679		124035679		124035679
580		124035729		124035729		124035729
581		124035780		124035780		124035780
582		124035830		124035831		124035830
583		124035880		124035880		124035880
584		124035929		124035930		124035929
585		124035982		124035982		124035982
586		124036026		124036026		124036026
587		124036076		124036076		124036076
588		124036128		124036128		124036128
589		124036179		124036179		124036179
590		124036226		124036227		124036226
591		124036280		124036280		124036280
592		124036326		124036326		124036326
593		124036379		124036379		124036379
594		124036426		124036426		124036426
595		124036477		124036477		124036477
596		124036530		124036531		124036530
597		124036580		124036580		124036580
598		124036634		124036634		124036634
599		124036687		124036687		124036687
600		124036724		124036724		124036724
601		124036778		124036778		124036778
602		124036826		124036827		124036826
603		124036878		124036878		124036878
604		124036927		124036927		124036927
605		124036977		124036977		124036977
606		124037028		124037028		124037028
607		124037084		124037084		124037084
608		124037131		124037132		124037131
609		124037174		124037175		124037174
610		124037245		124037245		124037245
611		124037277		124037277		124037277
612		124037329		124037331		124037329
613		124037385		124037386		124037385
614		124037434		124037435		124037434
615		124037492		124037492		124037492
616		124037525		124037525		124037525
617		124037578		124037578		124037578
618		124037625		124037627		124037625
619		124037671		124037671		124037671
620		124037729		124037729		124037729
621		124037780		124037781		124037780
622		124037827		124037827		124037827
623		124037876		124037879		124037876
624		124037928		124037928		124037928
625		124037975		124037975		124037975
626		124038030		124038032		124038030
627		124038080		124038081		124038080
628		124038133		124038133		124038133
629		124038193		124038193		124038193
630		124038221		124038221		124038221
631		124038277		124038278		124038277
632		124038330		124038330		124038330
633		124038380		124038380		124038380
634		124038427		124038427		124038427
635		124038475		124038475		124038475
636		124038533		124038533		124038533
637		124038569		124038570		124038569
638		124038630		124038631		124038630
639		124038677		124038677		124038677
640		124038721		124038724		124038721
641		124038782		124038782		124038782
642		124038827		124038829		124038827
643		124038876		124038876		124038876
644		124038932		124038932		124038932
645		124038982		124038982		124038982
646		124039034		124039034		124039034
647		124039086		124039086		124039086
648		124039124		124039124		124039124
649		124039179		124039179		124039179
650		124039230		124039230		124039230
651		124039284		124039285		124039284
652		124039334		124039334		124039334
653		124039370		124039370		124039370
654		124039429		124039429		124039429
655		124039475		124039475		124039475
656		124039525		124039525		124039525
657		124039577		124039577		124039577
658		124039627		124039627		124039627
659		124039679		124039679		124039679
660		124039729		124039729		124039729
661		124039779		124039779		124039779
662		124039827		124039827		124039827
663		124039880		124039880		124039880
664		124039929		124039929		124039929
665		124039977		124039977		124039977
666		124040028		124040029		124040028
667		124040071		124040071		124040071
668		124040126		124040130		124040126
669		124040176		124040176		124040176
670		124040220		124040221		124040220
671		124040270		124040271		124040270
672		124040325		124040326		124040325
673		124040378		124040378		124040378
674		124040427		124040428		124040427
675		124040478		124040478		124040478
676		124040530		124040530		124040530
677		124040581		124040582		124040581
678		124040629		124040629		124040629
679		124040683		124040683		124040683
680		124040732		124040732		124040732
681		124040784		124040784		124040784
682		124040820		124040820		124040820
683		124040876		124040877		124040876
684		124040926		124040927		124040926
685		124040977		124040978		124040977
686		124041026		124041026		124041026
687		124041078		124041078		124041078
688		124041126		124041127		124041126
689		124041178		124041178		124041178
690		124041229		124041229		124041229
691		124041276		124041276		124041276
692		124041329		124041329		124041329
693		124041377		124041379		124041377
694		124041421		124041421		124041421
695		124041479		124041479		124041479
696		124041533		124041533		124041533
697		124041591		124041591		124041591
698		124041624		124041624		124041624
699		124041676		124041676		124041676
700		124041725		124041726		124041725
701		124041777		124041777		124041777
702		124041828		124041828		124041828
703		124041878		124041878		124041878
704		124041928		124041928		124041928
705		124041975		124041975		124041975
706		124042030		124042030		124042030
707		124042071		124042075		124042071
708		124042129		124042130		124042129
709		124042176		124042176		124042176
710		124042232		124042232		124042232
711		124042281		124042281		124042281
712		124042330		124042331		124042330
713		124042378		124042378		124042378
714		124042426		124042426		124042426
715		124042478		124042478		124042478
716		124042527		124042527		124042527
717		124042580		124042581		124042580
718		124042629		124042629		124042629
719		124042683		124042683		124042683
720		124042732		124042732		124042732
721		124042784		124042785		124042784
722		124042835		124042835		124042835
723		124042870		124042870		124042870
724		124042925		124042925		124042925
725		124042976		124042976		124042976
726		124043031		124043034		124043031
727		124043083		124043083		124043083
728		124043121		124043121		124043121
729		124043179		124043179		124043179
730		124043228		124043228		124043228
731		124043279		124043280		124043279
732		124043328		124043328		124043328
733		124043375		124043375		124043375
734		124043426		124043427		124043426
735		124043480		124043481		124043480
736		124043532		124043533		124043532
737		124043579		124043579		124043579
738		124043633		124043634		124043633
739		124043683		124043684		124043683
740		124043720		124043720		124043720
741		124043778		124043778		124043778
742		124043827		124043828		124043827
743		124043877		124043878		124043877
744		124043932		124043934		124043932
745		124043984		124043984		124043984
746		124044032		124044033		124044032
747		124044087		124044087		124044087
748		124044128		124044128		124044128
749		124044181		124044182		124044181
750		124044232		124044232		124044232
751		124044282		124044282		124044282
752		124044333		124044333		124044333
753		124044379		124044379		124044379
754		124044435		124044435		124044435
755		124044481		124044481		124044481
756		124044520		124044520		124044520
757		124044585		124044585		124044585
758		124044621		124044621		124044621
759		124044676		124044676		124044676
760		124044727		124044727		124044727
761		124044775		124044775		124044775
762		124044827		124044827		124044827
763		124044883		124044884		124044883
764		124044934		124044934		124044934
765		124044986		124044987		124044986
766		124045020		124045021		124045020
767		124045077		124045078		124045077
768		124045126		124045126		124045126
769		124045177		124045178		124045177
770		124045227		124045227		124045227
771		124045278		124045279		124045278
772		124045327		124045328		124045327
773		124045376		124045377		124045376
774		124045427		124045427		124045427
775		124045479		124045479		124045479
776		124045528		124045528		124045528
777		124045583		124045584		124045583
778		124045635		124045635		124045635
779		124045688		124045690		124045688
780		124045720		124045721		124045720
781		124045776		124045776		124045776
782		124045832		124045832		124045832
783		124045884		124045884		124045884
784		124045920		124045920		124045920
785		124045979		124045979		124045979
786		124046026		124046026		124046026
787		124046079		124046079		124046079
788		124046128		124046128		124046128
789		124046176		124046176		124046176
790		124046230		124046230		124046230
791		124046270		124046270		124046270
792		124046330		124046330		124046330
793		124046375		124046376		124046375
794		124046425		124046425		124046425
795		124046477		124046477		124046477
796		124046526		124046526		124046526
797		124046578		124046578		124046578
798		124046626		124046627		124046626
799		124046678		124046678		124046678
800		124046732		124046733		124046732
801		124046784		124046784		124046784
802		124046835		124046836		124046835
803		124046871		124046871		124046871
804		124046940		124046940		124046940
805		124046999		124046999		124046999
806		124047025		124047026		124047025
807		124047078		124047078		124047078
808		124047125		124047126		124047125
809		124047177		124047177		124047177
810		124047231		124047231		124047231
811		124047281		124047282		124047281
812		124047331		124047345		124047331
813		124047375		124047375		124047375
814		124047426		124047426		124047426
815		124047475		124047476		124047475
816		124047527		124047527		124047527
817		124047582		124047582		124047582
818		124047629		124047629		124047629
819		124047680		124047680		124047680
820		124047810		124047810		124047810
821		124047811		124047811		124047811
822		124047835		124047835		124047835
823		124047885		124047886		124047885
824		124047932		124047933		124047932
825		124047970		124047971		124047970
826		124048026		124048026		124048026
827		124048079		124048079		124048079
828		124048130		124048130		124048130
829		124048175		124048175		124048175
830		124048228		124048228		124048228
831		124048282		124048282		124048282
832		124048330		124048330		124048330
833		124048378		124048379		124048378
834		124048426		124048430		124048426
835		124048477		124048477		124048477
836		124048527		124048528		124048527
837		124048580		124048580		124048580
838		124048637		124048637		124048637
839		124048685		124048685		124048685
840		124048724		124048725		124048724
841		124048779		124048779		124048779
842		124048826		124048826		124048826
843		124048875		124048876		124048875
844		124048930		124048930		124048930
845		124048977		124048978		124048977
846		124049027		124049027		124049027
847		124049081		124049081		124049081
848		124049132		124049132		124049132
849		124049181		124049181		124049181
850		124049235		124049235		124049235
851		124049294		124049294		124049294
852		124049324		124049324		124049324
853		124049378		124049378		124049378
854		124049427		124049427		124049427
855		124049478		124049478		124049478
856		124049527		124049528		124049527
857		124049576		124049578		124049576
858		124049630		124049630		124049630
859		124049679		124049679		124049679
860		124049729		124049729		124049729
861		124049784		124049785		124049784
862		124049834		124049834		124049834
863		124049881		124049881		124049881
864		124049921		124049924		124049921
865		124049977		124049977		124049977
866		124050021		124050024		124050021
867		124050077		124050077		124050077
868		124050127		124050127		124050127
869		124050178		124050178		124050178
870		124050229		124050229		124050229
871		124050282		124050282		124050282
872		124050330		124050331		124050330
873		124050385		124050385		124050385
874		124050436		124050436		124050436
875		124050474		124050474		124050474
876		124050526		124050532		124050526
877		124050587		124050587		124050587
878		124050620		124050620		124050620
879		124050678		124050678		124050678
880		124050725		124050725		124050725
881		124050777		124050777		124050777
882		124050826		124050827		124050826
883		124050879		124050879		124050879
884		124050927		124050927		124050927
885		124050976		124050976		124050976
886		124051028		124051028		124051028
887		124051077		124051077		124051077
888		124051121		124051121		124051121
889		124051181		124051181		124051181
890		124051232		124051232		124051232
891		124051281		124051282		124051281
892		124051336		124051336		124051336
893		124051391		124051392		124051391
894		124051420		124051420		124051420
895		124051478		124051478		124051478
896		124051525		124051525		124051525
897		124051579		124051579		124051579
898		124051630		124051630		124051630
899		124051678		124051678		124051678
900		124051728		124051729		124051728
901		124051775		124051775		124051775
902		124051829		124051829		124051829
903		124051876		124051876		124051876
904		124051932		124051933		124051932
905		124051982		124051982		124051982
906		124052025		124052025		124052025
907		124052080		124052080		124052080
908		124052125		124052126		124052125
909		124052177		124052177		124052177
910		124052227		124052227		124052227
911		124052277		124052278		124052277
912		124052328		124052329		124052328
913		124052376		124052376		124052376
914		124052428		124052428		124052428
915		124052478		124052478		124052478
916		124052529		124052529		124052529
917		124052581		124052582		124052581
918		124052631		124052631		124052631
919		124052681		124052681		124052681
920		124052727		124052727		124052727
921		124052778		124052778		124052778
922		124052825		124052825		124052825
923		124052878		124052878		124052878
924		124052927		124052927		124052927
925		124052977		124052977		124052977
926		124053027		124053028		124053027
927		124053076		124053076		124053076
928		124053128		124053128		124053128
929		124053185		124053185		124053185
930		124053235		124053235		124053235
931		124053274		124053274		124053274
932		124053332		124053332		124053332
933		124053381		124053381		124053381
934		124053433		124053433		124053433
935		124053484		124053484		124053484
936		124053521		124053521		124053521
937		124053582		124053582		124053582
938		124053635		124053635		124053635
939		124053671		124053671		124053671
940		124053727		124053727		124053727
941		124053781		124053781		124053781
942		124053830		124053830		124053830
943		124053878		124053878		124053878
944		124053930		124053930		124053930
945		124053979		124053979		124053979
946		124054021		124054021		124054021
947		124054076		124054077		124054076
948		124054121		124054121		124054121
949		124054178		124054179		124054178
950		124054225		124054225		124054225
951		124054279		124054279		124054279
952		124054336		124054336		124054336
953		124054371		124054371		124054371
954		124054426		124054427		124054426
955		124054482		124054483		124054482
956		124054531		124054531		124054531
957		124054574		124054574		124054574
958		124054626		124054629		124054626
959		124054676		124054676		124054676
960		124054727		124054729		124054727
961		124054777		124054777		124054777
962		124054827		124054827		124054827
963		124054880		124054880		124054880
964		124054927		124054927		124054927
965		124054979		124054979		124054979
966		124055028		124055028		124055028
967		124055081		124055081		124055081
968		124055128		124055128		124055128
969		124055178		124055178		124055178
970		124055230		124055230		124055230
971		124055274		124055275		124055274
972		124055331		124055331		124055331
973		124055379		124055379		124055379
974		124055430		124055430		124055430
975		124055477		124055477		124055477
976		124055528		124055528		124055528
977		124055582		124055582		124055582
978		124055634		124055635		124055634
979		124055670		124055670		124055670
980		124055728		124055728		124055728
981		124055786		124055786		124055786
982		124055829		124055829		124055829
983		124055880		124055882		124055880
984		124055930		124055931		124055930
985		124055980		124055981		124055980
986		124056034		124056035		124056034
987		124056086		124056087		124056086
988		124056141		124056141		124056141
989		124056170		124056171		124056170
990		124056225		124056225		124056225
991		124056277		124056277		124056277
992		124056327		124056327		124056327
993		124056382		124056382		124056382
994		124056431		124056432		124056431
995		124056474		124056474		124056474
996		124056529		124056529		124056529
997		124056585		124056585		124056585
998		124056619		124056620		124056619
999		124056675		124056675		124056675
1000		124056738		124056738		124056738
1001		124056770		124056774		124056770
1002		124056825		124056825		124056825
1003		124056879		124056879		124056879
1004		124056927		124056927		124056927
1005		124056978		124056978		124056978
1006		124057028		124057028		124057028
1007		124057084		124057084		124057084
1008		124057134		124057134		124057134
1009		124057175		124057175		124057175
1010		124057230		124057230		124057230
1011		124057276		124057277		124057276
1012		124057327		124057328		124057327
1013		124057370		124057371		124057370
1014		124057429		124057429		124057429
1015		124057477		124057477		124057477
1016		124057526		124057526		124057526
1017		124057579		124057579		124057579
1018		124057629		124057629		124057629
1019		124057677		124057678		124057677
1020		124057727		124057727		124057727
1021		124057778		124057778		124057778
1022		124057827		124057827		124057827
1023		124057876		124057876		124057876
1024		124057936		124057937		124057936
1025		124057971		124057971		124057971
1026		124058029		124058029		124058029
1027		124058079		124058079		124058079
1028		124058125		124058125		124058125
1029		124058178		124058178		124058178
1030		124058225		124058225		124058225
1031		124058276		124058276		124058276
1032		124058334		124058334		124058334
1033		124058385		124058385		124058385
1034		124058424		124058424		124058424
1035		124058479		124058479		124058479
1036		124058528		124058528		124058528
1037		124058582		124058582		124058582
1038		124058629		124058630		124058629
1039		124058678		124058678		124058678
1040		124058721		124058721		124058721
1041		124058775		124058776		124058775
1042		124058828		124058828		124058828
1043		124058878		124058878		124058878
1044		124058926		124058926		124058926
1045		124058978		124058978		124058978
1046		124059026		124059026		124059026
1047		124059078		124059078		124059078
1048		124059125		124059126		124059125
1049		124059176		124059177		124059176
1050		124059231		124059231		124059231
1051		124059279		124059281		124059279
1052		124059330		124059330		124059330
1053		124059380		124059380		124059380
1054		124059430		124059430		124059430
1055		124059475		124059475		124059475
1056		124059521		124059525		124059521
1057		124059582		124059587		124059582
1058		124059625		124059625		124059625
1059		124059678		124059678		124059678
1060		124059726		124059726		124059726
1061		124059778		124059778		124059778
1062		124059826		124059827		124059826
1063		124059879		124059879		124059879
1064		124059931		124059932		124059931
1065		124059981		124059981		124059981
1066		124100149		124100149		124100149
1067		124100149		124100149		124100149
1068		124100175		124100176		124100175
1069		124100232		124100232		124100232
1070		124100288		124100288		124100288
1071		124100321		124100324		124100321
1072		124100379		124100379		124100379
1073		124100421		124100421		124100421
1074		124100478		124100479		124100478
1075		124100526		124100526		124100526
1076		124100580		124100580		124100580
1077		124100627		124100627		124100627
1078		124100671		124100671		124100671
1079		124100731		124100731		124100731
1080		124100775		124100775		124100775
1081		124100825		124100826		124100825
1082		124100877		124100877		124100877
1083		124100931		124100931		124100931
1084		124100978		124100979		124100978
1085		124101032		124101033		124101032
1086		124101082		124101082		124101082
1087		124101131		124101131		124101131
1088		124101184		124101184		124101184
1089		124101221		124101224		124101221
1090		124101275		124101275		124101275
1091		124101329		124101330		124101329
1092		124101385		124101385		124101385
1093		124101420		124101420		124101420
1094		124101475		124101475		124101475
1095		124101529		124101529		124101529
1096		124101577		124101577		124101577
1097		124101626		124101628		124101626
1098		124101677		124101677		124101677
1099		124101727		124101728		124101727
1100		124101777		124101777		124101777
1101		124101826		124101827		124101826
1102		124101879		124101879		124101879
1103		124101927		124101927		124101927
1104		124101981		124101981		124101981
1105		124102021		124102021		124102021
1106		124102078		124102079		124102078
1107		124102130		124102130		124102130
1108		124102175		124102175		124102175
1109		124102225		124102225		124102225
1110		124102276		124102276		124102276
1111		124102327		124102327		124102327
1112		124102377		124102377		124102377
1113		124102431		124102432		124102431
1114		124102481		124102481		124102481
1115		124102529		124102529		124102529
1116		124102596		124102596		124102596
1117		124102627		124102627		124102627
1118		124102681		124102681		124102681
1119		124102732		124102732		124102732
1120		124102784		124102784		124102784
1121		124102831		124102831		124102831
1122		124102882		124102886		124102882
1123		124102937		124102937		124102937
1124		124102975		124102976		124102975
1125		124103027		124103027		124103027
1126		124103078		124103078		124103078
1127		124103126		124103126		124103126
1128		124103177		124103178		124103177
1129		124103228		124103228		124103228
1130		124103279		124103280		124103279
1131		124103327		124103327		124103327
1132		124103380		124103380		124103380
1133		124103430		124103430		124103430
1134		124103477		124103478		124103477
1135		124103531		124103531		124103531
1136		124103582		124103582		124103582
1137		124103643		124103644		124103643
1138		124103675		124103676		124103675
1139		124103726		124103726		124103726
1140		124103777		124103777		124103777
1141		124103826		124103826		124103826
1142		124103878		124103878		124103878
1143		124103926		124103926		124103926
1144		124103982		124103982		124103982
1145		124104030		124104030		124104030
1146		124104081		124104082		124104081
1147		124104132		124104132		124104132
1148		124104183		124104184		124104183
1149		124104232		124104232		124104232
1150		124104288		124104288		124104288
1151		124104319		124104319		124104319
1152		124104376		124104377		124104376
1153		124104426		124104426		124104426
1154		124104478		124104478		124104478
1155		124104526		124104527		124104526
1156		124104580		124104580		124104580
1157		124104626		124104626		124104626
1158		124104677		124104678		124104677
1159		124104726		124104726		124104726
1160		124104777		124104777		124104777
1161		124104828		124104828		124104828
1162		124104879		124104879		124104879
1163		124104931		124104932		124104931
1164		124104985		124104985		124104985
1165		124105033		124105033		124105033
1166		124105087		124105088		124105087
1167		124105120		124105120		124105120
1168		124105170		124105171		124105170
1169		124105234		124105234		124105234
1170		124105283		124105283		124105283
1171		124105336		124105336		124105336
1172		124105370		124105370		124105370
1173		124105427		124105428		124105427
1174		124105480		124105480		124105480
1175		124105531		124105531		124105531
1176		124105581		124105581		124105581
1177		124105634		124105634		124105634
1178		124105691		124105692		124105691
1179		124105723		124105724		124105723
1180		124105778		124105778		124105778
1181		124105828		124105828		124105828
1182		124105878		124105878		124105878
1183		124105927		124105927		124105927
1184		124105980		124105980		124105980
1185		124106028		124106028		124106028
1186		124106079		124106079		124106079
1187		124106130		124106131		124106130
1188		124106182		124106182		124106182
1189		124106228		124106228		124106228
1190		124106278		124106279		124106278
1191		124106332		124106332		124106332
1192		124106380		124106380		124106380
1193		124106432		124106432		124106432
1194		124106478		124106478		124106478
1195		124106527		124106528		124106527
1196		124106579		124106579		124106579
1197		124106629		124106629		124106629
1198		124106683		124106684		124106683
1199		124106724		124106724		124106724
1200		124106781		124106781		124106781
1201		124106831		124106832		124106831
1202		124106884		124106884		124106884
1203		124106932		124106932		124106932
1204		124106971		124106971		124106971
1205		124107032		124107032		124107032
1206		124107083		124107083		124107083
1207		124107119		124107119		124107119
1208		124107171		124107171		124107171
1209		124107226		124107227		124107226
1210		124107277		124107277		124107277
1211		124107326		124107327		124107326
1212		124107380		124107380		124107380
1213		124107438		124107441		124107438
1214		124107470		124107470		124107470
1215		124107526		124107527		124107526
1216		124107579		124107579		124107579
1217		124107631		124107631		124107631
1218		124107680		124107680		124107680
1219		124107731		124107731		124107731
1220		124107776		124107778		124107776
1221		124107833		124107833		124107833
1222		124107882		124107882		124107882
1223		124107937		124107937		124107937
1224		124107982		124107985		124107982
1225		124108041		124108041		124108041
1226		124108148		124108148		124108148
1227		124108148		124108150		124108148
1228		124108170		124108170		124108170
1229		124108221		124108226		124108221
1230		124108280		124108281		124108280
1231		124108329		124108329		124108329
1232		124108379		124108379		124108379
1233		124108431		124108431		124108431
1234		124108479		124108479		124108479
1235		124108532		124108532		124108532
1236		124108584		124108585		124108584
1237		124108628		124108628		124108628
1238		124108677		124108677		124108677
1239		124108727		124108727		124108727
1240		124108776		124108778		124108776
1241		124108829		124108829		124108829
1242		124108875		124108875		124108875
1243		124108927		124108927		124108927
1244		124108983		124108983		124108983
1245		124109031		124109031		124109031
1246		124109081		124109081		124109081
1247		124109133		124109133		124109133
1248		124109179		124109180		124109179
1249		124109227		124109227		124109227
1250		124109280		124109280		124109280
1251		124109325		124109325		124109325
1252		124109377		124109377		124109377
1253		124109430		124109430		124109430
1254		124109479		124109480		124109479
1255		124109525		124109526		124109525
1256		124109571		124109571		124109571
1257		124109629		124109629		124109629
1258		124109675		124109676		124109675
1259		124109727		124109728		124109727
1260		124109778		124109778		124109778
1261		124109829		124109830		124109829
1262		124109876		124109877		124109876
1263		124109921		124109921		124109921
1264		124109980		124109980		124109980
1265		124110027		124110027		124110027
1266		124110079		124110079		124110079
1267		124110128		124110128		124110128
1268		124110179		124110179		124110179
1269		124110228		124110228		124110228
1270		124110276		124110276		124110276
1271		124110327		124110327		124110327
1272		124110377		124110377		124110377
1273		124110431		124110431		124110431
1274		124110481		124110481		124110481
1275		124110531		124110531		124110531
1276		124110580		124110580		124110580
1277		124110634		124110635		124110634
1278		124110686		124110686		124110686
1279		124110720		124110720		124110720
1280		124110778		124110778		124110778
1281		124110826		124110826		124110826
1282		124110879		124110879		124110879
1283		124110927		124110928		124110927
1284		124110975		124110975		124110975
1285		124111027		124111027		124111027
1286		124111076		124111076		124111076
1287		124111127		124111128		124111127
1288		124111178		124111178		124111178
1289		124111230		124111230		124111230
1290		124111278		124111278		124111278
1291		124111321		124111321		124111321
1292		124111377		124111378		124111377
1293		124111425		124111425		124111425
1294		124111479		124111479		124111479
1295		124111529		124111529		124111529
1296		124111576		124111576		124111576
1297		124111627		124111631		124111627
1298		124111684		124111684		124111684
1299		124111733		124111734		124111733
1300		124111777		124111777		124111777
1301		124111831		124111831		124111831
1302		124111882		124111882		124111882
1303		124111933		124111933		124111933
1304		124112006		124112006		124112006
1305		124112024		124112024		124112024
1306		124112076		124112076		124112076
1307		124112127		124112128		124112127
1308		124112179		124112180		124112179
1309		124112226		124112226		124112226
1310		124112275		124112276		124112275
1311		124112326		124112327		124112326
1312		124112410		124112412		124112410
1313		124112423		124112424		124112423
1314		124112477		124112478		124112477
1315		124112520		124112520		124112520
1316		124112578		124112578		124112578
1317		124112632		124112632		124112632
1318		124112682		124112687		124112682
1319		124112720		124112720		124112720
1320		124112777		124112778		124112777
1321		124112828		124112828		124112828
1322		124112878		124112878		124112878
1323		124112927		124112928		124112927
1324		124112980		124112980		124112980
1325		124113028		124113028		124113028
1326		124113078		124113078		124113078
1327		124113128		124113128		124113128
1328		124113178		124113178		124113178
1329		124113232		124113232		124113232
1330		124113279		124113280		124113279
1331		124113331		124113331		124113331
1332		124113376		124113377		124113376
1333		124113435		124113436		124113435
1334		124113486		124113487		124113486
1335		124113521		124113521		124113521
1336		124113581		124113581		124113581
1337		124113626		124113626		124113626
1338		124113675		124113675		124113675
1339		124113727		124113727		124113727
1340		124113774		124113775		124113774
1341		124113827		124113827		124113827
1342		124113884		124113884		124113884
1343		124113934		124113934		124113934
1344		124113976		124113976		124113976
1345		124114030		124114030		124114030
1346		124114079		124114079		124114079
1347		124114125		124114125		124114125
1348		124114179		124114179		124114179
1349		124114227		124114227		124114227
1350		124114278		124114278		124114278
1351		124114328		124114328		124114328
1352		124114377		124114380		124114377
1353		124114428		124114428		124114428
1354		124114476		124114476		124114476
1355		124114530		124114531		124114530
1356		124114581		124114581		124114581
1357		124114637		124114637		124114637
1358		124114677		124114678		124114677
1359		124114730		124114730		124114730
1360		124114783		124114784		124114783
1361		124114835		124114835		124114835
1362		124114888		124114892		124114888
1363		124114924		124114924		124114924
1364		124114979		124114979		124114979
1365		124115026		124115027		124115026
1366		124115071		124115074		124115071
1367		124115127		124115127		124115127
1368		124115175		124115175		124115175
1369		124115227		124115227		124115227
1370		124115285		124115285		124115285
1371		124115334		124115334		124115334
1372		124115374		124115374		124115374
1373		124115429		124115430		124115429
1374		124115480		124115480		124115480
1375		124115526		124115526		124115526
1376		124115578		124115578		124115578
1377		124115627		124115627		124115627
1378		124115669		124115669		124115669
1379		124115725		124115726		124115725
1380		124115775		124115776		124115775
1381		124115828		124115828		124115828
1382		124115875		124115875		124115875
1383		124115928		124115928		124115928
1384		124115977		124115978		124115977
1385		124116021		124116021		124116021
1386		124116082		124116082		124116082
1387		124116132		124116133		124116132
1388		124116182		124116182		124116182
1389		124116225		124116225		124116225
1390		124116278		124116278		124116278
1391		124116325		124116325		124116325
1392		124116380		124116380		124116380
1393		124116426		124116426		124116426
1394		124116477		124116478		124116477
1395		124116520		124116520		124116520
1396		124116576		124116576		124116576
1397		124116632		124116632		124116632
1398		124116671		124116671		124116671
