1 120130189 120130190 120130189
2 120130222 120130223 120130222
3 120130248 120130248 120130248
4 120130304 120130305 120130304
5 120130356 120130356 120130356
6 120130400 120130401 120130400
7 120130455 120130459 120130455
8 120130506 120130506 120130506
9 120130551 120130552 120130551
10 120130608 120130608 120130608
11 120130653 120130653 120130653
12 120130708 120130709 120130708
13 120130753 120130753 120130753
14 120130797 120130797 120130797
15 120130857 120130858 120130857
16 120130906 120130906 120130906
17 120130957 120130958 120130957
18 120131008 120131009 120131008
19 120131047 120131047 120131047
20 120131122 120131122 120131122
21 120131153 120131153 120131153
22 120131206 120131206 120131206
23 120131258 120131259 120131258
24 120131298 120131299 120131298
25 120131366 120131367 120131366
26 120131398 120131398 120131398
27 120131453 120131453 120131453
28 120131502 120131502 120131502
29 120131550 120131551 120131550
30 120131603 120131603 120131603
31 120131651 120131651 120131651
32 120131702 120131702 120131702
33 120131764 120131764 120131764
34 120131799 120131800 120131799
35 120131853 120131854 120131853
36 120131900 120131900 120131900
37 120131952 120131952 120131952
38 120131998 120131999 120131998
39 120132057 120132057 120132057
40 120132110 120132110 120132110
41 120132165 120132165 120132165
42 120132215 120132215 120132215
43 120132247 120132247 120132247
44 120132302 120132302 120132302
45 120132360 120132360 120132360
46 120132396 120132396 120132396
47 120132447 120132447 120132447
48 120132505 120132505 120132505
49 120132557 120132557 120132557
50 120132609 120132610 120132609
51 120132660 120132660 120132660
52 120132701 120132701 120132701
53 120132754 120132754 120132754
54 120132798 120132799 120132798
55 120132867 120132867 120132867
56 120132899 120132899 120132899
57 120132949 120132950 120132949
58 120133000 120133000 120133000
59 120133049 120133049 120133049
60 120133102 120133102 120133102
61 120133153 120133153 120133153
62 120133209 120133209 120133209
63 120133250 120133251 120133250
64 120133307 120133307 120133307
65 120133358 120133358 120133358
66 120133413 120133413 120133413
67 120133454 120133454 120133454
68 120133506 120133508 120133506
69 120133558 120133558 120133558
70 120133609 120133609 120133609
71 120133648 120133648 120133648
72 120133702 120133702 120133702
73 120133748 120133751 120133748
74 120133806 120133806 120133806
75 120133856 120133856 120133856
76 120133898 120133898 120133898
77 120133952 120133952 120133952
78 120134002 120134002 120134002
79 120134067 120134067 120134067
80 120134096 120134096 120134096
81 120134150 120134150 120134150
82 120134199 120134199 120134199
83 120134256 120134256 120134256
84 120134303 120134304 120134303
85 120134357 120134357 120134357
86 120134417 120134417 120134417
87 120134448 120134448 120134448
88 120134501 120134502 120134501
89 120134552 120134552 120134552
90 120134599 120134600 120134599
91 120134651 120134651 120134651
92 120134699 120134699 120134699
93 120134755 120134755 120134755
94 120134808 120134808 120134808
95 120134857 120134862 120134857
96 120134899 120134900 120134899
97 120134972 120134972 120134972
98 120135002 120135002 120135002
99 120135059 120135059 120135059
100 120135101 120135101 120135101
101 120135151 120135151 120135151
102 120135205 120135205 120135205
103 120135259 120135259 120135259
104 120135296 120135297 120135296
105 120135353 120135353 120135353
106 120135405 120135405 120135405
107 120135453 120135453 120135453
108 120135507 120135507 120135507
109 120135557 120135557 120135557
110 120135609 120135609 120135609
111 120135648 120135648 120135648
112 120135701 120135701 120135701
113 120135748 120135749 120135748
114 120135801 120135802 120135801
115 120135847 120135848 120135847
116 120135902 120135902 120135902
117 120135951 120135951 120135951
118 120136000 120136002 120136000
119 120136051 120136051 120136051
120 120136109 120136110 120136109
121 120136151 120136151 120136151
122 120136209 120136209 120136209
123 120136255 120136255 120136255
124 120136314 120136315 120136314
125 120136347 120136347 120136347
126 120136400 120136401 120136400
127 120136465 120136466 120136465
128 120136500 120136501 120136500
129 120136549 120136549 120136549
130 120136605 120136605 120136605
131 120136654 120136656 120136654
132 120136707 120136707 120136707
133 120136773 120136774 120136773
134 120136806 120136806 120136806
135 120136859 120136859 120136859
136 120136898 120136898 120136898
137 120136952 120136952 120136952
138 120137000 120137001 120137000
139 120137048 120137049 120137048
140 120137104 120137105 120137104
141 120137167 120137173 120137167
142 120137206 120137206 120137206
143 120137250 120137250 120137250
144 120137305 120137305 120137305
145 120137359 120137359 120137359
146 120137397 120137397 120137397
147 120137450 120137450 120137450
148 120137502 120137502 120137502
149 120137552 120137552 120137552
150 120137598 120137598 120137598
151 120137655 120137655 120137655
152 120137700 120137700 120137700
153 120137748 120137748 120137748
154 120137801 120137802 120137801
155 120137853 120137855 120137853
156 120137907 120137907 120137907
157 120137959 120137960 120137959
158 120138006 120138006 120138006
159 120138055 120138058 120138055
160 120138256 120138256 120138256
161 120138257 120138257 120138257
162 120138257 120138257 120138257
163 120138319 120138319 120138319
164 120138372 120138372 120138372
165 120138446 120138447 120138446
166 120138462 120138463 120138462
167 120138517 120138517 120138517
168 120138548 120138549 120138548
169 120138601 120138602 120138601
170 120138650 120138650 120138650
171 120138702 120138702 120138702
172 120138752 120138753 120138752
173 120138805 120138805 120138805
174 120138853 120138853 120138853
175 120138909 120138909 120138909
176 120138959 120138959 120138959
177 120139000 120139000 120139000
178 120139057 120139057 120139057
179 120139110 120139113 120139110
180 120139164 120139164 120139164
181 120139200 120139200 120139200
182 120139253 120139255 120139253
183 120139307 120139307 120139307
184 120139347 120139347 120139347
185 120139403 120139403 120139403
186 120139457 120139457 120139457
187 120139509 120139510 120139509
188 120139568 120139568 120139568
189 120139601 120139602 120139601
190 120139653 120139654 120139653
191 120139703 120139704 120139703
192 120139748 120139749 120139748
193 120139801 120139802 120139801
194 120139851 120139857 120139851
195 120139910 120139913 120139910
196 120139964 120139964 120139964
197 120139999 120139999 120139999
198 120140053 120140053 120140053
199 120140105 120140105 120140105
200 120140153 120140153 120140153
201 120140208 120140208 120140208
202 120140259 120140260 120140259
203 120140297 120140298 120140297
204 120140353 120140353 120140353
205 120140403 120140403 120140403
206 120140454 120140455 120140454
207 120140501 120140502 120140501
208 120140548 120140549 120140548
209 120140600 120140600 120140600
210 120140655 120140655 120140655
211 120140703 120140703 120140703
212 120140750 120140751 120140750
213 120140803 120140803 120140803
214 120140850 120140850 120140850
215 120140900 120140900 120140900
216 120140965 120140965 120140965
217 120141000 120141000 120141000
218 120141052 120141052 120141052
219 120141117 120141117 120141117
220 120141164 120141164 120141164
221 120141198 120141198 120141198
222 120141248 120141248 120141248
223 120141305 120141306 120141305
224 120141348 120141349 120141348
225 120141401 120141401 120141401
226 120141456 120141456 120141456
227 120141507 120141507 120141507
228 120141557 120141557 120141557
229 120141598 120141598 120141598
230 120141651 120141651 120141651
231 120141702 120141702 120141702
232 120141755 120141755 120141755
233 120141798 120141798 120141798
234 120141849 120141849 120141849
235 120141903 120141903 120141903
236 120141953 120141953 120141953
237 120142002 120142002 120142002
238 120142049 120142049 120142049
239 120142100 120142101 120142100
240 120142148 120142148 120142148
241 120142204 120142204 120142204
242 120142250 120142250 120142250
243 120142302 120142302 120142302
244 120142356 120142357 120142356
245 120142409 120142409 120142409
246 120142459 120142460 120142459
247 120142500 120142500 120142500
248 120142553 120142555 120142553
249 120142601 120142601 120142601
250 120142649 120142649 120142649
251 120142703 120142704 120142703
252 120142752 120142753 120142752
253 120142805 120142805 120142805
254 120142862 120142862 120142862
255 120142899 120142899 120142899
256 120142951 120142951 120142951
257 120143002 120143002 120143002
258 120143060 120143064 120143060
259 120143100 120143100 120143100
260 120143155 120143155 120143155
261 120143205 120143205 120143205
262 120143257 120143257 120143257
263 120143315 120143315 120143315
264 120143346 120143346 120143346
265 120143401 120143401 120143401
266 120143457 120143457 120143457
267 120143500 120143500 120143500
268 120143549 120143549 120143549
269 120143604 120143604 120143604
270 120143651 120143651 120143651
271 120143699 120143699 120143699
272 120143754 120143754 120143754
273 120143799 120143800 120143799
274 120143853 120143853 120143853
275 120143910 120143913 120143910
276 120143963 120143964 120143963
277 120144015 120144016 120144015
278 120144048 120144048 120144048
279 120144103 120144103 120144103
280 120144156 120144156 120144156
281 120144205 120144205 120144205
282 120144248 120144248 120144248
283 120144299 120144299 120144299
284 120144354 120144354 120144354
285 120144398 120144398 120144398
286 120144451 120144452 120144451
287 120144502 120144502 120144502
288 120144557 120144557 120144557
289 120144610 120144614 120144610
290 120144664 120144664 120144664
291 120144697 120144697 120144697
292 120144749 120144749 120144749
293 120144802 120144802 120144802
294 120144850 120144850 120144850
295 120144903 120144903 120144903
296 120144953 120144953 120144953
297 120145007 120145007 120145007
298 120145056 120145057 120145056
299 120145109 120145110 120145109
300 120145167 120145167 120145167
301 120145206 120145207 120145206
302 120145254 120145254 120145254
303 120145309 120145309 120145309
304 120145365 120145367 120145365
305 120145398 120145398 120145398
306 120145464 120145465 120145464
307 120145516 120145517 120145516
308 120145547 120145547 120145547
309 120145601 120145601 120145601
310 120145653 120145655 120145653
311 120145706 120145706 120145706
312 120145756 120145756 120145756
313 120145816 120145816 120145816
314 120145852 120145853 120145852
315 120145902 120145902 120145902
316 120145956 120145956 120145956
317 120146009 120146009 120146009
318 120146058 120146060 120146058
319 120146098 120146098 120146098
320 120146163 120146164 120146163
321 120146201 120146201 120146201
322 120146258 120146259 120146258
323 120146310 120146310 120146310
324 120146347 120146347 120146347
325 120146408 120146408 120146408
326 120146448 120146449 120146448
327 120146500 120146500 120146500
328 120146566 120146566 120146566
329 120146600 120146601 120146600
330 120146653 120146653 120146653
331 120146708 120146709 120146708
332 120146759 120146759 120146759
333 120146799 120146800 120146799
334 120146860 120146860 120146860
335 120146916 120146917 120146916
336 120146948 120146949 120146948
337 120146999 120146999 120146999
338 120147053 120147054 120147053
339 120147106 120147107 120147106
340 120147157 120147158 120147157
341 120147198 120147198 120147198
342 120147260 120147265 120147260
343 120147298 120147298 120147298
344 120147353 120147353 120147353
345 120147404 120147404 120147404
346 120147456 120147456 120147456
347 120147507 120147508 120147507
348 120147562 120147563 120147562
349 120147615 120147615 120147615
350 120147651 120147651 120147651
351 120147705 120147705 120147705
352 120147756 120147757 120147756
353 120147798 120147798 120147798
354 120147852 120147853 120147852
355 120147906 120147906 120147906
356 120147953 120147954 120147953
357 120148000 120148001 120148000
358 120148053 120148053 120148053
359 120148107 120148107 120148107
360 120148160 120148160 120148160
361 120148220 120148220 120148220
362 120148248 120148248 120148248
363 120148301 120148301 120148301
364 120148353 120148353 120148353
365 120148396 120148396 120148396
366 120148451 120148451 120148451
367 120148499 120148499 120148499
368 120148551 120148552 120148551
369 120148599 120148599 120148599
370 120148652 120148652 120148652
371 120148702 120148702 120148702
372 120148753 120148754 120148753
373 120148803 120148804 120148803
374 120148859 120148859 120148859
375 120148899 120148899 120148899
376 120148950 120148951 120148950
377 120149004 120149004 120149004
378 120149051 120149052 120149051
379 120149103 120149103 120149103
380 120149153 120149153 120149153
381 120149204 120149204 120149204
382 120149251 120149252 120149251
383 120149301 120149301 120149301
384 120149353 120149354 120149353
385 120149408 120149408 120149408
386 120149466 120149467 120149466
387 120149498 120149499 120149498
388 120149551 120149551 120149551
389 120149602 120149602 120149602
390 120149649 120149649 120149649
391 120149716 120149716 120149716
392 120149747 120149747 120149747
393 120149799 120149801 120149799
394 120149852 120149853 120149852
395 120149909 120149909 120149909
396 120149948 120149949 120149948
397 120149999 120150000 120149999
398 120150053 120150053 120150053
399 120150100 120150101 120150100
400 120150160 120150163 120150160
401 120150203 120150203 120150203
402 120150255 120150255 120150255
403 120150304 120150304 120150304
404 120150359 120150359 120150359
405 120150416 120150416 120150416
406 120150448 120150448 120150448
407 120150502 120150502 120150502
408 120150555 120150555 120150555
409 120150607 120150607 120150607
410 120150656 120150656 120150656
411 120150698 120150698 120150698
412 120150752 120150752 120150752
413 120150799 120150799 120150799
414 120150853 120150853 120150853
415 120150907 120150907 120150907
416 120150959 120150960 120150959
417 120151002 120151002 120151002
418 120151050 120151050 120151050
419 120151118 120151119 120151118
420 120151151 120151151 120151151
421 120151202 120151203 120151202
422 120151249 120151250 120151249
423 120151305 120151305 120151305
424 120151349 120151349 120151349
425 120151401 120151401 120151401
426 120151456 120151456 120151456
427 120151509 120151509 120151509
428 120151559 120151559 120151559
429 120151615 120151615 120151615
430 120151647 120151647 120151647
431 120151699 120151700 120151699
432 120151750 120151750 120151750
433 120151808 120151808 120151808
434 120151849 120151849 120151849
435 120151902 120151902 120151902
436 120151950 120151951 120151950
437 120151999 120151999 120151999
438 120152051 120152051 120152051
439 120152101 120152101 120152101
440 120152150 120152151 120152150
441 120152200 120152200 120152200
442 120152255 120152255 120152255
443 120152305 120152305 120152305
444 120152358 120152358 120152358
445 120152400 120152400 120152400
446 120152449 120152449 120152449
447 120152501 120152502 120152501
448 120152555 120152555 120152555
449 120152607 120152607 120152607
450 120152665 120152666 120152665
451 120152696 120152697 120152696
452 120152751 120152751 120152751
453 120152799 120152799 120152799
454 120152856 120152856 120152856
455 120152899 120152899 120152899
456 120152953 120152953 120152953
457 120153002 120153002 120153002
458 120153055 120153055 120153055
459 120153104 120153104 120153104
460 120153152 120153152 120153152
461 120153207 120153208 120153207
462 120153260 120153260 120153260
463 120153314 120153314 120153314
464 120153348 120153349 120153348
465 120153402 120153402 120153402
466 120153454 120153454 120153454
467 120153510 120153510 120153510
468 120153548 120153548 120153548
469 120153601 120153601 120153601
470 120153656 120153656 120153656
471 120153707 120153707 120153707
472 120153760 120153760 120153760
473 120153799 120153800 120153799
474 120153852 120153852 120153852
475 120153905 120153906 120153905
476 120153964 120153964 120153964
477 120153997 120153997 120153997
478 120154050 120154050 120154050
479 120154101 120154102 120154101
480 120154151 120154152 120154151
481 120154199 120154200 120154199
482 120154258 120154258 120154258
483 120154298 120154299 120154298
484 120154354 120154354 120154354
485 120154403 120154403 120154403
486 120154457 120154457 120154457
487 120154501 120154501 120154501
488 120154550 120154550 120154550
489 120154601 120154601 120154601
490 120154664 120154665 120154664
491 120154701 120154701 120154701
492 120154757 120154757 120154757
493 120154797 120154797 120154797
494 120154858 120154858 120154858
495 120154898 120154898 120154898
496 120154952 120154952 120154952
497 120155002 120155002 120155002
498 120155057 120155057 120155057
499 120155106 120155106 120155106
500 120155158 120155158 120155158
501 120155209 120155209 120155209
502 120155264 120155264 120155264
503 120155316 120155316 120155316
504 120155350 120155350 120155350
505 120155400 120155400 120155400
506 120155454 120155454 120155454
507 120155507 120155507 120155507
508 120155556 120155556 120155556
509 120155609 120155609 120155609
510 120155659 120155660 120155659
511 120155700 120155700 120155700
512 120155750 120155750 120155750
513 120155802 120155802 120155802
514 120155848 120155848 120155848
515 120155906 120155906 120155906
516 120155959 120155960 120155959
517 120156013 120156013 120156013
518 120156049 120156049 120156049
519 120156105 120156105 120156105
520 120156150 120156150 120156150
521 120156199 120156199 120156199
522 120156254 120156254 120156254
523 120156302 120156302 120156302
524 120156353 120156354 120156353
525 120156403 120156403 120156403
526 120156465 120156465 120156465
527 120156500 120156500 120156500
528 120156549 120156549 120156549
529 120156607 120156607 120156607
530 120156659 120156660 120156659
531 120156709 120156709 120156709
532 120156749 120156749 120156749
533 120156804 120156804 120156804
534 120156852 120156852 120156852
535 120156909 120156909 120156909
536 120156949 120156949 120156949
537 120156999 120157000 120156999
538 120157053 120157054 120157053
539 120157102 120157102 120157102
540 120157148 120157149 120157148
541 120157203 120157203 120157203
542 120157258 120157258 120157258
543 120157307 120157308 120157307
544 120157350 120157350 120157350
545 120157404 120157405 120157404
546 120157455 120157456 120157455
547 120157496 120157496 120157496
548 120157551 120157552 120157551
549 120157598 120157599 120157598
550 120157653 120157653 120157653
551 120157704 120157704 120157704
552 120157754 120157754 120157754
553 120157803 120157803 120157803
554 120157858 120157858 120157858
555 120157916 120157916 120157916
556 120157948 120157948 120157948
557 120158006 120158006 120158006
558 120158059 120158059 120158059
559 120158110 120158110 120158110
560 120158148 120158148 120158148
561 120158199 120158199 120158199
562 120158250 120158251 120158250
563 120158304 120158306 120158304
564 120158355 120158355 120158355
565 120158400 120158400 120158400
566 120158459 120158459 120158459
567 120158600 120158601 120158600
568 120158601 120158601 120158601
569 120158617 120158618 120158617
570 120158647 120158647 120158647
571 120158798 120158799 120158798
572 120158799 120158799 120158799
573 120158800 120158800 120158800
574 120158865 120158865 120158865
575 120158898 120158899 120158898
576 120158951 120158951 120158951
577 120159001 120159001 120159001
578 120159052 120159052 120159052
579 120159099 120159100 120159099
580 120159160 120159160 120159160
581 120159218 120159218 120159218
582 120159253 120159253 120159253
583 120159304 120159304 120159304
584 120159360 120159360 120159360
585 120159410 120159416 120159410
586 120159450 120159450 120159450
587 120159505 120159505 120159505
588 120159557 120159557 120159557
589 120159608 120159609 120159608
590 120159649 120159649 120159649
591 120159707 120159707 120159707
592 120159757 120159757 120159757
593 120159810 120159813 120159810
594 120159859 120159859 120159859
595 120159905 120159905 120159905
596 120159958 120159958 120159958
597 120200140 120200141 120200140
598 120200141 120200141 120200141
599 120200153 120200153 120200153
600 120200197 120200197 120200197
601 120200253 120200254 120200253
602 120200306 120200306 120200306
603 120200359 120200359 120200359
604 120200401 120200401 120200401
605 120200450 120200450 120200450
606 120200503 120200503 120200503
607 120200557 120200557 120200557
608 120200607 120200608 120200607
609 120200658 120200658 120200658
610 120200717 120200718 120200717
611 120200748 120200748 120200748
612 120200801 120200801 120200801
613 120200850 120200850 120200850
614 120200899 120200901 120200899
615 120200955 120200955 120200955
616 120201008 120201008 120201008
617 120201050 120201050 120201050
618 120201099 120201099 120201099
619 120201159 120201159 120201159
620 120201201 120201201 120201201
621 120201260 120201260 120201260
622 120201300 120201300 120201300
623 120201356 120201356 120201356
624 120201405 120201405 120201405
625 120201458 120201458 120201458
626 120201501 120201501 120201501
627 120201566 120201566 120201566
628 120201600 120201600 120201600
629 120201651 120201651 120201651
630 120201700 120201700 120201700
631 120201752 120201752 120201752
632 120201803 120201803 120201803
633 120201854 120201855 120201854
634 120201909 120201909 120201909
635 120201965 120201965 120201965
636 120202000 120202000 120202000
637 120202052 120202052 120202052
638 120202104 120202104 120202104
639 120202152 120202152 120202152
640 120202203 120202203 120202203
641 120202252 120202252 120202252
642 120202298 120202300 120202298
643 120202351 120202352 120202351
644 120202400 120202400 120202400
645 120202455 120202456 120202455
646 120202519 120202519 120202519
647 120202552 120202552 120202552
648 120202607 120202607 120202607
649 120202658 120202658 120202658
650 120202699 120202699 120202699
651 120202755 120202755 120202755
652 120202805 120202805 120202805
653 120202854 120202854 120202854
654 120202908 120202909 120202908
655 120202964 120202964 120202964
656 120202997 120202997 120202997
657 120203050 120203050 120203050
658 120203098 120203099 120203098
659 120203152 120203152 120203152
660 120203201 120203201 120203201
661 120203252 120203252 120203252
662 120203301 120203302 120203301
663 120203355 120203355 120203355
664 120203406 120203406 120203406
665 120203463 120203463 120203463
666 120203504 120203504 120203504
667 120203549 120203549 120203549
668 120203603 120203603 120203603
669 120203652 120203652 120203652
670 120203706 120203706 120203706
671 120203758 120203758 120203758
672 120203810 120203813 120203810
673 120203846 120203846 120203846
674 120203899 120203899 120203899
675 120203953 120203953 120203953
676 120204001 120204001 120204001
677 120204049 120204049 120204049
678 120204102 120204102 120204102
679 120204149 120204149 120204149
680 120204200 120204200 120204200
681 120204249 120204249 120204249
682 120204298 120204299 120204298
683 120204350 120204351 120204350
684 120204399 120204399 120204399
685 120204452 120204452 120204452
686 120204505 120204505 120204505
687 120204555 120204555 120204555
688 120204609 120204610 120204609
689 120204659 120204659 120204659
690 120204714 120204715 120204714
691 120204747 120204748 120204747
692 120204806 120204806 120204806
693 120204858 120204859 120204858
694 120204917 120204918 120204917
695 120204950 120204950 120204950
696 120205017 120205017 120205017
697 120205051 120205051 120205051
698 120205104 120205104 120205104
699 120205153 120205153 120205153
700 120205202 120205202 120205202
701 120205256 120205256 120205256
702 120205306 120205308 120205306
703 120205359 120205359 120205359
704 120205414 120205415 120205414
705 120205448 120205448 120205448
706 120205502 120205502 120205502
707 120205553 120205554 120205553
708 120205603 120205603 120205603
709 120205650 120205650 120205650
710 120205699 120205700 120205699
711 120205750 120205750 120205750
712 120205802 120205802 120205802
713 120205852 120205852 120205852
714 120205901 120205902 120205901
715 120205957 120205957 120205957
716 120206014 120206015 120206014
717 120206051 120206052 120206051
718 120206114 120206114 120206114
719 120206168 120206168 120206168
720 120206217 120206218 120206217
721 120206247 120206247 120206247
722 120206309 120206309 120206309
723 120206348 120206348 120206348
724 120206399 120206399 120206399
725 120206452 120206452 120206452
726 120206508 120206508 120206508
727 120206548 120206548 120206548
728 120206599 120206599 120206599
729 120206654 120206654 120206654
730 120206702 120206702 120206702
731 120206753 120206753 120206753
732 120206803 120206803 120206803
733 120206855 120206856 120206855
734 120206907 120206907 120206907
735 120206947 120206947 120206947
736 120206998 120207000 120206998
737 120207050 120207050 120207050
738 120207098 120207099 120207098
739 120207149 120207150 120207149
740 120207197 120207198 120207197
741 120207252 120207252 120207252
742 120207297 120207298 120207297
743 120207350 120207350 120207350
744 120207406 120207406 120207406
745 120207458 120207458 120207458
746 120207515 120207515 120207515
747 120207550 120207551 120207550
748 120207607 120207608 120207607
749 120207659 120207659 120207659
750 120207698 120207698 120207698
751 120207752 120207752 120207752
752 120207803 120207803 120207803
753 120207852 120207852 120207852
754 120207908 120207908 120207908
755 120207959 120207960 120207959
756 120207998 120207998 120207998
757 120208053 120208053 120208053
758 120208101 120208101 120208101
759 120208150 120208152 120208150
760 120208201 120208201 120208201
761 120208255 120208255 120208255
762 120208302 120208302 120208302
763 120208349 120208349 120208349
764 120208401 120208401 120208401
765 120208450 120208451 120208450
766 120208503 120208504 120208503
767 120208553 120208554 120208553
768 120208606 120208606 120208606
769 120208657 120208657 120208657
770 120208709 120208709 120208709
771 120208760 120208760 120208760
772 120208803 120208803 120208803
773 120208856 120208857 120208856
774 120208907 120208907 120208907
775 120208948 120208948 120208948
776 120209005 120209006 120209005
777 120209054 120209054 120209054
778 120209108 120209108 120209108
779 120209156 120209156 120209156
780 120209208 120209208 120209208
781 120209268 120209268 120209268
782 120209299 120209300 120209299
783 120209353 120209354 120209353
784 120209406 120209407 120209406
785 120209459 120209459 120209459
786 120209501 120209501 120209501
787 120209555 120209555 120209555
788 120209606 120209606 120209606
789 120209659 120209659 120209659
790 120209714 120209715 120209714
791 120209746 120209747 120209746
792 120209801 120209802 120209801
793 120209853 120209853 120209853
794 120209907 120209907 120209907
795 120209951 120209951 120209951
796 120210000 120210001 120210000
797 120210052 120210052 120210052
798 120210101 120210101 120210101
799 120210166 120210166 120210166
800 120210203 120210203 120210203
801 120210254 120210255 120210254
802 120210301 120210303 120210301
803 120210349 120210349 120210349
804 120210401 120210402 120210401
805 120210449 120210450 120210449
806 120210497 120210497 120210497
807 120210556 120210557 120210556
808 120210618 120210619 120210618
809 120210650 120210650 120210650
810 120210700 120210700 120210700
811 120210751 120210752 120210751
812 120210799 120210799 120210799
813 120210854 120210855 120210854
814 120210905 120210905 120210905
815 120210960 120210960 120210960
816 120211000 120211001 120211000
817 120211049 120211049 120211049
818 120211118 120211118 120211118
819 120211151 120211151 120211151
820 120211205 120211205 120211205
821 120211256 120211256 120211256
822 120211309 120211310 120211309
823 120211350 120211350 120211350
824 120211403 120211406 120211403
825 120211456 120211456 120211456
826 120211509 120211510 120211509
827 120211564 120211564 120211564
828 120211604 120211605 120211604
829 120211658 120211659 120211658
830 120211715 120211715 120211715
831 120211764 120211772 120211764
832 120211823 120211824 120211823
833 120211848 120211848 120211848
834 120211899 120211903 120211899
835 120211950 120211950 120211950
836 120212001 120212001 120212001
837 120212053 120212054 120212053
838 120212097 120212097 120212097
839 120212150 120212151 120212150
840 120212201 120212201 120212201
841 120212254 120212254 120212254
842 120212303 120212303 120212303
843 120212355 120212355 120212355
844 120212407 120212407 120212407
845 120212463 120212463 120212463
846 120212498 120212504 120212498
847 120212549 120212549 120212549
848 120212604 120212605 120212604
849 120212654 120212654 120212654
850 120212707 120212707 120212707
851 120212759 120212759 120212759
852 120212797 120212797 120212797
853 120212855 120212855 120212855
854 120212906 120212908 120212906
855 120212965 120212965 120212965
856 120213015 120213015 120213015
857 120213047 120213047 120213047
858 120213099 120213100 120213099
859 120213151 120213151 120213151
860 120213205 120213208 120213205
861 120213260 120213263 120213260
862 120213298 120213298 120213298
863 120213354 120213354 120213354
864 120213407 120213407 120213407
865 120213457 120213457 120213457
866 120213498 120213499 120213498
867 120213551 120213551 120213551
868 120213603 120213603 120213603
869 120213658 120213658 120213658
870 120213713 120213713 120213713
871 120213747 120213748 120213747
872 120213803 120213803 120213803
873 120213848 120213848 120213848
874 120213918 120213919 120213918
875 120213949 120213949 120213949
876 120214009 120214009 120214009
877 120214057 120214057 120214057
878 120214098 120214099 120214098
879 120214151 120214151 120214151
880 120214199 120214199 120214199
881 120214251 120214252 120214251
882 120214300 120214300 120214300
883 120214353 120214353 120214353
884 120214404 120214404 120214404
885 120214457 120214457 120214457
886 120214507 120214507 120214507
887 120214566 120214566 120214566
888 120214601 120214601 120214601
889 120214647 120214648 120214647
890 120214700 120214705 120214700
891 120214753 120214753 120214753
892 120214805 120214805 120214805
893 120214854 120214854 120214854
894 120214907 120214907 120214907
895 120214960 120214966 120214960
896 120214999 120214999 120214999
897 120215047 120215047 120215047
898 120215099 120215099 120215099
899 120215151 120215151 120215151
900 120215202 120215202 120215202
901 120215251 120215252 120215251
902 120215305 120215305 120215305
903 120215347 120215347 120215347
904 120215397 120215398 120215397
905 120215450 120215450 120215450
906 120215499 120215499 120215499
907 120215551 120215551 120215551
908 120215604 120215604 120215604
909 120215657 120215657 120215657
910 120215710 120215710 120215710
911 120215759 120215759 120215759
912 120215815 120215816 120215815
913 120215850 120215850 120215850
914 120215917 120215917 120215917
915 120215946 120215946 120215946
916 120216001 120216002 120216001
917 120216049 120216049 120216049
918 120216122 120216122 120216122
919 120216153 120216153 120216153
920 120216208 120216208 120216208
921 120216250 120216250 120216250
922 120216303 120216303 120216303
923 120216355 120216355 120216355
924 120216404 120216404 120216404
925 120216458 120216459 120216458
926 120216499 120216499 120216499
927 120216551 120216551 120216551
928 120216604 120216604 120216604
929 120216664 120216665 120216664
930 120216698 120216698 120216698
931 120216751 120216751 120216751
932 120216800 120216801 120216800
933 120216851 120216851 120216851
934 120216899 120216899 120216899
935 120216965 120216966 120216965
936 120217001 120217002 120217001
937 120217053 120217053 120217053
938 120217102 120217102 120217102
939 120217148 120217148 120217148
940 120217215 120217216 120217215
941 120217248 120217248 120217248
942 120217303 120217303 120217303
943 120217357 120217357 120217357
944 120217406 120217406 120217406
945 120217463 120217463 120217463
946 120217498 120217499 120217498
947 120217552 120217552 120217552
948 120217599 120217599 120217599
949 120217666 120217666 120217666
950 120217696 120217697 120217696
951 120217763 120217764 120217763
952 120217797 120217798 120217797
953 120217848 120217848 120217848
954 120217901 120217901 120217901
955 120217957 120217957 120217957
956 120218021 120218021 120218021
957 120218049 120218049 120218049
958 120218105 120218105 120218105
959 120218155 120218156 120218155
960 120218208 120218208 120218208
961 120218250 120218250 120218250
962 120218300 120218300 120218300
963 120218354 120218354 120218354
964 120218397 120218399 120218397
965 120218448 120218448 120218448
966 120218500 120218500 120218500
967 120218585 120218586 120218585
968 120218599 120218600 120218599
969 120218650 120218651 120218650
970 120218703 120218703 120218703
971 120218752 120218752 120218752
972 120218802 120218802 120218802
973 120218852 120218852 120218852
974 120218900 120218900 120218900
975 120218956 120218957 120218956
976 120219010 120219015 120219010
977 120219060 120219060 120219060
978 120219160 120219160 120219160
979 120219164 120219164 120219164
980 120219216 120219216 120219216
981 120219259 120219260 120219259
982 120219309 120219309 120219309
983 120219349 120219349 120219349
984 120219401 120219401 120219401
985 120219452 120219453 120219452
986 120219508 120219508 120219508
987 120219549 120219549 120219549
988 120219599 120219599 120219599
989 120219652 120219652 120219652
990 120219702 120219702 120219702
991 120219754 120219754 120219754
992 120219813 120219813 120219813
993 120219860 120219860 120219860
994 120219915 120219915 120219915
995 120219949 120219949 120219949
996 120220002 120220002 120220002
997 120220049 120220049 120220049
998 120220103 120220103 120220103
999 120220155 120220155 120220155
1000 120220207 120220207 120220207
1001 120220263 120220263 120220263
1002 120220298 120220298 120220298
1003 120220350 120220351 120220350
1004 120220400 120220401 120220400
1005 120220454 120220454 120220454
1006 120220503 120220504 120220503
1007 120220557 120220557 120220557
1008 120220614 120220614 120220614
1009 120220648 120220648 120220648
1010 120220701 120220701 120220701
1011 120220749 120220749 120220749
1012 120220801 120220801 120220801
1013 120220849 120220850 120220849
1014 120220900 120220900 120220900
1015 120220951 120220951 120220951
1016 120221008 120221009 120221008
1017 120221053 120221053 120221053
1018 120221108 120221108 120221108
1019 120221155 120221155 120221155
1020 120221214 120221214 120221214
1021 120221264 120221264 120221264
1022 120221317 120221318 120221317
1023 120221351 120221351 120221351
1024 120221405 120221405 120221405
1025 120221458 120221458 120221458
1026 120221517 120221517 120221517
1027 120221548 120221548 120221548
1028 120221602 120221602 120221602
1029 120221651 120221651 120221651
1030 120221704 120221704 120221704
1031 120221753 120221753 120221753
1032 120221813 120221813 120221813
1033 120221848 120221852 120221848
1034 120221899 120221899 120221899
1035 120221949 120221949 120221949
1036 120221999 120221999 120221999
1037 120222049 120222050 120222049
1038 120222102 120222102 120222102
1039 120222157 120222157 120222157
1040 120222206 120222207 120222206
1041 120222260 120222260 120222260
1042 120222302 120222302 120222302
1043 120222350 120222350 120222350
1044 120222402 120222402 120222402
1045 120222455 120222455 120222455
1046 120222507 120222507 120222507
1047 120222557 120222557 120222557
1048 120222615 120222615 120222615
1049 120222648 120222648 120222648
1050 120222701 120222701 120222701
1051 120222762 120222763 120222762
1052 120222807 120222807 120222807
1053 120222848 120222848 120222848
1054 120222903 120222903 120222903
1055 120222959 120222959 120222959
1056 120223009 120223009 120223009
1057 120223051 120223051 120223051
1058 120223105 120223105 120223105
1059 120223154 120223154 120223154
1060 120223203 120223203 120223203
1061 120223257 120223257 120223257
1062 120223310 120223310 120223310
1063 120223364 120223364 120223364
1064 120223398 120223398 120223398
1065 120223450 120223450 120223450
1066 120223499 120223499 120223499
1067 120223556 120223557 120223556
1068 120223607 120223607 120223607
1069 120223660 120223663 120223660
1070 120223696 120223696 120223696
1071 120223752 120223752 120223752
1072 120223800 120223801 120223800
1073 120223852 120223852 120223852
1074 120223902 120223902 120223902
1075 120223954 120223954 120223954
1076 120224001 120224003 120224001
1077 120224056 120224056 120224056
1078 120224102 120224102 120224102
1079 120224159 120224159 120224159
1080 120224210 120224210 120224210
1081 120224246 120224247 120224246
1082 120224298 120224298 120224298
1083 120224359 120224360 120224359
1084 120224409 120224410 120224409
1085 120224452 120224452 120224452
1086 120224506 120224506 120224506
1087 120224556 120224556 120224556
1088 120224613 120224613 120224613
1089 120224647 120224648 120224647
1090 120224704 120224704 120224704
1091 120224755 120224755 120224755
1092 120224815 120224815 120224815
1093 120224846 120224847 120224846
1094 120224918 120224918 120224918
1095 120224949 120224949 120224949
1096 120224999 120225000 120224999
1097 120225050 120225050 120225050
1098 120225106 120225106 120225106
1099 120225154 120225155 120225154
1100 120225206 120225206 120225206
1101 120225256 120225256 120225256
1102 120225309 120225309 120225309
1103 120225359 120225359 120225359
1104 120225399 120225400 120225399
1105 120225450 120225450 120225450
1106 120225501 120225501 120225501
1107 120225560 120225563 120225560
1108 120225608 120225608 120225608
1109 120225647 120225647 120225647
1110 120225707 120225707 120225707
1111 120225748 120225748 120225748
1112 120225797 120225798 120225797
1113 120225853 120225853 120225853
1114 120225906 120225906 120225906
1115 120225958 120225958 120225958
1116 120225996 120225997 120225996
1117 120226053 120226054 120226053
1118 120226104 120226104 120226104
1119 120226147 120226148 120226147
1120 120226202 120226202 120226202
1121 120226249 120226249 120226249
1122 120226301 120226301 120226301
1123 120226350 120226350 120226350
1124 120226399 120226399 120226399
1125 120226451 120226451 120226451
1126 120226500 120226500 120226500
1127 120226552 120226552 120226552
1128 120226608 120226609 120226608
1129 120226666 120226666 120226666
1130 120226695 120226696 120226695
1131 120226751 120226752 120226751
1132 120226816 120226816 120226816
1133 120226849 120226849 120226849
1134 120226916 120226916 120226916
1135 120226949 120226949 120226949
1136 120227002 120227002 120227002
1137 120227049 120227049 120227049
1138 120227096 120227097 120227096
1139 120227153 120227154 120227153
1140 120227207 120227207 120227207
1141 120227265 120227265 120227265
1142 120227310 120227310 120227310
1143 120227350 120227351 120227350
1144 120227399 120227399 120227399
1145 120227452 120227453 120227452
1146 120227499 120227500 120227499
1147 120227550 120227550 120227550
1148 120227602 120227602 120227602
1149 120227648 120227649 120227648
1150 120227702 120227702 120227702
1151 120227764 120227765 120227764
1152 120227800 120227800 120227800
1153 120227851 120227851 120227851
1154 120227900 120227900 120227900
1155 120227956 120227956 120227956
1156 120228009 120228009 120228009
1157 120228065 120228066 120228065
1158 120228098 120228098 120228098
1159 120228156 120228156 120228156
1160 120228208 120228208 120228208
1161 120228259 120228260 120228259
1162 120228317 120228317 120228317
1163 120228346 120228346 120228346
1164 120228397 120228397 120228397
1165 120228449 120228450 120228449
1166 120228500 120228500 120228500
1167 120228549 120228550 120228549
1168 120228598 120228598 120228598
1169 120228652 120228652 120228652
1170 120228700 120228700 120228700
1171 120228754 120228754 120228754
1172 120228806 120228808 120228806
1173 120228858 120228858 120228858
1174 120228913 120228913 120228913
1175 120228947 120228948 120228947
1176 120229002 120229002 120229002
1177 120229051 120229051 120229051
1178 120229105 120229105 120229105
1179 120229155 120229155 120229155
1180 120229207 120229207 120229207
1181 120229249 120229250 120229249
1182 120229301 120229302 120229301
1183 120229352 120229352 120229352
1184 120229408 120229408 120229408
1185 120229458 120229458 120229458
1186 120229513 120229513 120229513
1187 120229568 120229568 120229568
1188 120229599 120229599 120229599
1189 120229649 120229649 120229649
1190 120229703 120229703 120229703
1191 120229766 120229766 120229766
1192 120229798 120229799 120229798
1193 120229853 120229854 120229853
1194 120229909 120229909 120229909
1195 120229968 120229968 120229968
1196 120229997 120229998 120229997
1197 120230051 120230052 120230051
1198 120230099 120230100 120230099
1199 120230151 120230151 120230151
1200 120230204 120230204 120230204
1201 120230255 120230255 120230255
1202 120230304 120230304 120230304
1203 120230348 120230349 120230348
1204 120230401 120230401 120230401
1205 120230451 120230451 120230451
1206 120230504 120230504 120230504
1207 120230556 120230556 120230556
1208 120230607 120230607 120230607
1209 120230648 120230648 120230648
1210 120230700 120230700 120230700
1211 120230753 120230753 120230753
1212 120230808 120230808 120230808
1213 120230857 120230857 120230857
1214 120230913 120230913 120230913
1215 120230968 120230968 120230968
1216 120230999 120230999 120230999
1217 120231050 120231050 120231050
1218 120231125 120231126 120231125
1219 120231160 120231160 120231160
1220 120231208 120231209 120231208
1221 120231249 120231249 120231249
1222 120231303 120231303 120231303
1223 120231350 120231350 120231350
1224 120231397 120231398 120231397
1225 120231452 120231452 120231452
1226 120231499 120231499 120231499
1227 120231553 120231553 120231553
1228 120231602 120231602 120231602
1229 120231648 120231648 120231648
1230 120231702 120231702 120231702
1231 120231749 120231749 120231749
1232 120231804 120231804 120231804
1233 120231853 120231853 120231853
1234 120231905 120231905 120231905
1235 120231966 120231966 120231966
1236 120231999 120231999 120231999
1237 120232052 120232052 120232052
1238 120232098 120232099 120232098
1239 120232152 120232152 120232152
1240 120232201 120232202 120232201
1241 120232255 120232255 120232255
1242 120232303 120232303 120232303
1243 120232355 120232355 120232355
1244 120232404 120232404 120232404
1245 120232458 120232458 120232458
1246 120232508 120232508 120232508
1247 120232566 120232567 120232566
1248 120232598 120232602 120232598
1249 120232651 120232651 120232651
1250 120232703 120232703 120232703
1251 120232756 120232756 120232756
1252 120232798 120232798 120232798
1253 120232852 120232852 120232852
1254 120232903 120232904 120232903
1255 120232956 120232957 120232956
1256 120233009 120233009 120233009
1257 120233058 120233058 120233058
1258 120233115 120233115 120233115
1259 120233149 120233149 120233149
1260 120233201 120233201 120233201
1261 120233252 120233252 120233252
1262 120233298 120233298 120233298
1263 120233353 120233353 120233353
1264 120233405 120233406 120233405
1265 120233455 120233455 120233455
1266 120233508 120233510 120233508
1267 120233547 120233548 120233547
1268 120233601 120233601 120233601
1269 120233654 120233654 120233654
1270 120233704 120233704 120233704
1271 120233756 120233756 120233756
1272 120233816 120233817 120233816
1273 120233849 120233849 120233849
1274 120233901 120233901 120233901
1275 120233952 120233952 120233952
1276 120234014 120234014 120234014
1277 120234065 120234065 120234065
1278 120234097 120234097 120234097
1279 120234152 120234152 120234152
1280 120234206 120234206 120234206
1281 120234257 120234258 120234257
1282 120234313 120234313 120234313
1283 120234348 120234348 120234348
1284 120234400 120234400 120234400
1285 120234449 120234450 120234449
1286 120234500 120234501 120234500
1287 120234549 120234549 120234549
1288 120234600 120234600 120234600
1289 120234651 120234651 120234651
1290 120234698 120234699 120234698
1291 120234752 120234752 120234752
1292 120234807 120234807 120234807
1293 120234858 120234858 120234858
1294 120234897 120234897 120234897
1295 120234968 120234969 120234968
1296 120235000 120235001 120235000
1297 120235053 120235053 120235053
1298 120235099 120235099 120235099
1299 120235157 120235157 120235157
1300 120235221 120235222 120235221
1301 120235263 120235264 120235263
1302 120235300 120235300 120235300
1303 120235348 120235350 120235348
1304 120235403 120235403 120235403
1305 120235452 120235453 120235452
1306 120235502 120235506 120235502
1307 120235559 120235560 120235559
1308 120235598 120235598 120235598
1309 120235654 120235654 120235654
1310 120235702 120235702 120235702
1311 120235753 120235753 120235753
1312 120235802 120235802 120235802
1313 120235847 120235847 120235847
1314 120235904 120235904 120235904
1315 120235958 120235958 120235958
1316 120236015 120236015 120236015
1317 120236050 120236050 120236050
1318 120236099 120236099 120236099
1319 120236150 120236150 120236150
1320 120236198 120236199 120236198
1321 120236252 120236252 120236252
1322 120236299 120236299 120236299
1323 120236351 120236351 120236351
1324 120236409 120236409 120236409
1325 120236463 120236463 120236463
1326 120236515 120236515 120236515
1327 120236546 120236547 120236546
1328 120236600 120236600 120236600
1329 120236654 120236657 120236654
1330 120236703 120236703 120236703
1331 120236756 120236757 120236756
1332 120236823 120236823 120236823
1333 120236849 120236850 120236849
1334 120236901 120236901 120236901
1335 120236952 120236952 120236952
1336 120237004 120237004 120237004
1337 120237057 120237057 120237057
1338 120237109 120237109 120237109
1339 120237148 120237150 120237148
1340 120237202 120237202 120237202
1341 120237249 120237249 120237249
1342 120237300 120237301 120237300
1343 120237364 120237365 120237364
1344 120237399 120237399 120237399
1345 120237449 120237449 120237449
1346 120237499 120237499 120237499
1347 120237551 120237551 120237551
1348 120237598 120237598 120237598
1349 120237653 120237653 120237653
1350 120237701 120237701 120237701
1351 120237753 120237753 120237753
1352 120237804 120237804 120237804
1353 120237856 120237856 120237856
1354 120237904 120237904 120237904
1355 120237952 120237953 120237952
1356 120238014 120238014 120238014
1357 120238047 120238047 120238047
1358 120238099 120238099 120238099
1359 120238154 120238154 120238154
1360 120238207 120238207 120238207
1361 120238258 120238258 120238258
1362 120238298 120238298 120238298
1363 120238351 120238351 120238351
1364 120238400 120238401 120238400
1365 120238455 120238456 120238455
1366 120238505 120238506 120238505
1367 120238558 120238558 120238558
1368 120238600 120238600 120238600
1369 120238653 120238653 120238653
1370 120238702 120238702 120238702
1371 120238755 120238755 120238755
1372 120238806 120238807 120238806
1373 120238850 120238850 120238850
1374 120238905 120238905 120238905
1375 120238953 120238953 120238953
1376 120239008 120239008 120239008
1377 120239065 120239065 120239065
1378 120239101 120239101 120239101
1379 120239155 120239155 120239155
1380 120239207 120239207 120239207
1381 120239258 120239259 120239258
1382 120239320 120239320 120239320
1383 120239348 120239348 120239348
1384 120239416 120239416 120239416
1385 120239518 120239519 120239518
1386 120239519 120239519 120239519
1387 120239550 120239550 120239550
1388 120239599 120239600 120239599
1389 120239723 120239723 120239723
1390 120239723 120239723 120239723
1391 120239750 120239751 120239750
1392 120239801 120239801 120239801
1393 120239854 120239854 120239854
1394 120239902 120239902 120239902
1395 120239949 120239949 120239949
1396 120240007 120240007 120240007
1397 120240059 120240059 120240059
