1 115437741 115437700 115437741
2 115437792  115437792
3 115437841  115437841
4 115437891  115437891
5 115437942  115437942
6 115437992  115437992
7 115438042  115438042
8 115438094  115438094
9 115438145  115438145
10 115438196  115438196
11 115438248  115438248
12 115438300  115438300
13 115438352  115438352
14 115438404  115438404
15 115438455  115438455
16 115438507  115438507
17 115438557  115438557
18 115438608  115438608
19 115438658  115438658
20 115438708  115438708
21 115438758  115438758
22 115438809  115438809
23 115438860  115438860
24 115438912  115438912
25 115438963  115438963
26 115439014  115439014
27 115439065  115439065
28 115439117  115439117
29 115439167  115439167
30 115439219  115439219
31 115439271  115439271
32 115439323  115439323
33 115439373  115439373
34 115439423  115439423
35 115439474  115439474
36 115439524  115439524
37 115439574  115439574
38 115439625  115439625
39 115439675  115439675
40 115439726  115439726
41 115439776  115439776
42 115439826  115439826
43 115439877  115439877
44 115439927  115439927
45 115439978  115439978
46 115440028  115440028
47 115440079  115440079
48 115440129  115440129
49 115440180  115440180
50 115440230  115440230
51 115440281  115440281
52 115440333  115440333
53 115440384  115440384
54 115440435  115440435
55 115440486  115440486
56 115440538  115440538
57 115440588  115440588
58 115440639  115440639
59 115440689  115440689
60 115440740  115440740
61 115440791  115440791
62 115440842  115440842
63 115440892  115440892
64 115440942  115440942
65 115440994  115440994
66 115441045  115441045
67 115441095  115441095
68 115441146  115441146
69 115441198  115441198
70 115441250  115441250
71 115441301  115441301
72 115441352  115441352
73 115441404  115441404
74 115441455  115441455
75 115441508  115441508
76 115441558  115441558
77 115441608  115441608
78 115441659  115441659
79 115441709  115441709
80 115441760  115441760
81 115441811  115441811
82 115441863  115441863
83 115441915  115441915
84 115441967  115441967
85 115442017  115442017
86 115442068  115442068
87 115442118  115442118
88 115442168  115442168
89 115442220  115442220
90 115442272  115442272
91 115442322  115442322
92 115442373  115442373
93 115442423  115442423
94 115442473  115442473
95 115442524  115442524
96 115442574  115442574
97 115442625  115442625
98 115442675  115442675
99 115442726  115442726
100 115442779  115442779
101 115442830  115442830
102 115442881  115442881
103 115442932  115442932
104 115442983  115442983
105 115443034  115443034
106 115443086  115443086
107 115443136  115443136
108 115443186  115443186
109 115443236  115443236
110 115443287  115443287
111 115443338  115443338
112 115443388  115443388
113 115443438  115443438
114 115443489  115443489
115 115443539  115443539
116 115443589  115443589
117 115443640  115443640
118 115443690  115443690
119 115443742  115443742
120 115443794  115443794
121 115443846  115443846
122 115443898  115443898
123 115443948  115443948
124 115444000  115444000
125 115444051  115444051
126 115444101  115444101
127 115444152  115444152
128 115444202  115444202
129 115444252  115444252
130 115444302  115444302
131 115444353  115444353
132 115444405  115444405
133 115444456  115444456
134 115444507  115444507
135 115444558  115444558
136 115444609  115444609
137 115444659  115444659
138 115444710  115444710
139 115444760  115444760
140 115444810  115444810
141 115444861  115444861
142 115444913  115444913
143 115444963  115444963
144 115445015  115445015
145 115445067  115445067
146 115445118  115445118
147 115445170  115445170
148 115445223  115445223
149 115445273  115445273
150 115445323  115445323
151 115445373  115445373
152 115445424  115445424
153 115445475  115445475
154 115445525  115445525
155 115445576  115445576
156 115445626  115445626
157 115445676  115445676
158 115445727  115445727
159 115445777  115445777
160 115445827  115445827
161 115445878  115445878
162 115445928  115445928
163 115445979  115445979
164 115446030  115446030
165 115446080  115446080
166 115446132  115446132
167 115446183  115446183
168 115446234  115446234
169 115446285  115446285
170 115446337  115446337
171 115446387  115446387
172 115446438  115446438
173 115446488  115446488
174 115446538  115446538
175 115446590  115446590
176 115446641  115446641
177 115446690  115446690
178 115446741  115446741
179 115446793  115446793
180 115446844  115446844
181 115446896  115446896
182 115446947  115446947
183 115446998  115446998
184 115447048  115447048
185 115447099  115447099
186 115447149  115447149
187 115447199  115447199
188 115447250  115447250
189 115447300  115447300
190 115447351  115447351
191 115447402  115447402
192 115447455  115447455
193 115447507  115447507
194 115447557  115447557
195 115447607  115447607
196 115447657  115447657
197 115447708  115447708
198 115447760  115447760
199 115447811  115447811
200 115447863  115447863
201 115447914  115447914
202 115447967  115447967
203 115448017  115448017
204 115448067  115448067
205 115448118  115448118
206 115448168  115448168
207 115448219  115448219
208 115448272  115448272
209 115448322  115448322
210 115448373  115448373
211 115448423  115448423
212 115448474  115448474
213 115448524  115448524
214 115448575  115448575
215 115448625  115448625
216 115448675  115448675
217 115448726  115448726
218 115448776  115448776
219 115448826  115448826
220 115448877  115448877
221 115448927  115448927
222 115448977  115448977
223 115449028  115449028
224 115449078  115449078
225 115449129  115449129
226 115449179  115449179
227 115449230  115449230
228 115449281  115449281
229 115449332  115449332
230 115449383  115449383
231 115449434  115449434
232 115449486  115449486
233 115449537  115449537
234 115449588  115449588
235 115449638  115449638
236 115449689  115449689
237 115449740  115449740
238 115449791  115449791
239 115449841  115449841
240 115449891  115449891
241 115449942  115449942
242 115449992  115449992
243 115450042  115450042
244 115450093  115450093
245 115450144  115450144
246 115450195  115450195
247 115450246  115450246
248 115450296  115450296
249 115450346  115450346
250 115450397  115450397
251 115450449  115450449
252 115450501  115450501
253 115450551  115450551
254 115450603  115450603
255 115450654  115450654
256 115450704  115450704
257 115450755  115450755
258 115450807  115450807
259 115450858  115450858
260 115450910  115450910
261 115450960  115450960
262 115451010  115451010
263 115451063  115451063
264 115451113  115451113
265 115451164  115451164
266 115451214  115451214
267 115451265  115451265
268 115451316  115451316
269 115451367  115451367
270 115451417  115451417
271 115451470  115451470
272 115451522  115451522
273 115451573  115451573
274 115451626  115451626
275 115451676  115451676
276 115451726  115451726
277 115451777  115451777
278 115451827  115451827
279 115451878  115451878
280 115451928  115451928
281 115451978  115451978
282 115452029  115452029
283 115452079  115452079
284 115452129  115452129
285 115452179  115452179
286 115452230  115452230
287 115452281  115452281
288 115452332  115452332
289 115452383  115452383
290 115452434  115452434
291 115452485  115452485
292 115452536  115452536
293 115452587  115452587
294 115452638  115452638
295 115452688  115452688
296 115452740  115452740
297 115452790  115452790
298 115452841  115452841
299 115452892  115452892
300 115452943  115452943
301 115452995  115452995
302 115453046  115453046
303 115453097  115453097
304 115453149  115453149
305 115453200  115453200
306 115453250  115453250
307 115453300  115453300
308 115453352  115453352
309 115453403  115453403
310 115453455  115453455
311 115453507  115453507
312 115453558  115453558
313 115453608  115453608
314 115453659  115453659
315 115453709  115453709
316 115453760  115453760
317 115453811  115453811
318 115453862  115453862
319 115453914  115453914
320 115453967  115453967
321 115454018  115454018
322 115454068  115454068
323 115454118  115454118
324 115454169  115454169
325 115454220  115454220
326 115454273  115454273
327 115454323  115454323
328 115454373  115454373
329 115454424  115454424
330 115454474  115454474
331 115454524  115454524
332 115454575  115454575
333 115454631  115454631
334 115454680  115454680
335 115454730  115454730
336 115454781  115454781
337 115454831  115454831
338 115454882  115454882
339 115454933  115454933
340 115454984  115454984
341 115455035  115455035
342 115455086  115455086
343 115455138  115455138
344 115455188  115455188
345 115455240  115455240
346 115455291  115455291
347 115455341  115455341
348 115455392  115455392
349 115455443  115455443
350 115455495  115455495
351 115455546  115455546
352 115455598  115455598
353 115455648  115455648
354 115455699  115455699
355 115455751  115455751
356 115455803  115455803
357 115455855  115455855
358 115455907  115455907
359 115455958  115455958
360 115456011  115456011
361 115456061  115456061
362 115456113  115456113
363 115456164  115456164
364 115456216  115456216
365 115456269  115456269
366 115456321  115456321
367 115456371  115456371
368 115456422  115456422
369 115456473  115456473
370 115456523  115456523
371 115456576  115456576
372 115456629  115456629
373 115456677  115456677
374 115456727  115456727
375 115456777  115456777
376 115456828  115456828
377 115456878  115456878
378 115456929  115456929
379 115456979  115456979
380 115457030  115457030
381 115457080  115457080
382 115457131  115457131
383 115457183  115457183
384 115457234  115457234
385 115457285  115457285
386 115457336  115457336
387 115457386  115457386
388 115457437  115457437
389 115457488  115457488
390 115457540  115457540
391 115457591  115457591
392 115457642  115457642
393 115457692  115457692
394 115457744  115457744
395 115457794  115457794
396 115457845  115457845
397 115457895  115457895
398 115457947  115457947
399 115457999  115457999
400 115458050  115458050
401 115458100  115458100
402 115458151  115458151
403 115458203  115458203
404 115458255  115458255
405 115458305  115458305
406 115458357  115458357
407 115458408  115458408
408 115458459  115458459
409 115458509  115458509
410 115458561  115458561
411 115458611  115458611
412 115458661  115458661
413 115458712  115458712
414 115458764  115458764
415 115458815  115458815
416 115458867  115458867
417 115458920  115458920
418 115458970  115458970
419 115459022  115459022
420 115459072  115459072
421 115459122  115459122
422 115459173  115459173
423 115459223  115459223
424 115459273  115459273
425 115459323  115459323
426 115459374  115459374
427 115459424  115459424
428 115459474  115459474
429 115459524  115459524
430 115459575  115459575
431 115459625  115459625
432 115459675  115459675
433 115459726  115459726
434 115459776  115459776
435 115459827  115459827
436 115459877  115459877
437 115459927  115459927
438 115459978  115459978
439 115500029  115500029
440 115500078  115500078
441 115500129  115500129
442 115500179  115500179
443 115500230  115500230
444 115500282  115500282
445 115500332  115500332
446 115500383  115500383
447 115500434  115500434
448 115500485  115500485
449 115500536  115500536
450 115500586  115500586
451 115500637  115500637
452 115500687  115500687
453 115500737  115500737
454 115500787  115500787
455 115500838  115500838
456 115500889  115500889
457 115500941  115500941
458 115500992  115500992
459 115501043  115501043
460 115501095  115501095
461 115501145  115501145
462 115501196  115501196
463 115501248  115501248
464 115501300  115501300
465 115501351  115501351
466 115501403  115501403
467 115501453  115501453
468 115501505  115501505
469 115501557  115501557
470 115501607  115501607
471 115501658  115501658
472 115501708  115501708
473 115501759  115501759
474 115501809  115501809
475 115501859  115501859
476 115501910  115501910
477 115501961  115501961
478 115502013  115502013
479 115502064  115502064
480 115502114  115502114
481 115502165  115502165
482 115502217  115502217
483 115502269  115502269
484 115502320  115502320
485 115502370  115502370
486 115502422  115502422
487 115502473  115502473
488 115502523  115502523
489 115502574  115502574
490 115502624  115502624
491 115502675  115502675
492 115502725  115502725
493 115502776  115502776
494 115502827  115502827
495 115502877  115502877
496 115502927  115502927
497 115502977  115502977
498 115503027  115503027
499 115503078  115503078
500 115503128  115503128
501 115503180  115503180
502 115503230  115503230
503 115503281  115503281
504 115503333  115503333
505 115503384  115503384
506 115503435  115503435
507 115503486  115503486
508 115503538  115503538
509 115503588  115503588
510 115503639  115503639
511 115503689  115503689
512 115503739  115503739
513 115503791  115503791
514 115503843  115503843
515 115503894  115503894
516 115503946  115503946
517 115503998  115503998
518 115504048  115504048
519 115504099  115504099
520 115504150  115504150
521 115504200  115504200
522 115504252  115504252
523 115504303  115504303
524 115504355  115504355
525 115504407  115504407
526 115504458  115504458
527 115504510  115504510
528 115504562  115504562
529 115504612  115504612
530 115504663  115504663
531 115504713  115504713
532 115504765  115504765
533 115504815  115504815
534 115504867  115504867
535 115504919  115504919
536 115504969  115504969
537 115505019  115505019
538 115505069  115505069
539 115505120  115505120
540 115505170  115505170
541 115505221  115505221
542 115505273  115505273
543 115505323  115505323
544 115505373  115505373
545 115505424  115505424
546 115505474  115505474
547 115505525  115505525
548 115505575  115505575
549 115505626  115505626
550 115505676  115505676
551 115505726  115505726
552 115505776  115505776
553 115505827  115505827
554 115505877  115505877
555 115505928  115505928
556 115505978  115505978
557 115506029  115506029
558 115506079  115506079
559 115506129  115506129
560 115506179  115506179
561 115506229  115506229
562 115506280  115506280
563 115506331  115506331
564 115506382  115506382
565 115506433  115506433
566 115506484  115506484
567 115506536  115506536
568 115506587  115506587
569 115506637  115506637
570 115506687  115506687
571 115506738  115506738
572 115506788  115506788
573 115506840  115506840
574 115506890  115506890
575 115506940  115506940
576 115506992  115506992
577 115507044  115507044
578 115507094  115507094
579 115507144  115507144
580 115507195  115507195
581 115507247  115507247
582 115507297  115507297
583 115507347  115507347
584 115507399  115507399
585 115507451  115507451
586 115507502  115507502
587 115507554  115507554
588 115507606  115507606
589 115507658  115507658
590 115507708  115507708
591 115507759  115507759
592 115507809  115507809
593 115507861  115507861
594 115507913  115507913
595 115507964  115507964
596 115508016  115508016
597 115508067  115508067
598 115508118  115508118
599 115508168  115508168
600 115508218  115508218
601 115508270  115508270
602 115508321  115508321
603 115508371  115508371
604 115508422  115508422
605 115508472  115508472
606 115508522  115508522
607 115508572  115508572
608 115508623  115508623
609 115508673  115508673
610 115508724  115508724
611 115508774  115508774
612 115508824  115508824
613 115508875  115508875
614 115508925  115508925
615 115508976  115508976
616 115509026  115509026
617 115509076  115509076
618 115509127  115509127
619 115509178  115509178
620 115509228  115509228
621 115509279  115509279
622 115509331  115509331
623 115509381  115509381
624 115509432  115509432
625 115509483  115509483
626 115509533  115509533
627 115509584  115509584
628 115509635  115509635
629 115509686  115509686
630 115509739  115509739
631 115509790  115509790
632 115509839  115509839
633 115509890  115509890
634 115509942  115509942
635 115509994  115509994
636 115510045  115510045
637 115510096  115510096
638 115510146  115510146
639 115510198  115510198
640 115510249  115510249
641 115510300  115510300
642 115510352  115510352
643 115510403  115510403
644 115510454  115510454
645 115510506  115510506
646 115510557  115510557
647 115510607  115510607
648 115510659  115510659
649 115510709  115510709
650 115510760  115510760
651 115510811  115510811
652 115510862  115510862
653 115510914  115510914
654 115510966  115510966
655 115511018  115511018
656 115511069  115511069
657 115511120  115511120
658 115511170  115511170
659 115511222  115511222
660 115511273  115511273
661 115511323  115511323
662 115511374  115511374
663 115511424  115511424
664 115511474  115511474
665 115511524  115511524
666 115511575  115511575
667 115511625  115511625
668 115511675  115511675
669 115511726  115511726
670 115511776  115511776
671 115511826  115511826
672 115511877  115511877
673 115511927  115511927
674 115511978  115511978
675 115512028  115512028
676 115512079  115512079
677 115512129  115512129
678 115512179  115512179
679 115512231  115512231
680 115512282  115512282
681 115512333  115512333
682 115512384  115512384
683 115512436  115512436
684 115512487  115512487
685 115512538  115512538
686 115512590  115512590
687 115512640  115512640
688 115512690  115512690
689 115512741  115512741
690 115512791  115512791
691 115512841  115512841
692 115512891  115512891
693 115512942  115512942
694 115512993  115512993
695 115513044  115513044
696 115513096  115513096
697 115513147  115513147
698 115513199  115513199
699 115513251  115513251
700 115513303  115513303
701 115513354  115513354
702 115513406  115513406
703 115513458  115513458
704 115513510  115513510
705 115513561  115513561
706 115513612  115513612
707 115513662  115513662
708 115513712  115513712
709 115513764  115513764
710 115513815  115513815
711 115513865  115513865
712 115513916  115513916
713 115513966  115513966
714 115514016  115514016
715 115514066  115514066
716 115514117  115514117
717 115514167  115514167
718 115514217  115514217
719 115514268  115514268
720 115514318  115514318
721 115514369  115514369
722 115514419  115514419
723 115514470  115514470
724 115514522  115514522
725 115514572  115514572
726 115514623  115514623
727 115514674  115514674
728 115514724  115514724
729 115514775  115514775
730 115514825  115514825
731 115514875  115514875
732 115514926  115514926
733 115514976  115514976
734 115515027  115515027
735 115515077  115515077
736 115515128  115515128
737 115515178  115515178
738 115515228  115515228
739 115515279  115515279
740 115515335  115515335
741 115515385  115515385
742 115515437  115515437
743 115515488  115515488
744 115515539  115515539
745 115515590  115515590
746 115515642  115515642
747 115515692  115515692
748 115515743  115515743
749 115515794  115515794
750 115515846  115515846
751 115515898  115515898
752 115515950  115515950
753 115516002  115516002
754 115516054  115516054
755 115516104  115516104
756 115516155  115516155
757 115516205  115516205
758 115516255  115516255
759 115516306  115516306
760 115516356  115516356
761 115516406  115516406
762 115516456  115516456
763 115516507  115516507
764 115516559  115516559
765 115516609  115516609
766 115516660  115516660
767 115516710  115516710
768 115516761  115516761
769 115516812  115516812
770 115516863  115516863
771 115516915  115516915
772 115516967  115516967
773 115517019  115517019
774 115517071  115517071
775 115517122  115517122
776 115517172  115517172
777 115517222  115517222
778 115517273  115517273
779 115517323  115517323
780 115517374  115517374
781 115517424  115517424
782 115517474  115517474
783 115517524  115517524
784 115517575  115517575
785 115517625  115517625
786 115517676  115517676
787 115517726  115517726
788 115517777  115517777
789 115517827  115517827
790 115517877  115517877
791 115517928  115517928
792 115517978  115517978
793 115518029  115518029
794 115518079  115518079
795 115518131  115518131
796 115518184  115518184
797 115518235  115518235
798 115518286  115518286
799 115518337  115518337
800 115518388  115518388
801 115518440  115518440
802 115518492  115518492
803 115518543  115518543
804 115518595  115518595
805 115518647  115518647
806 115518698  115518698
807 115518748  115518748
808 115518799  115518799
809 115518849  115518849
810 115518900  115518900
811 115518952  115518952
812 115519004  115519004
813 115519056  115519056
814 115519106  115519106
815 115519156  115519156
816 115519206  115519206
817 115519257  115519257
818 115519307  115519307
819 115519358  115519358
820 115519409  115519409
821 115519459  115519459
822 115519509  115519509
823 115519560  115519560
824 115519612  115519612
825 115519664  115519664
826 115519714  115519714
827 115519766  115519766
828 115519817  115519817
829 115519868  115519868
830 115519921  115519921
831 115519973  115519973
832 115520023  115520023
833 115520073  115520073
834 115520124  115520124
835 115520174  115520174
836 115520225  115520225
837 115520275  115520275
838 115520325  115520325
839 115520376  115520376
840 115520426  115520426
841 115520477  115520477
842 115520527  115520527
843 115520577  115520577
844 115520628  115520628
845 115520678  115520678
846 115520729  115520729
847 115520780  115520780
848 115520831  115520831
849 115520882  115520882
850 115520933  115520933
851 115520983  115520983
852 115521035  115521035
853 115521086  115521086
854 115521138  115521138
855 115521190  115521190
856 115521242  115521242
857 115521292  115521292
858 115521342  115521342
859 115521394  115521394
860 115521445  115521445
861 115521495  115521495
862 115521547  115521547
863 115521599  115521599
864 115521651  115521651
865 115521701  115521701
866 115521752  115521752
867 115521803  115521803
868 115521854  115521854
869 115521906  115521906
870 115521958  115521958
871 115522010  115522010
872 115522061  115522061
873 115522113  115522113
874 115522164  115522164
875 115522214  115522214
876 115522265  115522265
877 115522316  115522316
878 115522366  115522366
879 115522416  115522416
880 115522468  115522468
881 115522520  115522520
882 115522572  115522572
883 115522622  115522622
884 115522673  115522673
885 115522723  115522723
886 115522773  115522773
887 115522823  115522823
888 115522875  115522875
889 115522926  115522926
890 115522976  115522976
891 115523027  115523027
892 115523077  115523077
893 115523128  115523128
894 115523178  115523178
895 115523228  115523228
896 115523280  115523280
897 115523331  115523331
898 115523383  115523383
899 115523434  115523434
900 115523486  115523486
901 115523537  115523537
902 115523587  115523587
903 115523639  115523639
904 115523689  115523689
905 115523739  115523739
906 115523790  115523790
907 115523841  115523841
908 115523893  115523893
909 115523944  115523944
910 115523996  115523996
911 115524048  115524048
912 115524099  115524099
913 115524152  115524152
914 115524203  115524203
915 115524254  115524254
916 115524306  115524306
917 115524358  115524358
918 115524410  115524410
919 115524462  115524462
920 115524515  115524515
921 115524567  115524567
922 115524618  115524618
923 115524668  115524668
924 115524719  115524719
925 115524769  115524769
926 115524821  115524821
927 115524872  115524872
928 115524923  115524923
929 115524973  115524973
930 115525023  115525023
931 115525074  115525074
932 115525124  115525124
933 115525175  115525175
934 115525225  115525225
935 115525276  115525276
936 115525326  115525326
937 115525376  115525376
938 115525427  115525427
939 115525478  115525478
940 115525528  115525528
941 115525578  115525578
942 115525630  115525630
943 115525682  115525682
944 115525731  115525731
945 115525781  115525781
946 115525832  115525832
947 115525882  115525882
948 115525932  115525932
949 115525983  115525983
950 115526033  115526033
951 115526084  115526084
952 115526135  115526135
953 115526186  115526186
954 115526237  115526237
955 115526288  115526288
956 115526338  115526338
957 115526388  115526388
958 115526440  115526440
959 115526492  115526492
960 115526544  115526544
961 115526595  115526595
962 115526647  115526647
963 115526698  115526698
964 115526748  115526748
965 115526799  115526799
966 115526849  115526849
967 115526900  115526900
968 115526952  115526952
969 115527004  115527004
970 115527054  115527054
971 115527104  115527104
972 115527156  115527156
973 115527206  115527206
974 115527256  115527256
975 115527307  115527307
976 115527359  115527359
977 115527409  115527409
978 115527459  115527459
979 115527511  115527511
980 115527563  115527563
981 115527615  115527615
982 115527667  115527667
983 115527718  115527718
984 115527768  115527768
985 115527819  115527819
986 115527872  115527872
987 115527922  115527922
988 115527972  115527972
989 115528022  115528022
990 115528073  115528073
991 115528123  115528123
992 115528173  115528173
993 115528223  115528223
994 115528274  115528274
995 115528324  115528324
996 115528374  115528374
997 115528425  115528425
998 115528475  115528475
999 115528526  115528526
1000 115528576  115528576
1001 115528627  115528627
1002 115528677  115528677
1003 115528728  115528728
1004 115528778  115528778
1005 115528828  115528828
1006 115528879  115528879
1007 115528929  115528929
1008 115528980  115528980
1009 115529030  115529030
1010 115529080  115529080
1011 115529131  115529131
1012 115529182  115529182
1013 115529233  115529233
1014 115529283  115529283
1015 115529333  115529333
1016 115529383  115529383
1017 115529435  115529435
1018 115529485  115529485
1019 115529537  115529537
1020 115529588  115529588
1021 115529640  115529640
1022 115529692  115529692
1023 115529742  115529742
1024 115529793  115529793
1025 115529844  115529844
1026 115529895  115529895
1027 115529947  115529947
1028 115529999  115529999
1029 115530050  115530050
1030 115530102  115530102
1031 115530154  115530154
1032 115530204  115530204
1033 115530255  115530255
1034 115530306  115530306
1035 115530357  115530357
1036 115530407  115530407
1037 115530457  115530457
1038 115530508  115530508
1039 115530558  115530558
1040 115530609  115530609
1041 115530660  115530660
1042 115530710  115530710
1043 115530761  115530761
1044 115530811  115530811
1045 115530863  115530863
1046 115530915  115530915
1047 115530967  115530967
1048 115531019  115531019
1049 115531070  115531070
1050 115531121  115531121
1051 115531171  115531171
1052 115531222  115531222
1053 115531272  115531272
1054 115531322  115531322
1055 115531373  115531373
1056 115531423  115531423
1057 115531473  115531473
1058 115531524  115531524
1059 115531574  115531574
1060 115531624  115531624
1061 115531675  115531675
1062 115531725  115531725
1063 115531776  115531776
1064 115531826  115531826
1065 115531877  115531877
1066 115531927  115531927
1067 115531977  115531977
1068 115532028  115532028
1069 115532078  115532078
1070 115532128  115532128
1071 115532181  115532181
1072 115532230  115532230
1073 115532281  115532281
1074 115532332  115532332
1075 115532383  115532383
1076 115532434  115532434
1077 115532485  115532485
1078 115532537  115532537
1079 115532588  115532588
1080 115532638  115532638
1081 115532690  115532690
1082 115532741  115532741
1083 115532791  115532791
1084 115532843  115532843
1085 115532894  115532894
1086 115532946  115532946
1087 115532997  115532997
1088 115533047  115533047
1089 115533098  115533098
1090 115533148  115533148
1091 115533199  115533199
1092 115533250  115533250
1093 115533300  115533300
1094 115533351  115533351
1095 115533403  115533403
1096 115533455  115533455
1097 115533507  115533507
1098 115533559  115533559
1099 115533609  115533609
1100 115533660  115533660
1101 115533710  115533710
1102 115533761  115533761
1103 115533811  115533811
1104 115533862  115533862
1105 115533914  115533914
1106 115533966  115533966
1107 115534018  115534018
1108 115534070  115534070
1109 115534120  115534120
1110 115534171  115534171
1111 115534221  115534221
1112 115534271  115534271
1113 115534321  115534321
1114 115534372  115534372
1115 115534423  115534423
1116 115534473  115534473
1117 115534524  115534524
1118 115534574  115534574
1119 115534624  115534624
1120 115534675  115534675
1121 115534725  115534725
1122 115534776  115534776
1123 115534826  115534826
1124 115534876  115534876
1125 115534927  115534927
1126 115534977  115534977
1127 115535028  115535028
1128 115535078  115535078
1129 115535128  115535128
1130 115535179  115535179
1131 115535229  115535229
1132 115535279  115535279
1133 115535330  115535330
1134 115535380  115535380
1135 115535431  115535431
1136 115535482  115535482
1137 115535533  115535533
1138 115535584  115535584
1139 115535636  115535636
1140 115535686  115535686
1141 115535737  115535737
1142 115535787  115535787
1143 115535839  115535839
1144 115535890  115535890
1145 115535941  115535941
1146 115535991  115535991
1147 115536042  115536042
1148 115536094  115536094
1149 115536145  115536145
1150 115536197  115536197
1151 115536249  115536249
1152 115536299  115536299
1153 115536350  115536350
1154 115536401  115536401
1155 115536453  115536453
1156 115536505  115536505
1157 115536557  115536557
1158 115536609  115536609
1159 115536659  115536659
1160 115536710  115536710
1161 115536760  115536760
1162 115536811  115536811
1163 115536862  115536862
1164 115536914  115536914
1165 115536966  115536966
1166 115537018  115537018
1167 115537068  115537068
1168 115537118  115537118
1169 115537169  115537169
1170 115537220  115537220
1171 115537272  115537272
1172 115537322  115537322
1173 115537372  115537372
1174 115537423  115537423
1175 115537473  115537473
1176 115537524  115537524
1177 115537574  115537574
1178 115537624  115537624
1179 115537675  115537675
1180 115537725  115537725
1181 115537775  115537775
1182 115537826  115537826
1183 115537876  115537876
1184 115537927  115537927
1185 115537977  115537977
1186 115538028  115538028
1187 115538078  115538078
1188 115538129  115538129
1189 115538179  115538179
1190 115538229  115538229
1191 115538279  115538279
1192 115538330  115538330
1193 115538380  115538380
1194 115538430  115538430
1195 115538481  115538481
1196 115538532  115538532
1197 115538584  115538584
1198 115538635  115538635
1199 115538685  115538685
1200 115538736  115538736
1201 115538786  115538786
1202 115538837  115538837
1203 115538887  115538887
1204 115538938  115538938
1205 115538989  115538989
1206 115539041  115539041
1207 115539092  115539092
1208 115539144  115539144
1209 115539196  115539196
1210 115539247  115539247
1211 115539297  115539297
1212 115539347  115539347
1213 115539397  115539397
1214 115539448  115539448
1215 115539500  115539500
1216 115539552  115539552
1217 115539604  115539604
1218 115539656  115539656
1219 115539706  115539706
1220 115539757  115539757
1221 115539807  115539807
1222 115539858  115539858
1223 115539908  115539908
1224 115539960  115539960
1225 115540012  115540012
1226 115540063  115540063
1227 115540116  115540116
1228 115540168  115540168
1229 115540220  115540220
1230 115540271  115540271
1231 115540321  115540321
1232 115540371  115540371
1233 115540422  115540422
1234 115540472  115540472
1235 115540522  115540522
1236 115540573  115540573
1237 115540623  115540623
1238 115540673  115540673
1239 115540726  115540726
1240 115540776  115540776
1241 115540826  115540826
1242 115540877  115540877
1243 115540927  115540927
1244 115540978  115540978
1245 115541028  115541028
1246 115541079  115541079
1247 115541129  115541129
1248 115541180  115541180
1249 115541230  115541230
1250 115541281  115541281
1251 115541331  115541331
1252 115541382  115541382
1253 115541433  115541433
1254 115541485  115541485
1255 115541535  115541535
1256 115541585  115541585
1257 115541635  115541635
1258 115541687  115541687
1259 115541738  115541738
1260 115541788  115541788
1261 115541840  115541840
1262 115541890  115541890
1263 115541941  115541941
1264 115541993  115541993
1265 115542045  115542045
1266 115542095  115542095
1267 115542146  115542146
1268 115542197  115542197
1269 115542277  115542277
1270 115542328  115542328
1271 115542379  115542379
1272 115542430  115542430
1273 115542481  115542481
1274 115542533  115542533
1275 115542584  115542584
1276 115542635  115542635
1277 115542685  115542685
1278 115542735  115542735
1279 115542786  115542786
1280 115542836  115542836
1281 115542887  115542887
1282 115542937  115542937
1283 115542988  115542988
1284 115543038  115543038
1285 115543089  115543089
1286 115543139  115543139
1287 115543191  115543191
1288 115543244  115543244
1289 115543295  115543295
1290 115543347  115543347
1291 115543398  115543398
1292 115543448  115543448
1293 115543500  115543500
1294 115543552  115543552
1295 115543604  115543604
1296 115543655  115543655
1297 115543707  115543707
1298 115543757  115543757
1299 115543807  115543807
1300 115543857  115543857
1301 115543908  115543908
1302 115543960  115543960
1303 115544012  115544012
1304 115544064  115544064
1305 115544116  115544116
1306 115544166  115544166
1307 115544217  115544217
1308 115544267  115544267
1309 115544318  115544318
1310 115544368  115544368
1311 115544419  115544419
1312 115544472  115544472
1313 115544522  115544522
1314 115544572  115544572
1315 115544623  115544623
1316 115544673  115544673
1317 115544723  115544723
1318 115544774  115544774
1319 115544824  115544824
1320 115544875  115544875
1321 115544925  115544925
1322 115544976  115544976
1323 115545026  115545026
1324 115545077  115545077
1325 115545127  115545127
1326 115545178  115545178
1327 115545228  115545228
1328 115545278  115545278
1329 115545329  115545329
1330 115545379  115545379
1331 115545430  115545430
1332 115545480  115545480
1333 115545531  115545531
1334 115545582  115545582
1335 115545633  115545633
1336 115545684  115545684
1337 115545735  115545735
1338 115545785  115545785
1339 115545836  115545836
1340 115545888  115545888
1341 115545938  115545938
1342 115545990  115545990
1343 115546042  115546042
1344 115546094  115546094
1345 115546146  115546146
1346 115546199  115546199
1347 115546251  115546251
1348 115546303  115546303
1349 115546354  115546354
1350 115546406  115546406
1351 115546457  115546457
1352 115546507  115546507
1353 115546558  115546558
1354 115546608  115546608
1355 115546659  115546659
1356 115546711  115546711
1357 115546762  115546762
1358 115546812  115546812
1359 115546864  115546864
1360 115546914  115546914
1361 115546964  115546964
1362 115547016  115547016
1363 115547067  115547067
1364 115547118  115547118
1365 115547170  115547170
1366 115547222  115547222
1367 115547273  115547273
1368 115547323  115547323
1369 115547374  115547374
1370 115547424  115547424
1371 115547474  115547474
1372 115547525  115547525
1373 115547575  115547575
