1 120137774 120137727 120137774
2 120137825  120137825
3 120137875  120137875
4 120137926  120137926
5 120137977  120137977
6 120138028  120138028
7 120138080  120138080
8 120138130  120138130
9 120138182  120138182
10 120138233  120138233
11 120138285  120138285
12 120138337  120138337
13 120138388  120138388
14 120138440  120138440
15 120138493  120138493
16 120138544  120138544
17 120138596  120138596
18 120138647  120138647
19 120138696  120138696
20 120138747  120138747
21 120138799  120138799
22 120138850  120138850
23 120138902  120138902
24 120138955  120138955
25 120139006  120139006
26 120139057  120139057
27 120139107  120139107
28 120139157  120139157
29 120139207  120139207
30 120139258  120139258
31 120139308  120139308
32 120139359  120139359
33 120139409  120139409
34 120139459  120139459
35 120139511  120139511
36 120139561  120139561
37 120139611  120139611
38 120139662  120139662
39 120139712  120139712
40 120139763  120139763
41 120139814  120139814
42 120139866  120139866
43 120139917  120139917
44 120139968  120139968
45 120140019  120140019
46 120140070  120140070
47 120140121  120140121
48 120140173  120140173
49 120140225  120140225
50 120140276  120140276
51 120140327  120140327
52 120140377  120140377
53 120140428  120140428
54 120140479  120140479
55 120140530  120140530
56 120140582  120140582
57 120140632  120140632
58 120140682  120140682
59 120140733  120140733
60 120140783  120140783
61 120140834  120140834
62 120140884  120140884
63 120140936  120140936
64 120140987  120140987
65 120141039  120141039
66 120141091  120141091
67 120141142  120141142
68 120141194  120141194
69 120141246  120141246
70 120141297  120141297
71 120141347  120141347
72 120141397  120141397
73 120141448  120141448
74 120141500  120141500
75 120141552  120141552
76 120141603  120141603
77 120141654  120141654
78 120141704  120141704
79 120141754  120141754
80 120141804  120141804
81 120141855  120141855
82 120141906  120141906
83 120141956  120141956
84 120142006  120142006
85 120142056  120142056
86 120142107  120142107
87 120142157  120142157
88 120142207  120142207
89 120142258  120142258
90 120142308  120142308
91 120142359  120142359
92 120142409  120142409
93 120142459  120142459
94 120142510  120142510
95 120142560  120142560
96 120142617  120142617
97 120142667  120142667
98 120142718  120142718
99 120142768  120142768
100 120142820  120142820
101 120142871  120142871
102 120142926  120142926
103 120142976  120142976
104 120143027  120143027
105 120143078  120143078
106 120143130  120143130
107 120143182  120143182
108 120143234  120143234
109 120143285  120143285
110 120143337  120143337
111 120143387  120143387
112 120143438  120143438
113 120143489  120143489
114 120143540  120143540
115 120143592  120143592
116 120143644  120143644
117 120143693  120143693
118 120143745  120143745
119 120143796  120143796
120 120143847  120143847
121 120143898  120143898
122 120143948  120143948
123 120144002  120144002
124 120144052  120144052
125 120144102  120144102
126 120144154  120144154
127 120144206  120144206
128 120144256  120144256
129 120144306  120144306
130 120144357  120144357
131 120144407  120144407
132 120144458  120144458
133 120144508  120144508
134 120144558  120144558
135 120144609  120144609
136 120144659  120144659
137 120144709  120144709
138 120144760  120144760
139 120144810  120144810
140 120144860  120144860
141 120144910  120144910
142 120144962  120144962
143 120145012  120145012
144 120145062  120145062
145 120145114  120145114
146 120145164  120145164
147 120145214  120145214
148 120145265  120145265
149 120145317  120145317
150 120145367  120145367
151 120145418  120145418
152 120145469  120145469
153 120145519  120145519
154 120145570  120145570
155 120145620  120145620
156 120145671  120145671
157 120145721  120145721
158 120145773  120145773
159 120145824  120145824
160 120145876  120145876
161 120145927  120145927
162 120145979  120145979
163 120146030  120146030
164 120146082  120146082
165 120146134  120146134
166 120146186  120146186
167 120146239  120146239
168 120146289  120146289
169 120146339  120146339
170 120146389  120146389
171 120146440  120146440
172 120146492  120146492
173 120146543  120146543
174 120146594  120146594
175 120146645  120146645
176 120146699  120146699
177 120146749  120146749
178 120146802  120146802
179 120146853  120146853
180 120146906  120146906
181 120146956  120146956
182 120147007  120147007
183 120147057  120147057
184 120147107  120147107
185 120147158  120147158
186 120147208  120147208
187 120147259  120147259
188 120147309  120147309
189 120147359  120147359
190 120147410  120147410
191 120147460  120147460
192 120147510  120147510
193 120147560  120147560
194 120147610  120147610
195 120147661  120147661
196 120147711  120147711
197 120147763  120147763
198 120147814  120147814
199 120147865  120147865
200 120147916  120147916
201 120147967  120147967
202 120148018  120148018
203 120148070  120148070
204 120148121  120148121
205 120148173  120148173
206 120148224  120148224
207 120148276  120148276
208 120148327  120148327
209 120148377  120148377
210 120148427  120148427
211 120148479  120148479
212 120148530  120148530
213 120148580  120148580
214 120148631  120148631
215 120148681  120148681
216 120148731  120148731
217 120148782  120148782
218 120148833  120148833
219 120148886  120148886
220 120148937  120148937
221 120148987  120148987
222 120149038  120149038
223 120149090  120149090
224 120149141  120149141
225 120149193  120149193
226 120149245  120149245
227 120149297  120149297
228 120149348  120149348
229 120149398  120149398
230 120149449  120149449
231 120149499  120149499
232 120149551  120149551
233 120149601  120149601
234 120149652  120149652
235 120149702  120149702
236 120149753  120149753
237 120149804  120149804
238 120149854  120149854
239 120149904  120149904
240 120149956  120149956
241 120150006  120150006
242 120150056  120150056
243 120150107  120150107
244 120150158  120150158
245 120150208  120150208
246 120150258  120150258
247 120150309  120150309
248 120150360  120150360
249 120150410  120150410
250 120150460  120150460
251 120150511  120150511
252 120150562  120150562
253 120150613  120150613
254 120150664  120150664
255 120150714  120150714
256 120150765  120150765
257 120150816  120150816
258 120150867  120150867
259 120150917  120150917
260 120150967  120150967
261 120151018  120151018
262 120151069  120151069
263 120151120  120151120
264 120151171  120151171
265 120151222  120151222
266 120151274  120151274
267 120151326  120151326
268 120151377  120151377
269 120151428  120151428
270 120151479  120151479
271 120151530  120151530
272 120151582  120151582
273 120151633  120151633
274 120151684  120151684
275 120151734  120151734
276 120151785  120151785
277 120151835  120151835
278 120151886  120151886
279 120151937  120151937
280 120151988  120151988
281 120152038  120152038
282 120152088  120152088
283 120152139  120152139
284 120152191  120152191
285 120152243  120152243
286 120152295  120152295
287 120152347  120152347
288 120152397  120152397
289 120152448  120152448
290 120152499  120152499
291 120152549  120152549
292 120152601  120152601
293 120152651  120152651
294 120152701  120152701
295 120152752  120152752
296 120152802  120152802
297 120152853  120152853
298 120152903  120152903
299 120152955  120152955
300 120153006  120153006
301 120153056  120153056
302 120153106  120153106
303 120153156  120153156
304 120153207  120153207
305 120153257  120153257
306 120153307  120153307
307 120153361  120153361
308 120153411  120153411
309 120153461  120153461
310 120153511  120153511
311 120153562  120153562
312 120153613  120153613
313 120153664  120153664
314 120153715  120153715
315 120153766  120153766
316 120153817  120153817
317 120153867  120153867
318 120153917  120153917
319 120153968  120153968
320 120154020  120154020
321 120154071  120154071
322 120154123  120154123
323 120154173  120154173
324 120154225  120154225
325 120154276  120154276
326 120154326  120154326
327 120154376  120154376
328 120154426  120154426
329 120154478  120154478
330 120154528  120154528
331 120154580  120154580
332 120154639  120154639
333 120154690  120154690
334 120154740  120154740
335 120154791  120154791
336 120154842  120154842
337 120154894  120154894
338 120154946  120154946
339 120154998  120154998
340 120155048  120155048
341 120155100  120155100
342 120155152  120155152
343 120155204  120155204
344 120155256  120155256
345 120155306  120155306
346 120155357  120155357
347 120155407  120155407
348 120155457  120155457
349 120155507  120155507
350 120155558  120155558
351 120155608  120155608
352 120155658  120155658
353 120155709  120155709
354 120155759  120155759
355 120155809  120155809
356 120155860  120155860
357 120155910  120155910
358 120155961  120155961
359 120156011  120156011
360 120156062  120156062
361 120156113  120156113
362 120156163  120156163
363 120156214  120156214
364 120156266  120156266
365 120156317  120156317
366 120156367  120156367
367 120156418  120156418
368 120156468  120156468
369 120156518  120156518
370 120156569  120156569
371 120156619  120156619
372 120156670  120156670
373 120156719  120156719
374 120156770  120156770
375 120156821  120156821
376 120156872  120156872
377 120156924  120156924
378 120156976  120156976
379 120157027  120157027
380 120157077  120157077
381 120157129  120157129
382 120157179  120157179
383 120157231  120157231
384 120157282  120157282
385 120157333  120157333
386 120157383  120157383
387 120157434  120157434
388 120157484  120157484
389 120157534  120157534
390 120157584  120157584
391 120157635  120157635
392 120157685  120157685
393 120157736  120157736
394 120157787  120157787
395 120157839  120157839
396 120157890  120157890
397 120157940  120157940
398 120157990  120157990
399 120158042  120158042
400 120158093  120158093
401 120158145  120158145
402 120158197  120158197
403 120158249  120158249
404 120158301  120158301
405 120158353  120158353
406 120158403  120158403
407 120158455  120158455
408 120158506  120158506
409 120158556  120158556
410 120158606  120158606
411 120158657  120158657
412 120158708  120158708
413 120158758  120158758
414 120158809  120158809
415 120158859  120158859
416 120158910  120158910
417 120158960  120158960
418 120159010  120159010
419 120159061  120159061
420 120159111  120159111
421 120159162  120159162
422 120159212  120159212
423 120159263  120159263
424 120159313  120159313
425 120159364  120159364
426 120159416  120159416
427 120159466  120159466
428 120159517  120159517
429 120159567  120159567
430 120159618  120159618
431 120159670  120159670
432 120159719  120159719
433 120159769  120159769
434 120159820  120159820
435 120159870  120159870
436 120159921  120159921
437 120159972  120159972
438 120200023  120200023
439 120200073  120200073
440 120200123  120200123
441 120200174  120200174
442 120200226  120200226
443 120200278  120200278
444 120200330  120200330
445 120200380  120200380
446 120200431  120200431
447 120200481  120200481
448 120200532  120200532
449 120200582  120200582
450 120200634  120200634
451 120200684  120200684
452 120200735  120200735
453 120200786  120200786
454 120200836  120200836
455 120200887  120200887
456 120200937  120200937
457 120200988  120200988
458 120201039  120201039
459 120201089  120201089
460 120201142  120201142
461 120201192  120201192
462 120201245  120201245
463 120201295  120201295
464 120201347  120201347
465 120201397  120201397
466 120201449  120201449
467 120201501  120201501
468 120201553  120201553
469 120201606  120201606
470 120201656  120201656
471 120201706  120201706
472 120201756  120201756
473 120201807  120201807
474 120201857  120201857
475 120201908  120201908
476 120201958  120201958
477 120202009  120202009
478 120202059  120202059
479 120202110  120202110
480 120202160  120202160
481 120202211  120202211
482 120202261  120202261
483 120202312  120202312
484 120202362  120202362
485 120202415  120202415
486 120202464  120202464
487 120202515  120202515
488 120202566  120202566
489 120202617  120202617
490 120202668  120202668
491 120202718  120202718
492 120202768  120202768
493 120202819  120202819
494 120202869  120202869
495 120202920  120202920
496 120202970  120202970
497 120203020  120203020
498 120203071  120203071
499 120203122  120203122
500 120203173  120203173
501 120203225  120203225
502 120203277  120203277
503 120203328  120203328
504 120203378  120203378
505 120203429  120203429
506 120203479  120203479
507 120203531  120203531
508 120203582  120203582
509 120203633  120203633
510 120203684  120203684
511 120203734  120203734
512 120203786  120203786
513 120203838  120203838
514 120203888  120203888
515 120203938  120203938
516 120203990  120203990
517 120204041  120204041
518 120204093  120204093
519 120204143  120204143
520 120204194  120204194
521 120204247  120204247
522 120204298  120204298
523 120204349  120204349
524 120204401  120204401
525 120204452  120204452
526 120204503  120204503
527 120204555  120204555
528 120204605  120204605
529 120204656  120204656
530 120204706  120204706
531 120204756  120204756
532 120204807  120204807
533 120204857  120204857
534 120204907  120204907
535 120204958  120204958
536 120205008  120205008
537 120205058  120205058
538 120205109  120205109
539 120205159  120205159
540 120205209  120205209
541 120205260  120205260
542 120205310  120205310
543 120205361  120205361
544 120205411  120205411
545 120205462  120205462
546 120205512  120205512
547 120205563  120205563
548 120205614  120205614
549 120205665  120205665
550 120205716  120205716
551 120205766  120205766
552 120205817  120205817
553 120205867  120205867
554 120205918  120205918
555 120205968  120205968
556 120206020  120206020
557 120206070  120206070
558 120206120  120206120
559 120206170  120206170
560 120206221  120206221
561 120206272  120206272
562 120206324  120206324
563 120206376  120206376
564 120206426  120206426
565 120206477  120206477
566 120206528  120206528
567 120206580  120206580
568 120206630  120206630
569 120206680  120206680
570 120206731  120206731
571 120206781  120206781
572 120206832  120206832
573 120206884  120206884
574 120206935  120206935
575 120206987  120206987
576 120207038  120207038
577 120207088  120207088
578 120207140  120207140
579 120207190  120207190
580 120207240  120207240
581 120207290  120207290
582 120207341  120207341
583 120207392  120207392
584 120207444  120207444
585 120207495  120207495
586 120207547  120207547
587 120207597  120207597
588 120207649  120207649
589 120207700  120207700
590 120207750  120207750
591 120207802  120207802
592 120207852  120207852
593 120207903  120207903
594 120207953  120207953
595 120208005  120208005
596 120208056  120208056
597 120208106  120208106
598 120208157  120208157
599 120208207  120208207
600 120208257  120208257
601 120208308  120208308
602 120208358  120208358
603 120208408  120208408
604 120208460  120208460
605 120208509  120208509
606 120208560  120208560
607 120208610  120208610
608 120208661  120208661
609 120208711  120208711
610 120208762  120208762
611 120208813  120208813
612 120208863  120208863
613 120208915  120208915
614 120208966  120208966
615 120209016  120209016
616 120209068  120209068
617 120209119  120209119
618 120209170  120209170
619 120209221  120209221
620 120209272  120209272
621 120209324  120209324
622 120209376  120209376
623 120209426  120209426
624 120209476  120209476
625 120209526  120209526
626 120209577  120209577
627 120209629  120209629
628 120209680  120209680
629 120209730  120209730
630 120209780  120209780
631 120209831  120209831
632 120209883  120209883
633 120209934  120209934
634 120209986  120209986
635 120210037  120210037
636 120210090  120210090
637 120210140  120210140
638 120210192  120210192
639 120210244  120210244
640 120210295  120210295
641 120210346  120210346
642 120210398  120210398
643 120210449  120210449
644 120210499  120210499
645 120210549  120210549
646 120210600  120210600
647 120210650  120210650
648 120210702  120210702
649 120210751  120210751
650 120210802  120210802
651 120210854  120210854
652 120210906  120210906
653 120210956  120210956
654 120211007  120211007
655 120211057  120211057
656 120211111  120211111
657 120211161  120211161
658 120211209  120211209
659 120211259  120211259
660 120211309  120211309
661 120211360  120211360
662 120211410  120211410
663 120211461  120211461
664 120211511  120211511
665 120211562  120211562
666 120211613  120211613
667 120211663  120211663
668 120211714  120211714
669 120211764  120211764
670 120211815  120211815
671 120211867  120211867
672 120211918  120211918
673 120211969  120211969
674 120212020  120212020
675 120212072  120212072
676 120212123  120212123
677 120212174  120212174
678 120212226  120212226
679 120212277  120212277
680 120212329  120212329
681 120212380  120212380
682 120212431  120212431
683 120212482  120212482
684 120212532  120212532
685 120212583  120212583
686 120212633  120212633
687 120212683  120212683
688 120212733  120212733
689 120212785  120212785
690 120212836  120212836
691 120212887  120212887
692 120212939  120212939
693 120212989  120212989
694 120213040  120213040
695 120213090  120213090
696 120213140  120213140
697 120213192  120213192
698 120213244  120213244
699 120213296  120213296
700 120213346  120213346
701 120213398  120213398
702 120213448  120213448
703 120213499  120213499
704 120213549  120213549
705 120213601  120213601
706 120213651  120213651
707 120213702  120213702
708 120213752  120213752
709 120213803  120213803
710 120213854  120213854
711 120213905  120213905
712 120213955  120213955
713 120214006  120214006
714 120214056  120214056
715 120214107  120214107
716 120214157  120214157
717 120214207  120214207
718 120214258  120214258
719 120214308  120214308
720 120214359  120214359
721 120214409  120214409
722 120214459  120214459
723 120214510  120214510
724 120214560  120214560
725 120214610  120214610
726 120214661  120214661
727 120214711  120214711
728 120214761  120214761
729 120214811  120214811
730 120214861  120214861
731 120214912  120214912
732 120214962  120214962
733 120215013  120215013
734 120215064  120215064
735 120215115  120215115
736 120215166  120215166
737 120215217  120215217
738 120215267  120215267
739 120215318  120215318
740 120215368  120215368
741 120215419  120215419
742 120215470  120215470
743 120215521  120215521
744 120215572  120215572
745 120215623  120215623
746 120215675  120215675
747 120215725  120215725
748 120215775  120215775
749 120215855  120215855
750 120215905  120215905
751 120215955  120215955
752 120216005  120216005
753 120216055  120216055
754 120216106  120216106
755 120216156  120216156
756 120216206  120216206
757 120216256  120216256
758 120216307  120216307
759 120216357  120216357
760 120216408  120216408
761 120216458  120216458
762 120216508  120216508
763 120216559  120216559
764 120216610  120216610
765 120216660  120216660
766 120216711  120216711
767 120216761  120216761
768 120216812  120216812
769 120216863  120216863
770 120216915  120216915
771 120216966  120216966
772 120217017  120217017
773 120217068  120217068
774 120217118  120217118
775 120217168  120217168
776 120217219  120217219
777 120217271  120217271
778 120217322  120217322
779 120217373  120217373
780 120217425  120217425
781 120217476  120217476
782 120217527  120217527
783 120217579  120217579
784 120217630  120217630
785 120217681  120217681
786 120217732  120217732
787 120217782  120217782
788 120217833  120217833
789 120217883  120217883
790 120217935  120217935
791 120217986  120217986
792 120218037  120218037
793 120218088  120218088
794 120218138  120218138
795 120218188  120218188
796 120218239  120218239
797 120218289  120218289
798 120218340  120218340
799 120218391  120218391
800 120218443  120218443
801 120218494  120218494
802 120218545  120218545
803 120218597  120218597
804 120218647  120218647
805 120218697  120218697
806 120218748  120218748
807 120218798  120218798
808 120218850  120218850
809 120218902  120218902
810 120218952  120218952
811 120219005  120219005
812 120219055  120219055
813 120219106  120219106
814 120219156  120219156
815 120219206  120219206
816 120219257  120219257
817 120219307  120219307
818 120219357  120219357
819 120219407  120219407
820 120219458  120219458
821 120219511  120219511
822 120219559  120219559
823 120219609  120219609
824 120219659  120219659
825 120219709  120219709
826 120219760  120219760
827 120219810  120219810
828 120219861  120219861
829 120219913  120219913
830 120219964  120219964
831 120220014  120220014
832 120220065  120220065
833 120220116  120220116
834 120220167  120220167
835 120220218  120220218
836 120220269  120220269
837 120220321  120220321
838 120220372  120220372
839 120220423  120220423
840 120220475  120220475
841 120220526  120220526
842 120220576  120220576
843 120220626  120220626
844 120220677  120220677
845 120220728  120220728
846 120220778  120220778
847 120220830  120220830
848 120220880  120220880
849 120220931  120220931
850 120220982  120220982
851 120221033  120221033
852 120221085  120221085
853 120221137  120221137
854 120221189  120221189
855 120221240  120221240
856 120221291  120221291
857 120221342  120221342
858 120221392  120221392
859 120221444  120221444
860 120221496  120221496
861 120221547  120221547
862 120221598  120221598
863 120221648  120221648
864 120221699  120221699
865 120221749  120221749
866 120221800  120221800
867 120221850  120221850
868 120221901  120221901
869 120221953  120221953
870 120222005  120222005
871 120222056  120222056
872 120222106  120222106
873 120222156  120222156
874 120222206  120222206
875 120222257  120222257
876 120222307  120222307
877 120222358  120222358
878 120222408  120222408
879 120222458  120222458
880 120222509  120222509
881 120222559  120222559
882 120222609  120222609
883 120222660  120222660
884 120222711  120222711
885 120222761  120222761
886 120222813  120222813
887 120222864  120222864
888 120222915  120222915
889 120222966  120222966
890 120223018  120223018
891 120223069  120223069
892 120223120  120223120
893 120223171  120223171
894 120223222  120223222
895 120223274  120223274
896 120223325  120223325
897 120223376  120223376
898 120223428  120223428
899 120223480  120223480
900 120223530  120223530
901 120223580  120223580
902 120223631  120223631
903 120223681  120223681
904 120223731  120223731
905 120223782  120223782
906 120223834  120223834
907 120223886  120223886
908 120223937  120223937
909 120223989  120223989
910 120224040  120224040
911 120224091  120224091
912 120224142  120224142
913 120224194  120224194
914 120224247  120224247
915 120224297  120224297
916 120224347  120224347
917 120224399  120224399
918 120224452  120224452
919 120224504  120224504
920 120224554  120224554
921 120224604  120224604
922 120224656  120224656
923 120224706  120224706
924 120224756  120224756
925 120224807  120224807
926 120224857  120224857
927 120224908  120224908
928 120224958  120224958
929 120225009  120225009
930 120225059  120225059
931 120225110  120225110
932 120225160  120225160
933 120225210  120225210
934 120225261  120225261
935 120225311  120225311
936 120225362  120225362
937 120225413  120225413
938 120225463  120225463
939 120225515  120225515
940 120225566  120225566
941 120225617  120225617
942 120225667  120225667
943 120225718  120225718
944 120225768  120225768
945 120225819  120225819
946 120225869  120225869
947 120225920  120225920
948 120225971  120225971
949 120226022  120226022
950 120226073  120226073
951 120226125  120226125
952 120226176  120226176
953 120226227  120226227
954 120226278  120226278
955 120226329  120226329
956 120226380  120226380
957 120226432  120226432
958 120226484  120226484
959 120226534  120226534
960 120226586  120226586
961 120226638  120226638
962 120226688  120226688
963 120226738  120226738
964 120226789  120226789
965 120226839  120226839
966 120226889  120226889
967 120226940  120226940
968 120226992  120226992
969 120227044  120227044
970 120227096  120227096
971 120227148  120227148
972 120227200  120227200
973 120227251  120227251
974 120227303  120227303
975 120227355  120227355
976 120227406  120227406
977 120227456  120227456
978 120227506  120227506
979 120227556  120227556
980 120227607  120227607
981 120227657  120227657
982 120227707  120227707
983 120227758  120227758
984 120227808  120227808
985 120227859  120227859
986 120227909  120227909
987 120227959  120227959
988 120228010  120228010
989 120228060  120228060
990 120228111  120228111
991 120228161  120228161
992 120228211  120228211
993 120228263  120228263
994 120228313  120228313
995 120228364  120228364
996 120228416  120228416
997 120228467  120228467
998 120228518  120228518
999 120228570  120228570
1000 120228620  120228620
1001 120228671  120228671
1002 120228721  120228721
1003 120228772  120228772
1004 120228822  120228822
1005 120228873  120228873
1006 120228924  120228924
1007 120228975  120228975
1008 120229025  120229025
1009 120229076  120229076
1010 120229127  120229127
1011 120229177  120229177
1012 120229228  120229228
1013 120229278  120229278
1014 120229329  120229329
1015 120229379  120229379
1016 120229430  120229430
1017 120229482  120229482
1018 120229534  120229534
1019 120229585  120229585
1020 120229635  120229635
1021 120229687  120229687
1022 120229737  120229737
1023 120229788  120229788
1024 120229838  120229838
1025 120229889  120229889
1026 120229939  120229939
1027 120229991  120229991
1028 120230043  120230043
1029 120230095  120230095
1030 120230145  120230145
1031 120230195  120230195
1032 120230247  120230247
1033 120230297  120230297
1034 120230347  120230347
1035 120230399  120230399
1036 120230452  120230452
1037 120230504  120230504
1038 120230555  120230555
1039 120230605  120230605
1040 120230656  120230656
1041 120230707  120230707
1042 120230756  120230756
1043 120230806  120230806
1044 120230857  120230857
1045 120230907  120230907
1046 120230957  120230957
1047 120231008  120231008
1048 120231058  120231058
1049 120231108  120231108
1050 120231159  120231159
1051 120231209  120231209
1052 120231259  120231259
1053 120231309  120231309
1054 120231360  120231360
1055 120231410  120231410
1056 120231461  120231461
1057 120231511  120231511
1058 120231562  120231562
1059 120231613  120231613
1060 120231663  120231663
1061 120231714  120231714
1062 120231764  120231764
1063 120231814  120231814
1064 120231865  120231865
1065 120231917  120231917
1066 120231968  120231968
1067 120232019  120232019
1068 120232071  120232071
1069 120232121  120232121
1070 120232173  120232173
1071 120232224  120232224
1072 120232276  120232276
1073 120232327  120232327
1074 120232378  120232378
1075 120232428  120232428
1076 120232480  120232480
1077 120232531  120232531
1078 120232582  120232582
1079 120232633  120232633
1080 120232685  120232685
1081 120232735  120232735
1082 120232785  120232785
1083 120232837  120232837
1084 120232887  120232887
1085 120232939  120232939
1086 120232991  120232991
1087 120233043  120233043
1088 120233094  120233094
1089 120233146  120233146
1090 120233197  120233197
1091 120233249  120233249
1092 120233301  120233301
1093 120233353  120233353
1094 120233405  120233405
1095 120233456  120233456
1096 120233506  120233506
1097 120233556  120233556
1098 120233606  120233606
1099 120233657  120233657
1100 120233707  120233707
1101 120233758  120233758
1102 120233808  120233808
1103 120233859  120233859
1104 120233909  120233909
1105 120233960  120233960
1106 120234010  120234010
1107 120234060  120234060
1108 120234112  120234112
1109 120234162  120234162
1110 120234213  120234213
1111 120234264  120234264
1112 120234315  120234315
1113 120234367  120234367
1114 120234418  120234418
1115 120234468  120234468
1116 120234520  120234520
1117 120234570  120234570
1118 120234620  120234620
1119 120234671  120234671
1120 120234721  120234721
1121 120234772  120234772
1122 120234822  120234822
1123 120234873  120234873
1124 120234925  120234925
1125 120234977  120234977
1126 120235029  120235029
1127 120235081  120235081
1128 120235132  120235132
1129 120235183  120235183
1130 120235235  120235235
1131 120235285  120235285
1132 120235336  120235336
1133 120235387  120235387
1134 120235439  120235439
1135 120235491  120235491
1136 120235543  120235543
1137 120235593  120235593
1138 120235646  120235646
1139 120235696  120235696
1140 120235746  120235746
1141 120235796  120235796
1142 120235848  120235848
1143 120235899  120235899
1144 120235949  120235949
1145 120236001  120236001
1146 120236052  120236052
1147 120236103  120236103
1148 120236155  120236155
1149 120236206  120236206
1150 120236256  120236256
1151 120236306  120236306
1152 120236357  120236357
1153 120236407  120236407
1154 120236457  120236457
1155 120236508  120236508
1156 120236558  120236558
1157 120236608  120236608
1158 120236659  120236659
1159 120236709  120236709
1160 120236759  120236759
1161 120236810  120236810
1162 120236860  120236860
1163 120236910  120236910
1164 120236961  120236961
1165 120237011  120237011
1166 120237062  120237062
1167 120237113  120237113
1168 120237164  120237164
1169 120237215  120237215
1170 120237267  120237267
1171 120237317  120237317
1172 120237368  120237368
1173 120237418  120237418
1174 120237469  120237469
1175 120237520  120237520
1176 120237570  120237570
1177 120237621  120237621
1178 120237671  120237671
1179 120237723  120237723
1180 120237772  120237772
1181 120237823  120237823
1182 120237874  120237874
1183 120237925  120237925
1184 120237975  120237975
1185 120238025  120238025
1186 120238077  120238077
1187 120238129  120238129
1188 120238179  120238179
1189 120238231  120238231
1190 120238281  120238281
1191 120238333  120238333
1192 120238384  120238384
1193 120238435  120238435
1194 120238487  120238487
1195 120238539  120238539
1196 120238591  120238591
1197 120238644  120238644
1198 120238695  120238695
1199 120238745  120238745
1200 120238796  120238796
1201 120238848  120238848
1202 120238900  120238900
1203 120238953  120238953
1204 120239005  120239005
1205 120239055  120239055
1206 120239105  120239105
1207 120239156  120239156
1208 120239206  120239206
1209 120239256  120239256
1210 120239306  120239306
1211 120239357  120239357
1212 120239407  120239407
1213 120239457  120239457
1214 120239508  120239508
1215 120239558  120239558
1216 120239609  120239609
1217 120239659  120239659
1218 120239712  120239712
1219 120239761  120239761
1220 120239812  120239812
1221 120239862  120239862
1222 120239913  120239913
1223 120239963  120239963
1224 120240014  120240014
1225 120240065  120240065
1226 120240116  120240116
1227 120240167  120240167
1228 120240217  120240217
1229 120240268  120240268
1230 120240318  120240318
1231 120240368  120240368
1232 120240419  120240419
1233 120240470  120240470
1234 120240521  120240521
1235 120240573  120240573
1236 120240624  120240624
1237 120240674  120240674
1238 120240724  120240724
1239 120240774  120240774
1240 120240826  120240826
1241 120240878  120240878
1242 120240929  120240929
1243 120240980  120240980
1244 120241032  120241032
1245 120241082  120241082
1246 120241133  120241133
1247 120241185  120241185
1248 120241237  120241237
1249 120241288  120241288
1250 120241338  120241338
1251 120241389  120241389
1252 120241441  120241441
1253 120241493  120241493
1254 120241545  120241545
1255 120241597  120241597
1256 120241648  120241648
1257 120241698  120241698
1258 120241748  120241748
1259 120241799  120241799
1260 120241849  120241849
1261 120241901  120241901
1262 120241953  120241953
1263 120242004  120242004
1264 120242056  120242056
1265 120242106  120242106
1266 120242157  120242157
1267 120242207  120242207
1268 120242258  120242258
1269 120242308  120242308
1270 120242359  120242359
1271 120242409  120242409
1272 120242460  120242460
1273 120242510  120242510
1274 120242560  120242560
1275 120242611  120242611
1276 120242661  120242661
1277 120242712  120242712
1278 120242762  120242762
1279 120242813  120242813
1280 120242864  120242864
1281 120242915  120242915
1282 120242966  120242966
1283 120243018  120243018
1284 120243068  120243068
1285 120243119  120243119
1286 120243169  120243169
1287 120243220  120243220
1288 120243271  120243271
1289 120243322  120243322
1290 120243373  120243373
1291 120243423  120243423
1292 120243473  120243473
1293 120243524  120243524
1294 120243576  120243576
1295 120243627  120243627
1296 120243677  120243677
1297 120243728  120243728
1298 120243778  120243778
1299 120243829  120243829
1300 120243880  120243880
1301 120243930  120243930
1302 120243982  120243982
1303 120244032  120244032
1304 120244084  120244084
1305 120244136  120244136
1306 120244187  120244187
1307 120244239  120244239
1308 120244290  120244290
1309 120244340  120244340
1310 120244392  120244392
1311 120244444  120244444
1312 120244494  120244494
1313 120244544  120244544
1314 120244594  120244594
1315 120244646  120244646
1316 120244696  120244696
1317 120244746  120244746
1318 120244797  120244797
1319 120244847  120244847
1320 120244898  120244898
1321 120244948  120244948
1322 120244998  120244998
1323 120245049  120245049
1324 120245099  120245099
1325 120245152  120245152
1326 120245203  120245203
1327 120245254  120245254
1328 120245305  120245305
1329 120245355  120245355
1330 120245405  120245405
1331 120245456  120245456
1332 120245506  120245506
1333 120245556  120245556
1334 120245607  120245607
1335 120245657  120245657
1336 120245707  120245707
1337 120245758  120245758
1338 120245808  120245808
1339 120245859  120245859
1340 120245909  120245909
1341 120245960  120245960
1342 120246010  120246010
1343 120246061  120246061
1344 120246112  120246112
1345 120246162  120246162
1346 120246214  120246214
1347 120246265  120246265
1348 120246316  120246316
1349 120246367  120246367
1350 120246418  120246418
1351 120246469  120246469
1352 120246520  120246520
1353 120246572  120246572
1354 120246623  120246623
1355 120246673  120246673
1356 120246726  120246726
1357 120246775  120246775
1358 120246825  120246825
1359 120246877  120246877
1360 120246929  120246929
1361 120246979  120246979
1362 120247031  120247031
1363 120247083  120247083
1364 120247135  120247135
1365 120247186  120247186
1366 120247237  120247237
1367 120247287  120247287
1368 120247338  120247338
1369 120247388  120247388
1370 120247440  120247440
1371 120247490  120247490
1372 120247542  120247542
1373 120247593  120247593
