1 120924955 120924906 120924955
2 120925007  120925007
3 120925056  120925056
4 120925108  120925108
5 120925160  120925160
6 120925212  120925212
7 120925264  120925264
8 120925314  120925314
9 120925366  120925366
10 120925418  120925418
11 120925470  120925470
12 120925523  120925523
13 120925573  120925573
14 120925623  120925623
15 120925673  120925673
16 120925723  120925723
17 120925774  120925774
18 120925824  120925824
19 120925874  120925874
20 120925925  120925925
21 120925976  120925976
22 120926028  120926028
23 120926081  120926081
24 120926133  120926133
25 120926185  120926185
26 120926235  120926235
27 120926286  120926286
28 120926336  120926336
29 120926386  120926386
30 120926436  120926436
31 120926487  120926487
32 120926537  120926537
33 120926588  120926588
34 120926638  120926638
35 120926688  120926688
36 120926738  120926738
37 120926789  120926789
38 120926840  120926840
39 120926890  120926890
40 120926940  120926940
41 120926991  120926991
42 120927041  120927041
43 120927092  120927092
44 120927142  120927142
45 120927193  120927193
46 120927245  120927245
47 120927296  120927296
48 120927347  120927347
49 120927399  120927399
50 120927450  120927450
51 120927501  120927501
52 120927553  120927553
53 120927606  120927606
54 120927657  120927657
55 120927707  120927707
56 120927758  120927758
57 120927809  120927809
58 120927859  120927859
59 120927909  120927909
60 120927960  120927960
61 120928010  120928010
62 120928061  120928061
63 120928113  120928113
64 120928164  120928164
65 120928216  120928216
66 120928267  120928267
67 120928318  120928318
68 120928370  120928370
69 120928420  120928420
70 120928472  120928472
71 120928524  120928524
72 120928576  120928576
73 120928629  120928629
74 120928680  120928680
75 120928730  120928730
76 120928781  120928781
77 120928831  120928831
78 120928881  120928881
79 120928931  120928931
80 120928981  120928981
81 120929033  120929033
82 120929084  120929084
83 120929135  120929135
84 120929185  120929185
85 120929235  120929235
86 120929286  120929286
87 120929336  120929336
88 120929386  120929386
89 120929437  120929437
90 120929487  120929487
91 120929538  120929538
92 120929588  120929588
93 120929639  120929639
94 120929689  120929689
95 120929739  120929739
96 120929790  120929790
97 120929840  120929840
98 120929890  120929890
99 120929941  120929941
100 120929991  120929991
101 120930042  120930042
102 120930092  120930092
103 120930143  120930143
104 120930194  120930194
105 120930246  120930246
106 120930297  120930297
107 120930348  120930348
108 120930400  120930400
109 120930452  120930452
110 120930503  120930503
111 120930555  120930555
112 120930607  120930607
113 120930659  120930659
114 120930711  120930711
115 120930763  120930763
116 120930814  120930814
117 120930864  120930864
118 120930914  120930914
119 120930966  120930966
120 120931017  120931017
121 120931067  120931067
122 120931118  120931118
123 120931168  120931168
124 120931218  120931218
125 120931269  120931269
126 120931319  120931319
127 120931371  120931371
128 120931422  120931422
129 120931474  120931474
130 120931526  120931526
131 120931579  120931579
132 120931631  120931631
133 120931683  120931683
134 120931734  120931734
135 120931784  120931784
136 120931834  120931834
137 120931884  120931884
138 120931935  120931935
139 120931985  120931985
140 120932035  120932035
141 120932085  120932085
142 120932136  120932136
143 120932186  120932186
144 120932236  120932236
145 120932287  120932287
146 120932337  120932337
147 120932387  120932387
148 120932438  120932438
149 120932488  120932488
150 120932538  120932538
151 120932589  120932589
152 120932639  120932639
153 120932690  120932690
154 120932740  120932740
155 120932791  120932791
156 120932841  120932841
157 120932891  120932891
158 120932942  120932942
159 120932992  120932992
160 120933044  120933044
161 120933095  120933095
162 120933146  120933146
163 120933196  120933196
164 120933247  120933247
165 120933297  120933297
166 120933348  120933348
167 120933398  120933398
168 120933448  120933448
169 120933499  120933499
170 120933551  120933551
171 120933602  120933602
172 120933654  120933654
173 120933706  120933706
174 120933757  120933757
175 120933808  120933808
176 120933859  120933859
177 120933909  120933909
178 120933961  120933961
179 120934012  120934012
180 120934064  120934064
181 120934116  120934116
182 120934168  120934168
183 120934218  120934218
184 120934269  120934269
185 120934319  120934319
186 120934369  120934369
187 120934420  120934420
188 120934470  120934470
189 120934520  120934520
190 120934570  120934570
191 120934622  120934622
192 120934674  120934674
193 120934727  120934727
194 120934777  120934777
195 120934828  120934828
196 120934877  120934877
197 120934928  120934928
198 120934978  120934978
199 120935030  120935030
200 120935081  120935081
201 120935131  120935131
202 120935183  120935183
203 120935235  120935235
204 120935285  120935285
205 120935335  120935335
206 120935385  120935385
207 120935436  120935436
208 120935486  120935486
209 120935536  120935536
210 120935586  120935586
211 120935636  120935636
212 120935687  120935687
213 120935737  120935737
214 120935787  120935787
215 120935838  120935838
216 120935888  120935888
217 120935939  120935939
218 120935989  120935989
219 120936039  120936039
220 120936090  120936090
221 120936140  120936140
222 120936191  120936191
223 120936241  120936241
224 120936292  120936292
225 120936343  120936343
226 120936394  120936394
227 120936445  120936445
228 120936497  120936497
229 120936548  120936548
230 120936599  120936599
231 120936651  120936651
232 120936702  120936702
233 120936752  120936752
234 120936802  120936802
235 120936853  120936853
236 120936903  120936903
237 120936953  120936953
238 120937005  120937005
239 120937056  120937056
240 120937106  120937106
241 120937160  120937160
242 120937210  120937210
243 120937261  120937261
244 120937313  120937313
245 120937363  120937363
246 120937414  120937414
247 120937466  120937466
248 120937518  120937518
249 120937568  120937568
250 120937619  120937619
251 120937670  120937670
252 120937722  120937722
253 120937773  120937773
254 120937823  120937823
255 120937873  120937873
256 120937924  120937924
257 120937974  120937974
258 120938025  120938025
259 120938076  120938076
260 120938128  120938128
261 120938178  120938178
262 120938229  120938229
263 120938280  120938280
264 120938331  120938331
265 120938381  120938381
266 120938432  120938432
267 120938484  120938484
268 120938535  120938535
269 120938585  120938585
270 120938636  120938636
271 120938686  120938686
272 120938736  120938736
273 120938787  120938787
274 120938837  120938837
275 120938887  120938887
276 120938937  120938937
277 120938988  120938988
278 120939038  120939038
279 120939089  120939089
280 120939139  120939139
281 120939190  120939190
282 120939240  120939240
283 120939291  120939291
284 120939343  120939343
285 120939394  120939394
286 120939444  120939444
287 120939494  120939494
288 120939545  120939545
289 120939597  120939597
290 120939648  120939648
291 120939699  120939699
292 120939751  120939751
293 120939801  120939801
294 120939851  120939851
295 120939902  120939902
296 120939953  120939953
297 120940003  120940003
298 120940053  120940053
299 120940104  120940104
300 120940156  120940156
301 120940207  120940207
302 120940258  120940258
303 120940310  120940310
304 120940362  120940362
305 120940413  120940413
306 120940465  120940465
307 120940517  120940517
308 120940569  120940569
309 120940621  120940621
310 120940674  120940674
311 120940726  120940726
312 120940778  120940778
313 120940828  120940828
314 120940879  120940879
315 120940929  120940929
316 120940979  120940979
317 120941032  120941032
318 120941083  120941083
319 120941133  120941133
320 120941183  120941183
321 120941234  120941234
322 120941285  120941285
323 120941335  120941335
324 120941385  120941385
325 120941436  120941436
326 120941486  120941486
327 120941536  120941536
328 120941587  120941587
329 120941637  120941637
330 120941687  120941687
331 120941738  120941738
332 120941788  120941788
333 120941843  120941843
334 120941892  120941892
335 120941942  120941942
336 120941993  120941993
337 120942045  120942045
338 120942096  120942096
339 120942147  120942147
340 120942198  120942198
341 120942248  120942248
342 120942298  120942298
343 120942349  120942349
344 120942399  120942399
345 120942451  120942451
346 120942501  120942501
347 120942553  120942553
348 120942604  120942604
349 120942656  120942656
350 120942708  120942708
351 120942760  120942760
352 120942810  120942810
353 120942861  120942861
354 120942911  120942911
355 120942962  120942962
356 120943013  120943013
357 120943064  120943064
358 120943116  120943116
359 120943168  120943168
360 120943218  120943218
361 120943269  120943269
362 120943320  120943320
363 120943370  120943370
364 120943420  120943420
365 120943472  120943472
366 120943522  120943522
367 120943574  120943574
368 120943626  120943626
369 120943678  120943678
370 120943730  120943730
371 120943782  120943782
372 120943833  120943833
373 120943883  120943883
374 120943933  120943933
375 120943984  120943984
376 120944034  120944034
377 120944085  120944085
378 120944135  120944135
379 120944185  120944185
380 120944236  120944236
381 120944286  120944286
382 120944336  120944336
383 120944386  120944386
384 120944436  120944436
385 120944487  120944487
386 120944537  120944537
387 120944587  120944587
388 120944638  120944638
389 120944688  120944688
390 120944739  120944739
391 120944789  120944789
392 120944840  120944840
393 120944890  120944890
394 120944946  120944946
395 120944994  120944994
396 120945042  120945042
397 120945093  120945093
398 120945144  120945144
399 120945196  120945196
400 120945247  120945247
401 120945297  120945297
402 120945348  120945348
403 120945400  120945400
404 120945450  120945450
405 120945500  120945500
406 120945551  120945551
407 120945602  120945602
408 120945654  120945654
409 120945706  120945706
410 120945756  120945756
411 120945807  120945807
412 120945862  120945862
413 120945913  120945913
414 120945965  120945965
415 120946017  120946017
416 120946068  120946068
417 120946120  120946120
418 120946171  120946171
419 120946223  120946223
420 120946275  120946275
421 120946326  120946326
422 120946377  120946377
423 120946428  120946428
424 120946480  120946480
425 120946532  120946532
426 120946583  120946583
427 120946634  120946634
428 120946684  120946684
429 120946737  120946737
430 120946786  120946786
431 120946837  120946837
432 120946886  120946886
433 120946936  120946936
434 120946987  120946987
435 120947037  120947037
436 120947088  120947088
437 120947138  120947138
438 120947188  120947188
439 120947239  120947239
440 120947289  120947289
441 120947340  120947340
442 120947390  120947390
443 120947440  120947440
444 120947491  120947491
445 120947541  120947541
446 120947592  120947592
447 120947642  120947642
448 120947693  120947693
449 120947744  120947744
450 120947795  120947795
451 120947846  120947846
452 120947896  120947896
453 120947946  120947946
454 120947997  120947997
455 120948047  120948047
456 120948097  120948097
457 120948149  120948149
458 120948199  120948199
459 120948249  120948249
460 120948301  120948301
461 120948353  120948353
462 120948405  120948405
463 120948456  120948456
464 120948507  120948507
465 120948559  120948559
466 120948610  120948610
467 120948662  120948662
468 120948714  120948714
469 120948766  120948766
470 120948817  120948817
471 120948868  120948868
472 120948918  120948918
473 120948969  120948969
474 120949020  120949020
475 120949071  120949071
476 120949123  120949123
477 120949174  120949174
478 120949225  120949225
479 120949277  120949277
480 120949327  120949327
481 120949378  120949378
482 120949430  120949430
483 120949483  120949483
484 120949535  120949535
485 120949585  120949585
486 120949635  120949635
487 120949686  120949686
488 120949736  120949736
489 120949786  120949786
490 120949837  120949837
491 120949887  120949887
492 120949938  120949938
493 120949989  120949989
494 120950039  120950039
495 120950089  120950089
496 120950140  120950140
497 120950191  120950191
498 120950241  120950241
499 120950292  120950292
500 120950343  120950343
501 120950394  120950394
502 120950446  120950446
503 120950497  120950497
504 120950548  120950548
505 120950600  120950600
506 120950650  120950650
507 120950702  120950702
508 120950754  120950754
509 120950804  120950804
510 120950854  120950854
511 120950905  120950905
512 120950955  120950955
513 120951006  120951006
514 120951056  120951056
515 120951107  120951107
516 120951159  120951159
517 120951211  120951211
518 120951263  120951263
519 120951314  120951314
520 120951366  120951366
521 120951418  120951418
522 120951470  120951470
523 120951522  120951522
524 120951573  120951573
525 120951623  120951623
526 120951675  120951675
527 120951727  120951727
528 120951778  120951778
529 120951829  120951829
530 120951880  120951880
531 120951930  120951930
532 120951980  120951980
533 120952032  120952032
534 120952084  120952084
535 120952135  120952135
536 120952185  120952185
537 120952235  120952235
538 120952285  120952285
539 120952336  120952336
540 120952386  120952386
541 120952436  120952436
542 120952486  120952486
543 120952537  120952537
544 120952587  120952587
545 120952638  120952638
546 120952688  120952688
547 120952738  120952738
548 120952789  120952789
549 120952840  120952840
550 120952889  120952889
551 120952940  120952940
552 120952990  120952990
553 120953041  120953041
554 120953091  120953091
555 120953141  120953141
556 120953192  120953192
557 120953244  120953244
558 120953295  120953295
559 120953346  120953346
560 120953397  120953397
561 120953447  120953447
562 120953498  120953498
563 120953550  120953550
564 120953600  120953600
565 120953650  120953650
566 120953701  120953701
567 120953753  120953753
568 120953804  120953804
569 120953854  120953854
570 120953904  120953904
571 120953955  120953955
572 120954006  120954006
573 120954057  120954057
574 120954108  120954108
575 120954159  120954159
576 120954209  120954209
577 120954260  120954260
578 120954310  120954310
579 120954362  120954362
580 120954413  120954413
581 120954465  120954465
582 120954517  120954517
583 120954569  120954569
584 120954619  120954619
585 120954671  120954671
586 120954723  120954723
587 120954775  120954775
588 120954828  120954828
589 120954878  120954878
590 120954928  120954928
591 120954980  120954980
592 120955032  120955032
593 120955084  120955084
594 120955134  120955134
595 120955185  120955185
596 120955235  120955235
597 120955285  120955285
598 120955335  120955335
599 120955386  120955386
600 120955436  120955436
601 120955486  120955486
602 120955537  120955537
603 120955587  120955587
604 120955638  120955638
605 120955688  120955688
606 120955738  120955738
607 120955789  120955789
608 120955839  120955839
609 120955889  120955889
610 120955939  120955939
611 120955990  120955990
612 120956041  120956041
613 120956091  120956091
614 120956142  120956142
615 120956192  120956192
616 120956243  120956243
617 120956294  120956294
618 120956346  120956346
619 120956396  120956396
620 120956446  120956446
621 120956496  120956496
622 120956547  120956547
623 120956598  120956598
624 120956650  120956650
625 120956701  120956701
626 120956752  120956752
627 120956804  120956804
628 120956854  120956854
629 120956906  120956906
630 120956955  120956955
631 120957005  120957005
632 120957056  120957056
633 120957108  120957108
634 120957159  120957159
635 120957211  120957211
636 120957263  120957263
637 120957315  120957315
638 120957367  120957367
639 120957417  120957417
640 120957467  120957467
641 120957518  120957518
642 120957568  120957568
643 120957618  120957618
644 120957668  120957668
645 120957719  120957719
646 120957769  120957769
647 120957821  120957821
648 120957871  120957871
649 120957922  120957922
650 120957972  120957972
651 120958023  120958023
652 120958075  120958075
653 120958127  120958127
654 120958178  120958178
655 120958229  120958229
656 120958279  120958279
657 120958330  120958330
658 120958380  120958380
659 120958431  120958431
660 120958483  120958483
661 120958534  120958534
662 120958585  120958585
663 120958635  120958635
664 120958685  120958685
665 120958735  120958735
666 120958786  120958786
667 120958836  120958836
668 120958887  120958887
669 120958937  120958937
670 120958988  120958988
671 120959038  120959038
672 120959089  120959089
673 120959139  120959139
674 120959189  120959189
675 120959240  120959240
676 120959290  120959290
677 120959341  120959341
678 120959392  120959392
679 120959443  120959443
680 120959494  120959494
681 120959546  120959546
682 120959597  120959597
683 120959648  120959648
684 120959699  120959699
685 120959749  120959749
686 120959799  120959799
687 120959858  120959858
688 120959909  120959909
689 120959960  120959960
690 121000012  121000012
691 121000061  121000061
692 121000112  121000112
693 121000164  121000164
694 121000215  121000215
695 121000267  121000267
696 121000318  121000318
697 121000369  121000369
698 121000420  121000420
699 121000472  121000472
700 121000524  121000524
701 121000574  121000574
702 121000626  121000626
703 121000678  121000678
704 121000728  121000728
705 121000780  121000780
706 121000830  121000830
707 121000881  121000881
708 121000931  121000931
709 121000981  121000981
710 121001033  121001033
711 121001084  121001084
712 121001134  121001134
713 121001185  121001185
714 121001235  121001235
715 121001285  121001285
716 121001336  121001336
717 121001386  121001386
718 121001437  121001437
719 121001487  121001487
720 121001537  121001537
721 121001588  121001588
722 121001638  121001638
723 121001689  121001689
724 121001739  121001739
725 121001790  121001790
726 121001843  121001843
727 121001893  121001893
728 121001944  121001944
729 121001993  121001993
730 121002044  121002044
731 121002095  121002095
732 121002146  121002146
733 121002197  121002197
734 121002249  121002249
735 121002300  121002300
736 121002352  121002352
737 121002403  121002403
738 121002454  121002454
739 121002506  121002506
740 121002557  121002557
741 121002608  121002608
742 121002658  121002658
743 121002710  121002710
744 121002762  121002762
745 121002812  121002812
746 121002862  121002862
747 121002913  121002913
748 121002964  121002964
749 121003017  121003017
750 121003068  121003068
751 121003118  121003118
752 121003168  121003168
753 121003220  121003220
754 121003276  121003276
755 121003327  121003327
756 121003378  121003378
757 121003429  121003429
758 121003480  121003480
759 121003532  121003532
760 121003585  121003585
761 121003635  121003635
762 121003685  121003685
763 121003735  121003735
764 121003786  121003786
765 121003836  121003836
766 121003886  121003886
767 121003938  121003938
768 121003988  121003988
769 121004038  121004038
770 121004089  121004089
771 121004139  121004139
772 121004189  121004189
773 121004240  121004240
774 121004290  121004290
775 121004340  121004340
776 121004391  121004391
777 121004442  121004442
778 121004493  121004493
779 121004544  121004544
780 121004596  121004596
781 121004647  121004647
782 121004698  121004698
783 121004749  121004749
784 121004800  121004800
785 121004852  121004852
786 121004900  121004900
787 121004951  121004951
788 121005002  121005002
789 121005053  121005053
790 121005103  121005103
791 121005155  121005155
792 121005207  121005207
793 121005258  121005258
794 121005309  121005309
795 121005359  121005359
796 121005409  121005409
797 121005461  121005461
798 121005513  121005513
799 121005564  121005564
800 121005616  121005616
801 121005667  121005667
802 121005719  121005719
803 121005771  121005771
804 121005822  121005822
805 121005874  121005874
806 121005923  121005923
807 121005974  121005974
808 121006024  121006024
809 121006076  121006076
810 121006127  121006127
811 121006179  121006179
812 121006231  121006231
813 121006283  121006283
814 121006333  121006333
815 121006384  121006384
816 121006434  121006434
817 121006484  121006484
818 121006534  121006534
819 121006585  121006585
820 121006635  121006635
821 121006686  121006686
822 121006736  121006736
823 121006786  121006786
824 121006836  121006836
825 121006886  121006886
826 121006937  121006937
827 121006987  121006987
828 121007037  121007037
829 121007087  121007087
830 121007138  121007138
831 121007188  121007188
832 121007239  121007239
833 121007289  121007289
834 121007339  121007339
835 121007390  121007390
836 121007440  121007440
837 121007491  121007491
838 121007542  121007542
839 121007592  121007592
840 121007642  121007642
841 121007692  121007692
842 121007743  121007743
843 121007793  121007793
844 121007844  121007844
845 121007895  121007895
846 121007945  121007945
847 121007997  121007997
848 121008047  121008047
849 121008098  121008098
850 121008150  121008150
851 121008201  121008201
852 121008253  121008253
853 121008304  121008304
854 121008355  121008355
855 121008407  121008407
856 121008458  121008458
857 121008510  121008510
858 121008560  121008560
859 121008612  121008612
860 121008663  121008663
861 121008713  121008713
862 121008763  121008763
863 121008815  121008815
864 121008866  121008866
865 121008916  121008916
866 121008966  121008966
867 121009018  121009018
868 121009069  121009069
869 121009121  121009121
870 121009173  121009173
871 121009226  121009226
872 121009277  121009277
873 121009327  121009327
874 121009377  121009377
875 121009428  121009428
876 121009479  121009479
877 121009532  121009532
878 121009583  121009583
879 121009634  121009634
880 121009685  121009685
881 121009736  121009736
882 121009809  121009809
883 121009860  121009860
884 121009910  121009910
885 121009961  121009961
886 121010011  121010011
887 121010062  121010062
888 121010113  121010113
889 121010166  121010166
890 121010218  121010218
891 121010270  121010270
892 121010322  121010322
893 121010374  121010374
894 121010425  121010425
895 121010476  121010476
896 121010528  121010528
897 121010581  121010581
898 121010631  121010631
899 121010684  121010684
900 121010734  121010734
901 121010784  121010784
902 121010834  121010834
903 121010884  121010884
904 121010935  121010935
905 121010985  121010985
906 121011035  121011035
907 121011086  121011086
908 121011136  121011136
909 121011186  121011186
910 121011236  121011236
911 121011287  121011287
912 121011337  121011337
913 121011388  121011388
914 121011438  121011438
915 121011490  121011490
916 121011541  121011541
917 121011592  121011592
918 121011643  121011643
919 121011695  121011695
920 121011746  121011746
921 121011797  121011797
922 121011848  121011848
923 121011898  121011898
924 121011949  121011949
925 121011999  121011999
926 121012049  121012049
927 121012100  121012100
928 121012152  121012152
929 121012204  121012204
930 121012256  121012256
931 121012306  121012306
932 121012357  121012357
933 121012410  121012410
934 121012460  121012460
935 121012512  121012512
936 121012564  121012564
937 121012616  121012616
938 121012668  121012668
939 121012719  121012719
940 121012770  121012770
941 121012822  121012822
942 121012873  121012873
943 121012922  121012922
944 121012973  121012973
945 121013023  121013023
946 121013074  121013074
947 121013125  121013125
948 121013175  121013175
949 121013226  121013226
950 121013278  121013278
951 121013328  121013328
952 121013379  121013379
953 121013431  121013431
954 121013483  121013483
955 121013535  121013535
956 121013585  121013585
957 121013636  121013636
958 121013686  121013686
959 121013737  121013737
960 121013788  121013788
961 121013838  121013838
962 121013888  121013888
963 121013939  121013939
964 121013989  121013989
965 121014040  121014040
966 121014090  121014090
967 121014141  121014141
968 121014193  121014193
969 121014244  121014244
970 121014295  121014295
971 121014346  121014346
972 121014397  121014397
973 121014447  121014447
974 121014498  121014498
975 121014549  121014549
976 121014601  121014601
977 121014652  121014652
978 121014704  121014704
979 121014756  121014756
980 121014807  121014807
981 121014859  121014859
982 121014910  121014910
983 121014960  121014960
984 121015011  121015011
985 121015061  121015061
986 121015111  121015111
987 121015162  121015162
988 121015212  121015212
989 121015263  121015263
990 121015314  121015314
991 121015366  121015366
992 121015419  121015419
993 121015471  121015471
994 121015523  121015523
995 121015575  121015575
996 121015627  121015627
997 121015679  121015679
998 121015732  121015732
999 121015782  121015782
1000 121015832  121015832
1001 121015883  121015883
1002 121015933  121015933
1003 121015984  121015984
1004 121016034  121016034
1005 121016084  121016084
1006 121016135  121016135
1007 121016185  121016185
1008 121016235  121016235
1009 121016285  121016285
1010 121016336  121016336
1011 121016386  121016386
1012 121016436  121016436
1013 121016487  121016487
1014 121016537  121016537
1015 121016588  121016588
1016 121016638  121016638
1017 121016689  121016689
1018 121016739  121016739
1019 121016790  121016790
1020 121016840  121016840
1021 121016891  121016891
1022 121016941  121016941
1023 121016992  121016992
1024 121017043  121017043
1025 121017095  121017095
1026 121017146  121017146
1027 121017197  121017197
1028 121017248  121017248
1029 121017299  121017299
1030 121017349  121017349
1031 121017399  121017399
1032 121017450  121017450
1033 121017501  121017501
1034 121017553  121017553
1035 121017605  121017605
1036 121017656  121017656
1037 121017708  121017708
1038 121017760  121017760
1039 121017811  121017811
1040 121017862  121017862
1041 121017913  121017913
1042 121017963  121017963
1043 121018014  121018014
1044 121018066  121018066
1045 121018117  121018117
1046 121018168  121018168
1047 121018219  121018219
1048 121018271  121018271
1049 121018322  121018322
1050 121018374  121018374
1051 121018425  121018425
1052 121018475  121018475
1053 121018525  121018525
1054 121018576  121018576
1055 121018627  121018627
1056 121018679  121018679
1057 121018729  121018729
1058 121018781  121018781
1059 121018831  121018831
1060 121018883  121018883
1061 121018932  121018932
1062 121018983  121018983
1063 121019035  121019035
1064 121019085  121019085
1065 121019135  121019135
1066 121019186  121019186
1067 121019236  121019236
1068 121019287  121019287
1069 121019337  121019337
1070 121019387  121019387
1071 121019438  121019438
1072 121019488  121019488
1073 121019539  121019539
1074 121019589  121019589
1075 121019639  121019639
1076 121019689  121019689
1077 121019740  121019740
1078 121019790  121019790
1079 121019841  121019841
1080 121019893  121019893
1081 121019943  121019943
1082 121019993  121019993
1083 121020044  121020044
1084 121020094  121020094
1085 121020144  121020144
1086 121020195  121020195
1087 121020246  121020246
1088 121020297  121020297
1089 121020348  121020348
1090 121020400  121020400
1091 121020450  121020450
1092 121020503  121020503
1093 121020554  121020554
1094 121020606  121020606
1095 121020658  121020658
1096 121020708  121020708
1097 121020758  121020758
1098 121020808  121020808
1099 121020860  121020860
1100 121020910  121020910
1101 121020960  121020960
1102 121021011  121021011
1103 121021061  121021061
1104 121021112  121021112
1105 121021164  121021164
1106 121021215  121021215
1107 121021266  121021266
1108 121021318  121021318
1109 121021370  121021370
1110 121021422  121021422
1111 121021472  121021472
1112 121021523  121021523
1113 121021574  121021574
1114 121021626  121021626
1115 121021678  121021678
1116 121021730  121021730
1117 121021783  121021783
1118 121021833  121021833
1119 121021883  121021883
1120 121021933  121021933
1121 121021984  121021984
1122 121022034  121022034
1123 121022084  121022084
1124 121022135  121022135
1125 121022185  121022185
1126 121022235  121022235
1127 121022285  121022285
1128 121022336  121022336
1129 121022386  121022386
1130 121022437  121022437
1131 121022486  121022486
1132 121022537  121022537
1133 121022587  121022587
1134 121022638  121022638
1135 121022688  121022688
1136 121022739  121022739
1137 121022789  121022789
1138 121022839  121022839
1139 121022891  121022891
1140 121022940  121022940
1141 121022990  121022990
1142 121023040  121023040
1143 121023091  121023091
1144 121023141  121023141
1145 121023192  121023192
1146 121023242  121023242
1147 121023293  121023293
1148 121023345  121023345
1149 121023396  121023396
1150 121023447  121023447
1151 121023497  121023497
1152 121023547  121023547
1153 121023599  121023599
1154 121023650  121023650
1155 121023702  121023702
1156 121023754  121023754
1157 121023805  121023805
1158 121023857  121023857
1159 121023907  121023907
1160 121023958  121023958
1161 121024009  121024009
1162 121024059  121024059
1163 121024109  121024109
1164 121024160  121024160
1165 121024211  121024211
1166 121024261  121024261
1167 121024312  121024312
1168 121024363  121024363
1169 121024414  121024414
1170 121024465  121024465
1171 121024517  121024517
1172 121024567  121024567
1173 121024619  121024619
1174 121024670  121024670
1175 121024721  121024721
1176 121024773  121024773
1177 121024825  121024825
1178 121024876  121024876
1179 121024926  121024926
1180 121024977  121024977
1181 121025028  121025028
1182 121025079  121025079
1183 121025130  121025130
1184 121025180  121025180
1185 121025230  121025230
1186 121025281  121025281
1187 121025331  121025331
1188 121025382  121025382
1189 121025435  121025435
1190 121025485  121025485
1191 121025536  121025536
1192 121025586  121025586
1193 121025636  121025636
1194 121025687  121025687
1195 121025737  121025737
1196 121025787  121025787
1197 121025838  121025838
1198 121025889  121025889
1199 121025939  121025939
1200 121025989  121025989
1201 121026040  121026040
1202 121026090  121026090
1203 121026141  121026141
1204 121026192  121026192
1205 121026242  121026242
1206 121026292  121026292
1207 121026343  121026343
1208 121026394  121026394
1209 121026445  121026445
1210 121026496  121026496
1211 121026547  121026547
1212 121026598  121026598
1213 121026649  121026649
1214 121026701  121026701
1215 121026752  121026752
1216 121026804  121026804
1217 121026856  121026856
1218 121026907  121026907
1219 121026957  121026957
1220 121027008  121027008
1221 121027059  121027059
1222 121027109  121027109
1223 121027160  121027160
1224 121027211  121027211
1225 121027263  121027263
1226 121027314  121027314
1227 121027366  121027366
1228 121027416  121027416
1229 121027467  121027467
1230 121027517  121027517
1231 121027568  121027568
1232 121027619  121027619
1233 121027669  121027669
1234 121027721  121027721
1235 121027771  121027771
1236 121027823  121027823
1237 121027873  121027873
1238 121027924  121027924
1239 121027974  121027974
1240 121028026  121028026
1241 121028077  121028077
1242 121028127  121028127
1243 121028178  121028178
1244 121028231  121028231
1245 121028281  121028281
1246 121028332  121028332
1247 121028383  121028383
1248 121028434  121028434
1249 121028485  121028485
1250 121028535  121028535
1251 121028585  121028585
1252 121028636  121028636
1253 121028686  121028686
1254 121028736  121028736
1255 121028787  121028787
1256 121028837  121028837
1257 121028890  121028890
1258 121028938  121028938
1259 121028989  121028989
1260 121029039  121029039
1261 121029089  121029089
1262 121029140  121029140
1263 121029190  121029190
1264 121029241  121029241
1265 121029291  121029291
1266 121029342  121029342
1267 121029393  121029393
1268 121029444  121029444
1269 121029495  121029495
1270 121029547  121029547
1271 121029598  121029598
1272 121029648  121029648
1273 121029698  121029698
1274 121029749  121029749
1275 121029799  121029799
1276 121029851  121029851
1277 121029901  121029901
1278 121029951  121029951
1279 121030002  121030002
1280 121030065  121030065
1281 121030105  121030105
1282 121030155  121030155
1283 121030206  121030206
1284 121030257  121030257
1285 121030307  121030307
1286 121030358  121030358
1287 121030410  121030410
1288 121030461  121030461
1289 121030512  121030512
1290 121030564  121030564
1291 121030616  121030616
1292 121030668  121030668
1293 121030720  121030720
1294 121030771  121030771
1295 121030821  121030821
1296 121030873  121030873
1297 121030923  121030923
1298 121030973  121030973
1299 121031026  121031026
1300 121031076  121031076
1301 121031127  121031127
1302 121031177  121031177
1303 121031228  121031228
1304 121031278  121031278
1305 121031328  121031328
1306 121031379  121031379
1307 121031429  121031429
1308 121031481  121031481
1309 121031533  121031533
1310 121031584  121031584
1311 121031634  121031634
1312 121031685  121031685
1313 121031735  121031735
1314 121031786  121031786
1315 121031836  121031836
1316 121031889  121031889
1317 121031939  121031939
1318 121031989  121031989
1319 121032040  121032040
1320 121032090  121032090
1321 121032140  121032140
1322 121032191  121032191
1323 121032241  121032241
1324 121032292  121032292
1325 121032343  121032343
1326 121032394  121032394
1327 121032445  121032445
1328 121032497  121032497
1329 121032548  121032548
1330 121032599  121032599
1331 121032650  121032650
1332 121032701  121032701
1333 121032753  121032753
1334 121032805  121032805
1335 121032857  121032857
1336 121032907  121032907
1337 121032958  121032958
1338 121033008  121033008
1339 121033058  121033058
1340 121033110  121033110
1341 121033160  121033160
1342 121033210  121033210
1343 121033262  121033262
1344 121033313  121033313
1345 121033364  121033364
1346 121033415  121033415
1347 121033466  121033466
1348 121033517  121033517
1349 121033567  121033567
1350 121033618  121033618
1351 121033670  121033670
1352 121033722  121033722
1353 121033774  121033774
1354 121033826  121033826
1355 121033878  121033878
1356 121033928  121033928
1357 121033979  121033979
1358 121034029  121034029
1359 121034080  121034080
1360 121034130  121034130
1361 121034180  121034180
1362 121034231  121034231
1363 121034281  121034281
1364 121034332  121034332
1365 121034383  121034383
1366 121034435  121034435
1367 121034485  121034485
1368 121034536  121034536
1369 121034586  121034586
1370 121034636  121034636
1371 121034687  121034687
1372 121034737  121034737
1373 121034787  121034787
