1 121358357 121358310 121358357
2 121358407  121358407
3 121358457  121358457
4 121358507  121358507
5 121358559  121358559
6 121358611  121358611
7 121358661  121358661
8 121358712  121358712
9 121358764  121358764
10 121358816  121358816
11 121358866  121358866
12 121358916  121358916
13 121358966  121358966
14 121359018  121359018
15 121359068  121359068
16 121359119  121359119
17 121359169  121359169
18 121359221  121359221
19 121359271  121359271
20 121359321  121359321
21 121359373  121359373
22 121359423  121359423
23 121359473  121359473
24 121359524  121359524
25 121359575  121359575
26 121359627  121359627
27 121359679  121359679
28 121359731  121359731
29 121359783  121359783
30 121359835  121359835
31 121359885  121359885
32 121359935  121359935
33 121359985  121359985
34 121400036  121400036
35 121400086  121400086
36 121400136  121400136
37 121400187  121400187
38 121400237  121400237
39 121400287  121400287
40 121400338  121400338
41 121400388  121400388
42 121400439  121400439
43 121400489  121400489
44 121400539  121400539
45 121400590  121400590
46 121400640  121400640
47 121400691  121400691
48 121400741  121400741
49 121400791  121400791
50 121400843  121400843
51 121400894  121400894
52 121400945  121400945
53 121400996  121400996
54 121401047  121401047
55 121401098  121401098
56 121401150  121401150
57 121401201  121401201
58 121401251  121401251
59 121401302  121401302
60 121401354  121401354
61 121401406  121401406
62 121401457  121401457
63 121401507  121401507
64 121401559  121401559
65 121401611  121401611
66 121401662  121401662
67 121401713  121401713
68 121401765  121401765
69 121401816  121401816
70 121401868  121401868
71 121401918  121401918
72 121401969  121401969
73 121402021  121402021
74 121402073  121402073
75 121402125  121402125
76 121402175  121402175
77 121402226  121402226
78 121402276  121402276
79 121402328  121402328
80 121402378  121402378
81 121402430  121402430
82 121402482  121402482
83 121402532  121402532
84 121402583  121402583
85 121402634  121402634
86 121402684  121402684
87 121402734  121402734
88 121402784  121402784
89 121402835  121402835
90 121402885  121402885
91 121402935  121402935
92 121402986  121402986
93 121403036  121403036
94 121403086  121403086
95 121403136  121403136
96 121403187  121403187
97 121403237  121403237
98 121403287  121403287
99 121403338  121403338
100 121403388  121403388
101 121403439  121403439
102 121403489  121403489
103 121403539  121403539
104 121403589  121403589
105 121403640  121403640
106 121403690  121403690
107 121403740  121403740
108 121403791  121403791
109 121403841  121403841
110 121403892  121403892
111 121403942  121403942
112 121403993  121403993
113 121404044  121404044
114 121404095  121404095
115 121404145  121404145
116 121404196  121404196
117 121404246  121404246
118 121404297  121404297
119 121404347  121404347
120 121404398  121404398
121 121404448  121404448
122 121404500  121404500
123 121404551  121404551
124 121404602  121404602
125 121404652  121404652
126 121404703  121404703
127 121404753  121404753
128 121404804  121404804
129 121404854  121404854
130 121404904  121404904
131 121404954  121404954
132 121405005  121405005
133 121405055  121405055
134 121405105  121405105
135 121405156  121405156
136 121405206  121405206
137 121405256  121405256
138 121405307  121405307
139 121405357  121405357
140 121405407  121405407
141 121405458  121405458
142 121405508  121405508
143 121405559  121405559
144 121405609  121405609
145 121405660  121405660
146 121405710  121405710
147 121405761  121405761
148 121405811  121405811
149 121405861  121405861
150 121405912  121405912
151 121405962  121405962
152 121406013  121406013
153 121406063  121406063
154 121406113  121406113
155 121406164  121406164
156 121406215  121406215
157 121406265  121406265
158 121406315  121406315
159 121406366  121406366
160 121406416  121406416
161 121406466  121406466
162 121406517  121406517
163 121406567  121406567
164 121406618  121406618
165 121406668  121406668
166 121406718  121406718
167 121406770  121406770
168 121406821  121406821
169 121406873  121406873
170 121406924  121406924
171 121406976  121406976
172 121407028  121407028
173 121407078  121407078
174 121407129  121407129
175 121407180  121407180
176 121407231  121407231
177 121407281  121407281
178 121407331  121407331
179 121407382  121407382
180 121407434  121407434
181 121407485  121407485
182 121407535  121407535
183 121407586  121407586
184 121407636  121407636
185 121407686  121407686
186 121407737  121407737
187 121407787  121407787
188 121407837  121407837
189 121407888  121407888
190 121407938  121407938
191 121407989  121407989
192 121408039  121408039
193 121408089  121408089
194 121408140  121408140
195 121408191  121408191
196 121408241  121408241
197 121408292  121408292
198 121408343  121408343
199 121408394  121408394
200 121408445  121408445
201 121408498  121408498
202 121408549  121408549
203 121408599  121408599
204 121408650  121408650
205 121408700  121408700
206 121408751  121408751
207 121408802  121408802
208 121408853  121408853
209 121408904  121408904
210 121408955  121408955
211 121409006  121409006
212 121409058  121409058
213 121409108  121409108
214 121409158  121409158
215 121409210  121409210
216 121409260  121409260
217 121409310  121409310
218 121409362  121409362
219 121409415  121409415
220 121409467  121409467
221 121409518  121409518
222 121409568  121409568
223 121409620  121409620
224 121409672  121409672
225 121409724  121409724
226 121409775  121409775
227 121409827  121409827
228 121409879  121409879
229 121409930  121409930
230 121409983  121409983
231 121410035  121410035
232 121410086  121410086
233 121410136  121410136
234 121410186  121410186
235 121410236  121410236
236 121410286  121410286
237 121410337  121410337
238 121410387  121410387
239 121410437  121410437
240 121410488  121410488
241 121410538  121410538
242 121410588  121410588
243 121410639  121410639
244 121410689  121410689
245 121410740  121410740
246 121410790  121410790
247 121410841  121410841
248 121410891  121410891
249 121410942  121410942
250 121410992  121410992
251 121411043  121411043
252 121411094  121411094
253 121411146  121411146
254 121411196  121411196
255 121411247  121411247
256 121411296  121411296
257 121411347  121411347
258 121411398  121411398
259 121411448  121411448
260 121411500  121411500
261 121411550  121411550
262 121411601  121411601
263 121411651  121411651
264 121411703  121411703
265 121411754  121411754
266 121411805  121411805
267 121411857  121411857
268 121411909  121411909
269 121411960  121411960
270 121412012  121412012
271 121412063  121412063
272 121412115  121412115
273 121412167  121412167
274 121412217  121412217
275 121412267  121412267
276 121412318  121412318
277 121412368  121412368
278 121412418  121412418
279 121412469  121412469
280 121412519  121412519
281 121412570  121412570
282 121412621  121412621
283 121412671  121412671
284 121412723  121412723
285 121412776  121412776
286 121412827  121412827
287 121412880  121412880
288 121412930  121412930
289 121412980  121412980
290 121413033  121413033
291 121413084  121413084
292 121413135  121413135
293 121413185  121413185
294 121413236  121413236
295 121413286  121413286
296 121413336  121413336
297 121413386  121413386
298 121413437  121413437
299 121413487  121413487
300 121413537  121413537
301 121413587  121413587
302 121413638  121413638
303 121413688  121413688
304 121413739  121413739
305 121413789  121413789
306 121413840  121413840
307 121413890  121413890
308 121413940  121413940
309 121413991  121413991
310 121414042  121414042
311 121414093  121414093
312 121414144  121414144
313 121414196  121414196
314 121414247  121414247
315 121414297  121414297
316 121414348  121414348
317 121414399  121414399
318 121414450  121414450
319 121414500  121414500
320 121414552  121414552
321 121414603  121414603
322 121414653  121414653
323 121414704  121414704
324 121414754  121414754
325 121414807  121414807
326 121414858  121414858
327 121414910  121414910
328 121414962  121414962
329 121415014  121415014
330 121415066  121415066
331 121415118  121415118
332 121415170  121415170
333 121415221  121415221
334 121415272  121415272
335 121415322  121415322
336 121415373  121415373
337 121415424  121415424
338 121415476  121415476
339 121415527  121415527
340 121415579  121415579
341 121415630  121415630
342 121415681  121415681
343 121415731  121415731
344 121415783  121415783
345 121415834  121415834
346 121415885  121415885
347 121415935  121415935
348 121415986  121415986
349 121416036  121416036
350 121416086  121416086
351 121416137  121416137
352 121416187  121416187
353 121416238  121416238
354 121416288  121416288
355 121416338  121416338
356 121416388  121416388
357 121416438  121416438
358 121416489  121416489
359 121416540  121416540
360 121416590  121416590
361 121416641  121416641
362 121416691  121416691
363 121416741  121416741
364 121416792  121416792
365 121416843  121416843
366 121416894  121416894
367 121416945  121416945
368 121416997  121416997
369 121417048  121417048
370 121417099  121417099
371 121417151  121417151
372 121417203  121417203
373 121417253  121417253
374 121417304  121417304
375 121417355  121417355
376 121417407  121417407
377 121417458  121417458
378 121417508  121417508
379 121417558  121417558
380 121417609  121417609
381 121417659  121417659
382 121417709  121417709
383 121417760  121417760
384 121417810  121417810
385 121417862  121417862
386 121417913  121417913
387 121417965  121417965
388 121418015  121418015
389 121418066  121418066
390 121418117  121418117
391 121418168  121418168
392 121418219  121418219
393 121418270  121418270
394 121418323  121418323
395 121418373  121418373
396 121418421  121418421
397 121418473  121418473
398 121418523  121418523
399 121418575  121418575
400 121418627  121418627
401 121418678  121418678
402 121418730  121418730
403 121418780  121418780
404 121418831  121418831
405 121418882  121418882
406 121418932  121418932
407 121418984  121418984
408 121419034  121419034
409 121419084  121419084
410 121419135  121419135
411 121419185  121419185
412 121419235  121419235
413 121419285  121419285
414 121419336  121419336
415 121419386  121419386
416 121419437  121419437
417 121419487  121419487
418 121419538  121419538
419 121419588  121419588
420 121419639  121419639
421 121419689  121419689
422 121419739  121419739
423 121419790  121419790
424 121419840  121419840
425 121419891  121419891
426 121419941  121419941
427 121419992  121419992
428 121420043  121420043
429 121420095  121420095
430 121420146  121420146
431 121420197  121420197
432 121420248  121420248
433 121420298  121420298
434 121420348  121420348
435 121420400  121420400
436 121420450  121420450
437 121420501  121420501
438 121420552  121420552
439 121420603  121420603
440 121420654  121420654
441 121420706  121420706
442 121420757  121420757
443 121420808  121420808
444 121420859  121420859
445 121420911  121420911
446 121420963  121420963
447 121421013  121421013
448 121421063  121421063
449 121421114  121421114
450 121421167  121421167
451 121421219  121421219
452 121421269  121421269
453 121421319  121421319
454 121421371  121421371
455 121421421  121421421
456 121421473  121421473
457 121421524  121421524
458 121421576  121421576
459 121421628  121421628
460 121421679  121421679
461 121421731  121421731
462 121421783  121421783
463 121421835  121421835
464 121421885  121421885
465 121421935  121421935
466 121421986  121421986
467 121422036  121422036
468 121422086  121422086
469 121422137  121422137
470 121422187  121422187
471 121422238  121422238
472 121422289  121422289
473 121422339  121422339
474 121422389  121422389
475 121422439  121422439
476 121422490  121422490
477 121422540  121422540
478 121422591  121422591
479 121422641  121422641
480 121422692  121422692
481 121422742  121422742
482 121422793  121422793
483 121422845  121422845
484 121422896  121422896
485 121422947  121422947
486 121422998  121422998
487 121423050  121423050
488 121423100  121423100
489 121423152  121423152
490 121423202  121423202
491 121423254  121423254
492 121423304  121423304
493 121423356  121423356
494 121423407  121423407
495 121423459  121423459
496 121423509  121423509
497 121423560  121423560
498 121423611  121423611
499 121423662  121423662
500 121423714  121423714
501 121423766  121423766
502 121423817  121423817
503 121423868  121423868
504 121423919  121423919
505 121423969  121423969
506 121424020  121424020
507 121424070  121424070
508 121424122  121424122
509 121424173  121424173
510 121424225  121424225
511 121424275  121424275
512 121424326  121424326
513 121424376  121424376
514 121424427  121424427
515 121424479  121424479
516 121424530  121424530
517 121424583  121424583
518 121424635  121424635
519 121424685  121424685
520 121424736  121424736
521 121424786  121424786
522 121424836  121424836
523 121424887  121424887
524 121424937  121424937
525 121424987  121424987
526 121425038  121425038
527 121425088  121425088
528 121425139  121425139
529 121425189  121425189
530 121425240  121425240
531 121425290  121425290
532 121425341  121425341
533 121425391  121425391
534 121425442  121425442
535 121425493  121425493
536 121425545  121425545
537 121425595  121425595
538 121425646  121425646
539 121425697  121425697
540 121425748  121425748
541 121425798  121425798
542 121425849  121425849
543 121425900  121425900
544 121425951  121425951
545 121426001  121426001
546 121426053  121426053
547 121426104  121426104
548 121426156  121426156
549 121426206  121426206
550 121426257  121426257
551 121426307  121426307
552 121426358  121426358
553 121426408  121426408
554 121426459  121426459
555 121426509  121426509
556 121426559  121426559
557 121426611  121426611
558 121426663  121426663
559 121426715  121426715
560 121426767  121426767
561 121426818  121426818
562 121426868  121426868
563 121426918  121426918
564 121426969  121426969
565 121427021  121427021
566 121427073  121427073
567 121427125  121427125
568 121427178  121427178
569 121427228  121427228
570 121427278  121427278
571 121427329  121427329
572 121427379  121427379
573 121427430  121427430
574 121427482  121427482
575 121427532  121427532
576 121427582  121427582
577 121427632  121427632
578 121427683  121427683
579 121427734  121427734
580 121427784  121427784
581 121427835  121427835
582 121427886  121427886
583 121427936  121427936
584 121427986  121427986
585 121428036  121428036
586 121428087  121428087
587 121428137  121428137
588 121428188  121428188
589 121428238  121428238
590 121428289  121428289
591 121428339  121428339
592 121428389  121428389
593 121428440  121428440
594 121428491  121428491
595 121428542  121428542
596 121428592  121428592
597 121428642  121428642
598 121428692  121428692
599 121428744  121428744
600 121428795  121428795
601 121428846  121428846
602 121428897  121428897
603 121428949  121428949
604 121429000  121429000
605 121429050  121429050
606 121429102  121429102
607 121429153  121429153
608 121429205  121429205
609 121429256  121429256
610 121429306  121429306
611 121429357  121429357
612 121429408  121429408
613 121429460  121429460
614 121429510  121429510
615 121429561  121429561
616 121429613  121429613
617 121429664  121429664
618 121429716  121429716
619 121429767  121429767
620 121429817  121429817
621 121429867  121429867
622 121429918  121429918
623 121429970  121429970
624 121430022  121430022
625 121430074  121430074
626 121430126  121430126
627 121430177  121430177
628 121430229  121430229
629 121430279  121430279
630 121430329  121430329
631 121430380  121430380
632 121430431  121430431
633 121430483  121430483
634 121430535  121430535
635 121430585  121430585
636 121430636  121430636
637 121430686  121430686
638 121430735  121430735
639 121430786  121430786
640 121430836  121430836
641 121430886  121430886
642 121430937  121430937
643 121430987  121430987
644 121431038  121431038
645 121431088  121431088
646 121431139  121431139
647 121431189  121431189
648 121431240  121431240
649 121431290  121431290
650 121431340  121431340
651 121431391  121431391
652 121431441  121431441
653 121431492  121431492
654 121431542  121431542
655 121431593  121431593
656 121431644  121431644
657 121431695  121431695
658 121431779  121431779
659 121431830  121431830
660 121431881  121431881
661 121431931  121431931
662 121431983  121431983
663 121432033  121432033
664 121432084  121432084
665 121432134  121432134
666 121432185  121432185
667 121432235  121432235
668 121432286  121432286
669 121432336  121432336
670 121432386  121432386
671 121432437  121432437
672 121432487  121432487
673 121432538  121432538
674 121432589  121432589
675 121432639  121432639
676 121432690  121432690
677 121432740  121432740
678 121432791  121432791
679 121432842  121432842
680 121432894  121432894
681 121432944  121432944
682 121432994  121432994
683 121433045  121433045
684 121433096  121433096
685 121433147  121433147
686 121433198  121433198
687 121433249  121433249
688 121433299  121433299
689 121433349  121433349
690 121433400  121433400
691 121433450  121433450
692 121433502  121433502
693 121433553  121433553
694 121433605  121433605
695 121433657  121433657
696 121433709  121433709
697 121433761  121433761
698 121433812  121433812
699 121433863  121433863
700 121433916  121433916
701 121433966  121433966
702 121434017  121434017
703 121434067  121434067
704 121434118  121434118
705 121434168  121434168
706 121434219  121434219
707 121434269  121434269
708 121434320  121434320
709 121434370  121434370
710 121434420  121434420
711 121434472  121434472
712 121434523  121434523
713 121434576  121434576
714 121434626  121434626
715 121434678  121434678
716 121434729  121434729
717 121434779  121434779
718 121434831  121434831
719 121434883  121434883
720 121434934  121434934
721 121434985  121434985
722 121435035  121435035
723 121435085  121435085
724 121435135  121435135
725 121435187  121435187
726 121435237  121435237
727 121435288  121435288
728 121435338  121435338
729 121435388  121435388
730 121435439  121435439
731 121435489  121435489
732 121435540  121435540
733 121435590  121435590
734 121435641  121435641
735 121435691  121435691
736 121435742  121435742
737 121435794  121435794
738 121435845  121435845
739 121435896  121435896
740 121435947  121435947
741 121435999  121435999
742 121436050  121436050
743 121436101  121436101
744 121436152  121436152
745 121436202  121436202
746 121436252  121436252
747 121436303  121436303
748 121436353  121436353
749 121436405  121436405
750 121436456  121436456
751 121436508  121436508
752 121436559  121436559
753 121436611  121436611
754 121436664  121436664
755 121436715  121436715
756 121436767  121436767
757 121436817  121436817
758 121436869  121436869
759 121436919  121436919
760 121436971  121436971
761 121437023  121437023
762 121437075  121437075
763 121437127  121437127
764 121437180  121437180
765 121437233  121437233
766 121437283  121437283
767 121437333  121437333
768 121437384  121437384
769 121437434  121437434
770 121437485  121437485
771 121437535  121437535
772 121437585  121437585
773 121437637  121437637
774 121437687  121437687
775 121437737  121437737
776 121437788  121437788
777 121437838  121437838
778 121437889  121437889
779 121437939  121437939
780 121437990  121437990
781 121438040  121438040
782 121438091  121438091
783 121438142  121438142
784 121438194  121438194
785 121438245  121438245
786 121438295  121438295
787 121438346  121438346
788 121438397  121438397
789 121438448  121438448
790 121438499  121438499
791 121438550  121438550
792 121438602  121438602
793 121438654  121438654
794 121438706  121438706
795 121438758  121438758
796 121438808  121438808
797 121438859  121438859
798 121438909  121438909
799 121438961  121438961
800 121439013  121439013
801 121439065  121439065
802 121439116  121439116
803 121439167  121439167
804 121439218  121439218
805 121439270  121439270
806 121439320  121439320
807 121439370  121439370
808 121439421  121439421
809 121439473  121439473
810 121439525  121439525
811 121439577  121439577
812 121439630  121439630
813 121439682  121439682
814 121439734  121439734
815 121439784  121439784
816 121439834  121439834
817 121439886  121439886
818 121439936  121439936
819 121439986  121439986
820 121440037  121440037
821 121440087  121440087
822 121440138  121440138
823 121440188  121440188
824 121440239  121440239
825 121440289  121440289
826 121440339  121440339
827 121440390  121440390
828 121440441  121440441
829 121440491  121440491
830 121440543  121440543
831 121440594  121440594
832 121440646  121440646
833 121440697  121440697
834 121440747  121440747
835 121440799  121440799
836 121440850  121440850
837 121440901  121440901
838 121440952  121440952
839 121441004  121441004
840 121441055  121441055
841 121441107  121441107
842 121441159  121441159
843 121441210  121441210
844 121441261  121441261
845 121441311  121441311
846 121441361  121441361
847 121441412  121441412
848 121441462  121441462
849 121441513  121441513
850 121441565  121441565
851 121441617  121441617
852 121441669  121441669
853 121441721  121441721
854 121441771  121441771
855 121441823  121441823
856 121441874  121441874
857 121441925  121441925
858 121441977  121441977
859 121442029  121442029
860 121442081  121442081
861 121442131  121442131
862 121442183  121442183
863 121442233  121442233
864 121442283  121442283
865 121442333  121442333
866 121442384  121442384
867 121442434  121442434
868 121442484  121442484
869 121442534  121442534
870 121442585  121442585
871 121442635  121442635
872 121442686  121442686
873 121442735  121442735
874 121442786  121442786
875 121442836  121442836
876 121442886  121442886
877 121442936  121442936
878 121442987  121442987
879 121443037  121443037
880 121443088  121443088
881 121443138  121443138
882 121443189  121443189
883 121443239  121443239
884 121443290  121443290
885 121443340  121443340
886 121443391  121443391
887 121443442  121443442
888 121443493  121443493
889 121443545  121443545
890 121443595  121443595
891 121443645  121443645
892 121443696  121443696
893 121443749  121443749
894 121443799  121443799
895 121443851  121443851
896 121443902  121443902
897 121443954  121443954
898 121444005  121444005
899 121444056  121444056
900 121444107  121444107
901 121444159  121444159
902 121444209  121444209
903 121444260  121444260
904 121444310  121444310
905 121444361  121444361
906 121444411  121444411
907 121444462  121444462
908 121444514  121444514
909 121444565  121444565
910 121444617  121444617
911 121444669  121444669
912 121444719  121444719
913 121444769  121444769
914 121444820  121444820
915 121444872  121444872
916 121444922  121444922
917 121444974  121444974
918 121445026  121445026
919 121445077  121445077
920 121445127  121445127
921 121445178  121445178
922 121445230  121445230
923 121445281  121445281
924 121445331  121445331
925 121445381  121445381
926 121445433  121445433
927 121445484  121445484
928 121445535  121445535
929 121445585  121445585
930 121445635  121445635
931 121445686  121445686
932 121445736  121445736
933 121445786  121445786
934 121445836  121445836
935 121445886  121445886
936 121445937  121445937
937 121445987  121445987
938 121446037  121446037
939 121446088  121446088
940 121446138  121446138
941 121446189  121446189
942 121446239  121446239
943 121446289  121446289
944 121446340  121446340
945 121446392  121446392
946 121446443  121446443
947 121446491  121446491
948 121446541  121446541
949 121446591  121446591
950 121446642  121446642
951 121446693  121446693
952 121446745  121446745
953 121446796  121446796
954 121446847  121446847
955 121446897  121446897
956 121446947  121446947
957 121446998  121446998
958 121447049  121447049
959 121447099  121447099
960 121447150  121447150
961 121447200  121447200
962 121447252  121447252
963 121447302  121447302
964 121447352  121447352
965 121447403  121447403
966 121447454  121447454
967 121447506  121447506
968 121447556  121447556
969 121447608  121447608
970 121447660  121447660
971 121447712  121447712
972 121447764  121447764
973 121447816  121447816
974 121447866  121447866
975 121447918  121447918
976 121447968  121447968
977 121448018  121448018
978 121448068  121448068
979 121448119  121448119
980 121448169  121448169
981 121448220  121448220
982 121448270  121448270
983 121448320  121448320
984 121448371  121448371
985 121448421  121448421
986 121448472  121448472
987 121448523  121448523
988 121448574  121448574
989 121448626  121448626
990 121448676  121448676
991 121448727  121448727
992 121448778  121448778
993 121448831  121448831
994 121448883  121448883
995 121448934  121448934
996 121448985  121448985
997 121449035  121449035
998 121449085  121449085
999 121449135  121449135
1000 121449185  121449185
1001 121449236  121449236
1002 121449287  121449287
1003 121449337  121449337
1004 121449387  121449387
1005 121449437  121449437
1006 121449488  121449488
1007 121449538  121449538
1008 121449589  121449589
1009 121449639  121449639
1010 121449690  121449690
1011 121449740  121449740
1012 121449791  121449791
1013 121449841  121449841
1014 121449891  121449891
1015 121449943  121449943
1016 121449994  121449994
1017 121450045  121450045
1018 121450096  121450096
1019 121450147  121450147
1020 121450198  121450198
1021 121450248  121450248
1022 121450298  121450298
1023 121450348  121450348
1024 121450399  121450399
1025 121450449  121450449
1026 121450500  121450500
1027 121450551  121450551
1028 121450603  121450603
1029 121450654  121450654
1030 121450706  121450706
1031 121450757  121450757
1032 121450809  121450809
1033 121450859  121450859
1034 121450911  121450911
1035 121450963  121450963
1036 121451014  121451014
1037 121451066  121451066
1038 121451117  121451117
1039 121451168  121451168
1040 121451218  121451218
1041 121451269  121451269
1042 121451319  121451319
1043 121451369  121451369
1044 121451420  121451420
1045 121451472  121451472
1046 121451524  121451524
1047 121451575  121451575
1048 121451627  121451627
1049 121451680  121451680
1050 121451731  121451731
1051 121451782  121451782
1052 121451834  121451834
1053 121451885  121451885
1054 121451935  121451935
1055 121451986  121451986
1056 121452036  121452036
1057 121452086  121452086
1058 121452136  121452136
1059 121452187  121452187
1060 121452237  121452237
1061 121452289  121452289
1062 121452338  121452338
1063 121452388  121452388
1064 121452439  121452439
1065 121452489  121452489
1066 121452540  121452540
1067 121452590  121452590
1068 121452641  121452641
1069 121452692  121452692
1070 121452743  121452743
1071 121452794  121452794
1072 121452845  121452845
1073 121452896  121452896
1074 121452947  121452947
1075 121452999  121452999
1076 121453049  121453049
1077 121453100  121453100
1078 121453150  121453150
1079 121453201  121453201
1080 121453251  121453251
1081 121453302  121453302
1082 121453352  121453352
1083 121453402  121453402
1084 121453453  121453453
1085 121453503  121453503
1086 121453555  121453555
1087 121453605  121453605
1088 121453656  121453656
1089 121453708  121453708
1090 121453760  121453760
1091 121453812  121453812
1092 121453864  121453864
1093 121453915  121453915
1094 121453967  121453967
1095 121454018  121454018
1096 121454068  121454068
1097 121454119  121454119
1098 121454170  121454170
1099 121454222  121454222
1100 121454273  121454273
1101 121454323  121454323
1102 121454374  121454374
1103 121454424  121454424
1104 121454474  121454474
1105 121454526  121454526
1106 121454576  121454576
1107 121454628  121454628
1108 121454680  121454680
1109 121454730  121454730
1110 121454782  121454782
1111 121454833  121454833
1112 121454885  121454885
1113 121454935  121454935
1114 121454985  121454985
1115 121455035  121455035
1116 121455086  121455086
1117 121455136  121455136
1118 121455187  121455187
1119 121455237  121455237
1120 121455287  121455287
1121 121455338  121455338
1122 121455388  121455388
1123 121455439  121455439
1124 121455489  121455489
1125 121455539  121455539
1126 121455589  121455589
1127 121455640  121455640
1128 121455690  121455690
1129 121455741  121455741
1130 121455792  121455792
1131 121455842  121455842
1132 121455894  121455894
1133 121455945  121455945
1134 121455996  121455996
1135 121456047  121456047
1136 121456097  121456097
1137 121456148  121456148
1138 121456200  121456200
1139 121456250  121456250
1140 121456301  121456301
1141 121456351  121456351
1142 121456401  121456401
1143 121456453  121456453
1144 121456504  121456504
1145 121456555  121456555
1146 121456606  121456606
1147 121456656  121456656
1148 121456706  121456706
1149 121456758  121456758
1150 121456809  121456809
1151 121456859  121456859
1152 121456911  121456911
1153 121456963  121456963
1154 121457015  121457015
1155 121457067  121457067
1156 121457119  121457119
1157 121457171  121457171
1158 121457224  121457224
1159 121457275  121457275
1160 121457326  121457326
1161 121457376  121457376
1162 121457427  121457427
1163 121457478  121457478
1164 121457528  121457528
1165 121457580  121457580
1166 121457632  121457632
1167 121457684  121457684
1168 121457735  121457735
1169 121457785  121457785
1170 121457835  121457835
1171 121457886  121457886
1172 121457936  121457936
1173 121457986  121457986
1174 121458037  121458037
1175 121458087  121458087
1176 121458139  121458139
1177 121458190  121458190
1178 121458240  121458240
1179 121458291  121458291
1180 121458342  121458342
1181 121458392  121458392
1182 121458443  121458443
1183 121458494  121458494
1184 121458544  121458544
1185 121458596  121458596
1186 121458647  121458647
1187 121458698  121458698
1188 121458749  121458749
1189 121458799  121458799
1190 121458849  121458849
1191 121458900  121458900
1192 121458952  121458952
1193 121459004  121459004
1194 121459055  121459055
1195 121459105  121459105
1196 121459155  121459155
1197 121459206  121459206
1198 121459256  121459256
1199 121459306  121459306
1200 121459357  121459357
1201 121459407  121459407
1202 121459458  121459458
1203 121459508  121459508
1204 121459559  121459559
1205 121459609  121459609
1206 121459660  121459660
1207 121459712  121459712
1208 121459764  121459764
1209 121459815  121459815
1210 121459865  121459865
1211 121459917  121459917
1212 121459968  121459968
1213 121500018  121500018
1214 121500069  121500069
1215 121500119  121500119
1216 121500170  121500170
1217 121500221  121500221
1218 121500272  121500272
1219 121500322  121500322
1220 121500373  121500373
1221 121500424  121500424
1222 121500474  121500474
1223 121500525  121500525
1224 121500575  121500575
1225 121500628  121500628
1226 121500679  121500679
1227 121500730  121500730
1228 121500781  121500781
1229 121500831  121500831
1230 121500881  121500881
1231 121500933  121500933
1232 121500983  121500983
1233 121501035  121501035
1234 121501086  121501086
1235 121501136  121501136
1236 121501186  121501186
1237 121501236  121501236
1238 121501287  121501287
1239 121501337  121501337
1240 121501387  121501387
1241 121501438  121501438
1242 121501488  121501488
1243 121501539  121501539
1244 121501589  121501589
1245 121501640  121501640
1246 121501690  121501690
1247 121501741  121501741
1248 121501791  121501791
1249 121501841  121501841
1250 121501892  121501892
1251 121501942  121501942
1252 121501992  121501992
1253 121502044  121502044
1254 121502095  121502095
1255 121502146  121502146
1256 121502197  121502197
1257 121502248  121502248
1258 121502302  121502302
1259 121502350  121502350
1260 121502400  121502400
1261 121502450  121502450
1262 121502501  121502501
1263 121502551  121502551
1264 121502603  121502603
1265 121502655  121502655
1266 121502706  121502706
1267 121502758  121502758
1268 121502809  121502809
1269 121502860  121502860
1270 121502912  121502912
1271 121502964  121502964
1272 121503014  121503014
1273 121503064  121503064
1274 121503116  121503116
1275 121503167  121503167
1276 121503218  121503218
1277 121503268  121503268
1278 121503319  121503319
1279 121503369  121503369
1280 121503420  121503420
1281 121503470  121503470
1282 121503521  121503521
1283 121503573  121503573
1284 121503625  121503625
1285 121503677  121503677
1286 121503729  121503729
1287 121503782  121503782
1288 121503834  121503834
1289 121503885  121503885
1290 121503935  121503935
1291 121503985  121503985
1292 121504035  121504035
1293 121504086  121504086
1294 121504136  121504136
1295 121504186  121504186
1296 121504237  121504237
1297 121504287  121504287
1298 121504338  121504338
1299 121504388  121504388
1300 121504438  121504438
1301 121504489  121504489
1302 121504539  121504539
1303 121504590  121504590
1304 121504641  121504641
1305 121504691  121504691
1306 121504742  121504742
1307 121504794  121504794
1308 121504845  121504845
1309 121504897  121504897
1310 121504948  121504948
1311 121505000  121505000
1312 121505050  121505050
1313 121505101  121505101
1314 121505153  121505153
1315 121505205  121505205
1316 121505257  121505257
1317 121505308  121505308
1318 121505358  121505358
1319 121505408  121505408
1320 121505460  121505460
1321 121505512  121505512
1322 121505564  121505564
1323 121505615  121505615
1324 121505667  121505667
1325 121505719  121505719
1326 121505772  121505772
1327 121505824  121505824
1328 121505876  121505876
1329 121505927  121505927
1330 121505978  121505978
1331 121506030  121506030
1332 121506083  121506083
1333 121506134  121506134
1334 121506184  121506184
1335 121506235  121506235
1336 121506286  121506286
1337 121506336  121506336
1338 121506386  121506386
1339 121506437  121506437
1340 121506487  121506487
1341 121506538  121506538
1342 121506588  121506588
1343 121506639  121506639
1344 121506689  121506689
1345 121506740  121506740
1346 121506790  121506790
1347 121506841  121506841
1348 121506891  121506891
1349 121506943  121506943
1350 121506994  121506994
1351 121507046  121507046
1352 121507097  121507097
1353 121507147  121507147
1354 121507198  121507198
1355 121507248  121507248
1356 121507298  121507298
1357 121507349  121507349
1358 121507399  121507399
1359 121507450  121507450
1360 121507500  121507500
1361 121507552  121507552
1362 121507604  121507604
1363 121507656  121507656
1364 121507708  121507708
1365 121507760  121507760
1366 121507810  121507810
1367 121507863  121507863
1368 121507915  121507915
1369 121507966  121507966
1370 121508019  121508019
1371 121508071  121508071
1372 121508123  121508123
1373 121508174  121508174
