1 110509781 110509783 110509781
2 110509849 110509849 110509849
3 110509849 110509850 110509849
4 110509914 110509915 110509914
5 110509950 110509950 110509950
6 110510010 110510011 110510010
7 110510053 110510055 110510053
8 110510102 110510102 110510102
9 110510156 110510156 110510156
10 110510202 110510202 110510202
11 110510257 110510257 110510257
12 110510302 110510303 110510302
13 110510360 110510360 110510360
14 110510401 110510402 110510401
15 110510463 110510463 110510463
16 110510507 110510507 110510507
17 110510564 110510564 110510564
18 110510612 110510613 110510612
19 110510663 110510663 110510663
20 110510711 110510712 110510711
21 110510750 110510751 110510750
22 110510812 110510812 110510812
23 110510857 110510857 110510857
24 110510913 110510914 110510913
25 110510948 110510949 110510948
26 110511006 110511006 110511006
27 110511062 110511062 110511062
28 110511100 110511100 110511100
29 110511165 110511165 110511165
30 110511206 110511206 110511206
31 110511255 110511255 110511255
32 110511308 110511310 110511308
33 110511350 110511351 110511350
34 110511405 110511405 110511405
35 110511456 110511456 110511456
36 110511512 110511512 110511512
37 110511561 110511561 110511561
38 110511616 110511617 110511616
39 110511649 110511649 110511649
40 110511714 110511715 110511714
41 110511760 110511760 110511760
42 110511801 110511802 110511801
43 110511865 110511865 110511865
44 110511907 110511907 110511907
45 110511948 110511948 110511948
46 110512001 110512001 110512001
47 110512049 110512049 110512049
48 110512102 110512103 110512102
49 110512157 110512163 110512157
50 110512212 110512212 110512212
51 110512262 110512262 110512262
52 110512298 110512298 110512298
53 110512366 110512367 110512366
54 110512398 110512398 110512398
55 110512466 110512466 110512466
56 110512515 110512516 110512515
57 110512564 110512564 110512564
58 110512599 110512600 110512599
59 110512652 110512653 110512652
60 110512707 110512707 110512707
61 110512763 110512765 110512763
62 110512800 110512801 110512800
63 110512849 110512849 110512849
64 110512903 110512903 110512903
65 110512957 110512957 110512957
66 110513012 110513012 110513012
67 110513063 110513064 110513063
68 110513098 110513099 110513098
69 110513163 110513163 110513163
70 110513198 110513198 110513198
71 110513262 110513262 110513262
72 110513314 110513314 110513314
73 110513348 110513348 110513348
74 110513403 110513403 110513403
75 110513451 110513451 110513451
76 110513505 110513507 110513505
77 110513564 110513564 110513564
78 110513600 110513600 110513600
79 110513652 110513652 110513652
80 110513713 110513713 110513713
81 110513763 110513764 110513763
82 110513799 110513799 110513799
83 110513861 110513861 110513861
84 110513914 110513914 110513914
85 110513964 110513964 110513964
86 110514017 110514017 110514017
87 110514065 110514065 110514065
88 110514100 110514100 110514100
89 110514158 110514162 110514158
90 110514212 110514212 110514212
91 110514249 110514249 110514249
92 110514300 110514300 110514300
93 110514354 110514355 110514354
94 110514410 110514411 110514410
95 110514463 110514464 110514463
96 110514498 110514498 110514498
97 110514562 110514562 110514562
98 110514617 110514617 110514617
99 110514648 110514648 110514648
100 110514700 110514700 110514700
101 110514753 110514753 110514753
102 110514813 110514816 110514813
103 110514849 110514849 110514849
104 110514899 110514899 110514899
105 110514950 110514950 110514950
106 110515001 110515001 110515001
107 110515052 110515053 110515052
108 110515113 110515113 110515113
109 110515163 110515164 110515163
110 110515198 110515199 110515198
111 110515261 110515261 110515261
112 110515318 110515318 110515318
113 110515348 110515349 110515348
114 110515406 110515406 110515406
115 110515467 110515467 110515467
116 110515512 110515512 110515512
117 110515550 110515550 110515550
118 110515604 110515605 110515604
119 110515655 110515655 110515655
120 110515712 110515713 110515712
121 110515757 110515757 110515757
122 110515812 110515812 110515812
123 110515870 110515871 110515870
124 110515907 110515912 110515907
125 110515948 110515948 110515948
126 110516007 110516016 110516007
127 110516048 110516048 110516048
128 110516121 110516122 110516121
129 110516153 110516153 110516153
130 110516212 110516212 110516212
131 110516265 110516265 110516265
132 110516298 110516299 110516298
133 110516354 110516354 110516354
134 110516407 110516407 110516407
135 110516457 110516457 110516457
136 110516499 110516499 110516499
137 110516562 110516562 110516562
138 110516615 110516615 110516615
139 110516649 110516649 110516649
140 110516706 110516706 110516706
141 110516765 110516771 110516765
142 110516804 110516805 110516804
143 110516867 110516867 110516867
144 110516906 110516907 110516906
145 110516951 110516952 110516951
146 110517005 110517005 110517005
147 110517054 110517055 110517054
148 110517114 110517114 110517114
149 110517169 110517169 110517169
150 110517212 110517212 110517212
151 110517267 110517268 110517267
152 110517390 110517391 110517390
153 110517391 110517394 110517391
154 110517449 110517452 110517449
155 110517453 110517453 110517453
156 110517507 110517507 110517507
157 110517556 110517556 110517556
158 110517613 110517613 110517613
159 110517649 110517650 110517649
160 110517700 110517700 110517700
161 110517754 110517754 110517754
162 110517811 110517812 110517811
163 110517862 110517862 110517862
164 110517902 110517903 110517902
165 110517957 110517957 110517957
166 110518013 110518014 110518013
167 110518060 110518060 110518060
168 110518102 110518102 110518102
169 110518165 110518165 110518165
170 110518216 110518216 110518216
171 110518251 110518251 110518251
172 110518306 110518306 110518306
173 110518356 110518356 110518356
174 110518413 110518413 110518413
175 110518449 110518450 110518449
176 110518504 110518504 110518504
177 110518555 110518555 110518555
178 110518613 110518613 110518613
179 110518662 110518662 110518662
180 110518699 110518699 110518699
181 110518756 110518757 110518756
182 110518807 110518810 110518807
183 110518864 110518864 110518864
184 110518903 110518903 110518903
185 110518948 110518948 110518948
186 110519022 110519022 110519022
187 110519052 110519052 110519052
188 110519111 110519111 110519111
189 110519157 110519157 110519157
190 110519199 110519199 110519199
191 110519256 110519256 110519256
192 110519313 110519314 110519313
193 110519363 110519364 110519363
194 110519398 110519398 110519398
195 110519447 110519448 110519447
196 110519504 110519504 110519504
197 110519556 110519556 110519556
198 110519606 110519607 110519606
199 110519650 110519650 110519650
200 110519705 110519705 110519705
201 110519754 110519754 110519754
202 110519813 110519813 110519813
203 110519861 110519861 110519861
204 110519913 110519913 110519913
205 110519962 110519962 110519962
206 110520000 110520000 110520000
207 110520054 110520054 110520054
208 110520105 110520105 110520105
209 110520164 110520164 110520164
210 110520214 110520214 110520214
211 110520264 110520274 110520264
212 110520305 110520305 110520305
213 110520362 110520362 110520362
214 110520411 110520411 110520411
215 110520450 110520450 110520450
216 110520499 110520501 110520499
217 110520556 110520556 110520556
218 110520614 110520614 110520614
219 110520662 110520662 110520662
220 110520714 110520714 110520714
221 110520762 110520763 110520762
222 110520798 110520798 110520798
223 110520865 110520866 110520865
224 110520900 110520901 110520900
225 110520963 110520963 110520963
226 110521007 110521007 110521007
227 110521050 110521050 110521050
228 110521101 110521105 110521101
229 110521150 110521150 110521150
230 110521199 110521199 110521199
231 110521253 110521253 110521253
232 110521304 110521305 110521304
233 110521356 110521357 110521356
234 110521414 110521414 110521414
235 110521462 110521462 110521462
236 110521499 110521499 110521499
237 110521553 110521556 110521553
238 110521603 110521604 110521603
239 110521661 110521661 110521661
240 110521715 110521715 110521715
241 110521765 110521765 110521765
242 110521812 110521812 110521812
243 110521849 110521849 110521849
244 110521907 110521907 110521907
245 110521964 110521964 110521964
246 110522014 110522014 110522014
247 110522061 110522062 110522061
248 110522114 110522114 110522114
249 110522164 110522164 110522164
250 110522198 110522199 110522198
251 110522248 110522248 110522248
252 110522302 110522302 110522302
253 110522353 110522353 110522353
254 110522405 110522407 110522405
255 110522448 110522449 110522448
256 110522504 110522504 110522504
257 110522555 110522555 110522555
258 110522613 110522613 110522613
259 110522650 110522650 110522650
260 110522700 110522700 110522700
261 110522751 110522751 110522751
262 110522807 110522807 110522807
263 110522862 110522862 110522862
264 110522900 110522900 110522900
265 110522962 110522962 110522962
266 110523007 110523014 110523007
267 110523064 110523064 110523064
268 110523101 110523102 110523101
269 110523149 110523149 110523149
270 110523199 110523200 110523199
271 110523253 110523253 110523253
272 110523300 110523300 110523300
273 110523351 110523352 110523351
274 110523414 110523414 110523414
275 110523461 110523461 110523461
276 110523515 110523515 110523515
277 110523563 110523563 110523563
278 110523615 110523615 110523615
279 110523663 110523663 110523663
280 110523716 110523717 110523716
281 110523748 110523748 110523748
282 110523807 110523807 110523807
283 110523849 110523849 110523849
284 110523903 110523903 110523903
285 110523949 110523949 110523949
286 110524014 110524014 110524014
287 110524064 110524065 110524064
288 110524099 110524099 110524099
289 110524151 110524151 110524151
290 110524207 110524208 110524207
291 110524261 110524261 110524261
292 110524316 110524316 110524316
293 110524348 110524348 110524348
294 110524412 110524414 110524412
295 110524464 110524465 110524464
296 110524502 110524502 110524502
297 110524555 110524555 110524555
298 110524607 110524607 110524607
299 110524648 110524648 110524648
300 110524699 110524699 110524699
301 110524750 110524750 110524750
302 110524803 110524803 110524803
303 110524855 110524855 110524855
304 110524906 110524906 110524906
305 110524963 110524963 110524963
306 110524999 110524999 110524999
307 110525050 110525050 110525050
308 110525103 110525103 110525103
309 110525149 110525149 110525149
310 110525199 110525199 110525199
311 110525251 110525251 110525251
312 110525298 110525298 110525298
313 110525349 110525349 110525349
314 110525399 110525399 110525399
315 110525455 110525455 110525455
316 110525512 110525512 110525512
317 110525561 110525561 110525561
318 110525600 110525601 110525600
319 110525654 110525654 110525654
320 110525704 110525704 110525704
321 110525763 110525763 110525763
322 110525814 110525814 110525814
323 110525848 110525848 110525848
324 110525898 110525898 110525898
325 110525965 110525965 110525965
326 110526015 110526016 110526015
327 110526057 110526057 110526057
328 110526114 110526114 110526114
329 110526161 110526161 110526161
330 110526214 110526214 110526214
331 110526248 110526248 110526248
332 110526303 110526303 110526303
333 110526354 110526354 110526354
334 110526412 110526413 110526412
335 110526463 110526463 110526463
336 110526501 110526501 110526501
337 110526554 110526555 110526554
338 110526606 110526607 110526606
339 110526672 110526673 110526672
340 110526707 110526707 110526707
341 110526756 110526756 110526756
342 110526799 110526799 110526799
343 110526855 110526855 110526855
344 110526912 110526912 110526912
345 110526948 110526949 110526948
346 110527005 110527005 110527005
347 110527062 110527062 110527062
348 110527113 110527114 110527113
349 110527162 110527162 110527162
350 110527215 110527215 110527215
351 110527248 110527248 110527248
352 110527298 110527299 110527298
353 110527355 110527355 110527355
354 110527412 110527412 110527412
355 110527450 110527450 110527450
356 110527507 110527507 110527507
357 110527565 110527565 110527565
358 110527598 110527599 110527598
359 110527654 110527654 110527654
360 110527713 110527713 110527713
361 110527762 110527762 110527762
362 110527814 110527814 110527814
363 110527866 110527867 110527866
364 110527915 110527915 110527915
365 110527964 110527965 110527964
366 110528019 110528019 110528019
367 110528048 110528049 110528048
368 110528100 110528100 110528100
369 110528152 110528153 110528152
370 110528204 110528204 110528204
371 110528269 110528269 110528269
372 110528300 110528300 110528300
373 110528355 110528355 110528355
374 110528405 110528405 110528405
375 110528461 110528461 110528461
376 110528500 110528500 110528500
377 110528556 110528556 110528556
378 110528606 110528606 110528606
379 110528649 110528649 110528649
380 110528703 110528703 110528703
381 110528762 110528762 110528762
382 110528799 110528800 110528799
383 110528851 110528851 110528851
384 110528898 110528898 110528898
385 110528954 110528955 110528954
386 110528999 110528999 110528999
387 110529056 110529057 110529056
388 110529114 110529114 110529114
389 110529152 110529152 110529152
390 110529207 110529207 110529207
391 110529264 110529265 110529264
392 110529312 110529312 110529312
393 110529363 110529363 110529363
394 110529413 110529413 110529413
395 110529449 110529449 110529449
396 110529506 110529506 110529506
397 110529555 110529556 110529555
398 110529615 110529615 110529615
399 110529667 110529667 110529667
400 110529712 110529712 110529712
401 110529761 110529761 110529761
402 110529812 110529813 110529812
403 110529862 110529862 110529862
404 110529900 110529900 110529900
405 110529952 110529952 110529952
406 110530011 110530012 110530011
407 110530048 110530048 110530048
408 110530112 110530112 110530112
409 110530163 110530163 110530163
410 110530213 110530213 110530213
411 110530249 110530249 110530249
412 110530298 110530298 110530298
413 110530355 110530356 110530355
414 110530404 110530404 110530404
415 110530460 110530461 110530460
416 110530501 110530501 110530501
417 110530555 110530555 110530555
418 110530603 110530603 110530603
419 110530662 110530662 110530662
420 110530712 110530712 110530712
421 110530763 110530764 110530763
422 110530813 110530813 110530813
423 110530849 110530849 110530849
424 110530913 110530913 110530913
425 110530969 110530969 110530969
426 110531002 110531002 110531002
427 110531057 110531057 110531057
428 110531113 110531113 110531113
429 110531155 110531155 110531155
430 110531199 110531199 110531199
431 110531253 110531255 110531253
432 110531305 110531305 110531305
433 110531360 110531360 110531360
434 110531411 110531411 110531411
435 110531449 110531449 110531449
436 110531504 110531504 110531504
437 110531562 110531563 110531562
438 110531599 110531599 110531599
439 110531652 110531652 110531652
440 110531702 110531703 110531702
441 110531755 110531756 110531755
442 110531805 110531805 110531805
443 110531857 110531857 110531857
444 110531915 110531915 110531915
445 110531950 110531951 110531950
446 110532000 110532000 110532000
447 110532055 110532055 110532055
448 110532111 110532112 110532111
449 110532148 110532150 110532148
450 110532212 110532212 110532212
451 110532248 110532248 110532248
452 110532298 110532298 110532298
453 110532368 110532368 110532368
454 110532415 110532415 110532415
455 110532457 110532458 110532457
456 110532499 110532499 110532499
457 110532556 110532556 110532556
458 110532605 110532606 110532605
459 110532662 110532663 110532662
460 110532700 110532700 110532700
461 110532751 110532751 110532751
462 110532802 110532802 110532802
463 110532853 110532853 110532853
464 110532905 110532905 110532905
465 110532957 110532957 110532957
466 110532998 110532998 110532998
467 110533050 110533050 110533050
468 110533100 110533100 110533100
469 110533154 110533154 110533154
470 110533198 110533198 110533198
471 110533272 110533273 110533272
472 110533304 110533304 110533304
473 110533348 110533349 110533348
474 110533401 110533401 110533401
475 110533454 110533454 110533454
476 110533500 110533500 110533500
477 110533551 110533551 110533551
478 110533612 110533612 110533612
479 110533652 110533653 110533652
480 110533701 110533701 110533701
481 110533755 110533755 110533755
482 110533812 110533812 110533812
483 110533858 110533864 110533858
484 110533898 110533898 110533898
485 110533956 110533956 110533956
486 110534017 110534017 110534017
487 110534049 110534049 110534049
488 110534102 110534103 110534102
489 110534151 110534151 110534151
490 110534203 110534203 110534203
491 110534255 110534255 110534255
492 110534307 110534307 110534307
493 110534363 110534363 110534363
494 110534400 110534400 110534400
495 110534455 110534455 110534455
496 110534512 110534512 110534512
497 110534564 110534564 110534564
498 110534598 110534598 110534598
499 110534666 110534666 110534666
500 110534700 110534700 110534700
501 110534751 110534752 110534751
502 110534803 110534804 110534803
503 110534851 110534851 110534851
504 110534906 110534906 110534906
505 110534956 110534957 110534956
506 110535018 110535018 110535018
507 110535052 110535052 110535052
508 110535106 110535106 110535106
509 110535164 110535165 110535164
510 110535199 110535200 110535199
511 110535252 110535253 110535252
512 110535306 110535313 110535306
513 110535365 110535366 110535365
514 110535414 110535414 110535414
515 110535465 110535465 110535465
516 110535498 110535500 110535498
517 110535563 110535564 110535563
518 110535611 110535611 110535611
519 110535653 110535654 110535653
520 110535697 110535697 110535697
521 110535750 110535750 110535750
522 110535803 110535804 110535803
523 110535857 110535858 110535857
524 110535912 110535912 110535912
525 110535963 110535964 110535963
526 110535998 110535998 110535998
527 110536062 110536062 110536062
528 110536107 110536107 110536107
529 110536151 110536151 110536151
530 110536206 110536206 110536206
531 110536247 110536248 110536247
532 110536311 110536311 110536311
533 110536363 110536363 110536363
534 110536398 110536399 110536398
535 110536453 110536453 110536453
536 110536511 110536511 110536511
537 110536561 110536562 110536561
538 110536612 110536613 110536612
539 110536664 110536664 110536664
540 110536698 110536698 110536698
541 110536747 110536747 110536747
542 110536799 110536799 110536799
543 110536852 110536852 110536852
544 110536904 110536904 110536904
545 110536955 110536955 110536955
546 110537012 110537013 110537012
547 110537049 110537049 110537049
548 110537112 110537112 110537112
549 110537166 110537166 110537166
550 110537212 110537212 110537212
551 110537257 110537262 110537257
552 110537315 110537316 110537315
553 110537362 110537362 110537362
554 110537413 110537415 110537413
555 110537462 110537462 110537462
556 110537502 110537503 110537502
557 110537549 110537550 110537549
558 110537603 110537604 110537603
559 110537746 110537747 110537746
560 110537747 110537748 110537747
561 110537762 110537763 110537762
562 110537799 110537799 110537799
563 110537852 110537853 110537852
564 110537970 110537972 110537970
565 110537972 110537972 110537972
566 110538000 110538004 110538000
567 110538055 110538055 110538055
568 110538115 110538115 110538115
569 110538165 110538167 110538165
570 110538200 110538201 110538200
571 110538262 110538263 110538262
572 110538301 110538301 110538301
573 110538354 110538354 110538354
574 110538411 110538411 110538411
575 110538463 110538463 110538463
576 110538498 110538498 110538498
577 110538553 110538554 110538553
578 110538607 110538607 110538607
579 110538656 110538656 110538656
580 110538711 110538711 110538711
581 110538762 110538763 110538762
582 110538798 110538798 110538798
583 110538862 110538862 110538862
584 110538914 110538914 110538914
585 110538963 110538963 110538963
586 110539019 110539019 110539019
587 110539050 110539050 110539050
588 110539106 110539106 110539106
589 110539157 110539157 110539157
590 110539198 110539198 110539198
591 110539250 110539250 110539250
592 110539299 110539299 110539299
593 110539353 110539354 110539353
594 110539402 110539402 110539402
595 110539453 110539454 110539453
596 110539516 110539516 110539516
597 110539563 110539563 110539563
598 110539615 110539615 110539615
599 110539649 110539649 110539649
600 110539703 110539703 110539703
601 110539752 110539753 110539752
602 110539807 110539807 110539807
603 110539862 110539862 110539862
604 110539913 110539913 110539913
605 110539964 110539965 110539964
606 110539999 110539999 110539999
607 110540055 110540055 110540055
608 110540105 110540105 110540105
609 110540163 110540163 110540163
610 110540199 110540199 110540199
611 110540252 110540252 110540252
612 110540306 110540306 110540306
613 110540362 110540362 110540362
614 110540410 110540413 110540410
615 110540463 110540463 110540463
616 110540513 110540513 110540513
617 110540548 110540549 110540548
618 110540599 110540600 110540599
619 110540650 110540650 110540650
620 110540703 110540703 110540703
621 110540757 110540757 110540757
622 110540800 110540800 110540800
623 110540848 110540848 110540848
624 110540901 110540901 110540901
625 110540950 110540950 110540950
626 110541003 110541004 110541003
627 110541064 110541064 110541064
628 110541124 110541124 110541124
629 110541149 110541149 110541149
630 110541207 110541210 110541207
631 110541257 110541257 110541257
632 110541311 110541312 110541311
633 110541364 110541364 110541364
634 110541398 110541399 110541398
635 110541461 110541462 110541461
636 110541501 110541501 110541501
637 110541558 110541560 110541558
638 110541613 110541613 110541613
639 110541662 110541663 110541662
640 110541701 110541701 110541701
641 110541757 110541758 110541757
642 110541812 110541812 110541812
643 110541864 110541864 110541864
644 110541913 110541913 110541913
645 110541957 110541957 110541957
646 110541998 110541998 110541998
647 110542066 110542066 110542066
648 110542098 110542099 110542098
649 110542149 110542149 110542149
650 110542201 110542202 110542201
651 110542261 110542262 110542261
652 110542300 110542300 110542300
653 110542348 110542349 110542348
654 110542407 110542407 110542407
655 110542462 110542462 110542462
656 110542513 110542513 110542513
657 110542564 110542564 110542564
658 110542615 110542615 110542615
659 110542649 110542649 110542649
660 110542698 110542698 110542698
661 110542756 110542757 110542756
662 110542811 110542812 110542811
663 110542856 110542856 110542856
664 110542916 110542916 110542916
665 110542949 110542949 110542949
666 110543004 110543004 110543004
667 110543061 110543061 110543061
668 110543118 110543118 110543118
669 110543148 110543148 110543148
670 110543202 110543202 110543202
671 110543263 110543264 110543263
672 110543300 110543301 110543300
673 110543355 110543355 110543355
674 110543411 110543412 110543411
675 110543462 110543465 110543462
676 110543499 110543499 110543499
677 110543556 110543556 110543556
678 110543611 110543612 110543611
679 110543663 110543664 110543663
680 110543700 110543701 110543700
681 110543753 110543753 110543753
682 110543805 110543805 110543805
683 110543862 110543862 110543862
684 110543913 110543913 110543913
685 110543952 110543953 110543952
686 110544012 110544012 110544012
687 110544048 110544049 110544048
688 110544115 110544115 110544115
689 110544151 110544151 110544151
690 110544213 110544213 110544213
691 110544258 110544261 110544258
692 110544315 110544315 110544315
693 110544362 110544362 110544362
694 110544414 110544414 110544414
695 110544450 110544450 110544450
696 110544507 110544507 110544507
697 110544548 110544548 110544548
698 110544599 110544600 110544599
699 110544663 110544664 110544663
700 110544712 110544712 110544712
701 110544757 110544757 110544757
702 110544814 110544814 110544814
703 110544865 110544866 110544865
704 110544898 110544898 110544898
705 110544949 110544949 110544949
706 110545003 110545003 110545003
707 110545057 110545057 110545057
708 110545099 110545099 110545099
709 110545150 110545150 110545150
710 110545207 110545208 110545207
711 110545248 110545248 110545248
712 110545312 110545312 110545312
713 110545364 110545364 110545364
714 110545413 110545413 110545413
715 110545465 110545465 110545465
716 110545517 110545517 110545517
717 110545552 110545552 110545552
718 110545606 110545606 110545606
719 110545657 110545657 110545657
720 110545701 110545701 110545701
721 110545756 110545756 110545756
722 110545804 110545805 110545804
723 110545864 110545864 110545864
724 110545911 110545911 110545911
725 110545963 110545963 110545963
726 110546013 110546014 110546013
727 110546049 110546050 110546049
728 110546107 110546114 110546107
729 110546152 110546152 110546152
730 110546198 110546198 110546198
731 110546266 110546266 110546266
732 110546299 110546300 110546299
733 110546355 110546355 110546355
734 110546405 110546406 110546405
735 110546461 110546461 110546461
736 110546500 110546500 110546500
737 110546556 110546557 110546556
738 110546607 110546607 110546607
739 110546650 110546650 110546650
740 110546705 110546705 110546705
741 110546754 110546754 110546754
742 110546812 110546812 110546812
743 110546864 110546864 110546864
744 110546914 110546914 110546914
745 110546967 110546967 110546967
746 110546999 110546999 110546999
747 110547053 110547053 110547053
748 110547107 110547107 110547107
749 110547163 110547163 110547163
750 110547200 110547201 110547200
751 110547254 110547254 110547254
752 110547307 110547307 110547307
753 110547357 110547362 110547357
754 110547412 110547412 110547412
755 110547449 110547449 110547449
756 110547499 110547499 110547499
757 110547553 110547554 110547553
758 110547613 110547613 110547613
759 110547665 110547665 110547665
760 110547717 110547717 110547717
761 110547748 110547749 110547748
762 110547800 110547800 110547800
763 110547850 110547850 110547850
764 110547905 110547905 110547905
765 110547963 110547963 110547963
766 110548013 110548016 110548013
767 110548053 110548053 110548053
768 110548121 110548121 110548121
769 110548163 110548163 110548163
770 110548207 110548207 110548207
771 110548254 110548255 110548254
772 110548314 110548315 110548314
773 110548351 110548351 110548351
774 110548405 110548405 110548405
775 110548461 110548461 110548461
776 110548517 110548518 110548517
777 110548549 110548549 110548549
778 110548603 110548603 110548603
779 110548662 110548662 110548662
780 110548712 110548712 110548712
781 110548764 110548764 110548764
782 110548812 110548813 110548812
783 110548864 110548864 110548864
784 110548911 110548912 110548911
785 110548966 110548967 110548966
786 110548998 110548998 110548998
787 110549067 110549067 110549067
788 110549098 110549099 110549098
789 110549162 110549163 110549162
790 110549214 110549214 110549214
791 110549249 110549249 110549249
792 110549302 110549302 110549302
793 110549351 110549351 110549351
794 110549406 110549406 110549406
795 110549466 110549466 110549466
796 110549512 110549512 110549512
797 110549548 110549549 110549548
798 110549611 110549611 110549611
799 110549669 110549670 110549669
800 110549708 110549712 110549708
801 110549766 110549766 110549766
802 110549800 110549800 110549800
803 110549861 110549862 110549861
804 110549915 110549915 110549915
805 110549948 110549948 110549948
806 110550012 110550012 110550012
807 110550050 110550050 110550050
808 110550107 110550107 110550107
809 110550148 110550148 110550148
810 110550214 110550214 110550214
811 110550250 110550250 110550250
812 110550300 110550301 110550300
813 110550352 110550352 110550352
814 110550397 110550398 110550397
815 110550448 110550449 110550448
816 110550498 110550498 110550498
817 110550557 110550557 110550557
818 110550613 110550613 110550613
819 110550649 110550649 110550649
820 110550703 110550703 110550703
821 110550753 110550754 110550753
822 110550806 110550806 110550806
823 110550864 110550864 110550864
824 110550912 110550913 110550912
825 110550964 110550964 110550964
826 110551013 110551014 110551013
827 110551065 110551065 110551065
828 110551115 110551116 110551115
829 110551168 110551168 110551168
830 110551200 110551200 110551200
831 110551256 110551256 110551256
832 110551313 110551313 110551313
833 110551362 110551363 110551362
834 110551411 110551412 110551411
835 110551452 110551452 110551452
836 110551500 110551501 110551500
837 110551557 110551557 110551557
838 110551612 110551613 110551612
839 110551664 110551665 110551664
840 110551698 110551698 110551698
841 110551763 110551763 110551763
842 110551813 110551814 110551813
843 110551864 110551864 110551864
844 110551898 110551898 110551898
845 110551954 110551954 110551954
846 110552003 110552003 110552003
847 110552053 110552053 110552053
848 110552113 110552115 110552113
849 110552150 110552150 110552150
850 110552206 110552206 110552206
851 110552264 110552265 110552264
852 110552311 110552311 110552311
853 110552350 110552350 110552350
854 110552412 110552412 110552412
855 110552465 110552465 110552465
856 110552516 110552516 110552516
857 110552549 110552549 110552549
858 110552604 110552604 110552604
859 110552657 110552657 110552657
860 110552715 110552715 110552715
861 110552762 110552762 110552762
862 110552812 110552812 110552812
863 110552852 110552852 110552852
864 110552900 110552900 110552900
865 110552955 110552955 110552955
866 110553012 110553012 110553012
867 110553064 110553064 110553064
868 110553098 110553098 110553098
869 110553151 110553152 110553151
870 110553202 110553202 110553202
871 110553255 110553256 110553255
872 110553321 110553322 110553321
873 110553355 110553355 110553355
874 110553407 110553407 110553407
875 110553463 110553463 110553463
876 110553518 110553518 110553518
877 110553548 110553549 110553548
878 110553612 110553612 110553612
879 110553648 110553649 110553648
880 110553700 110553700 110553700
881 110553753 110553753 110553753
882 110553808 110553812 110553808
883 110553866 110553866 110553866
884 110553898 110553898 110553898
885 110553950 110553950 110553950
886 110554001 110554001 110554001
887 110554049 110554050 110554049
888 110554104 110554104 110554104
889 110554164 110554165 110554164
890 110554215 110554215 110554215
891 110554248 110554249 110554248
892 110554298 110554298 110554298
893 110554352 110554352 110554352
894 110554402 110554402 110554402
895 110554455 110554455 110554455
896 110554513 110554513 110554513
897 110554564 110554568 110554564
898 110554599 110554600 110554599
899 110554656 110554656 110554656
900 110554706 110554707 110554706
901 110554749 110554749 110554749
902 110554805 110554805 110554805
903 110554850 110554850 110554850
904 110554907 110554907 110554907
905 110554962 110554962 110554962
906 110555011 110555011 110555011
907 110555050 110555050 110555050
908 110555113 110555113 110555113
909 110555165 110555165 110555165
910 110555202 110555202 110555202
911 110555256 110555256 110555256
912 110555314 110555315 110555314
913 110555348 110555348 110555348
914 110555399 110555399 110555399
915 110555465 110555465 110555465
916 110555502 110555503 110555502
917 110555554 110555554 110555554
918 110555607 110555607 110555607
919 110555665 110555665 110555665
920 110555712 110555712 110555712
921 110555764 110555764 110555764
922 110555813 110555813 110555813
923 110555849 110555850 110555849
924 110555899 110555899 110555899
925 110555948 110555949 110555948
926 110556006 110556007 110556006
927 110556058 110556062 110556058
928 110556119 110556119 110556119
929 110556160 110556162 110556160
930 110556201 110556201 110556201
931 110556249 110556249 110556249
932 110556304 110556305 110556304
933 110556354 110556354 110556354
934 110556407 110556407 110556407
935 110556465 110556465 110556465
936 110556513 110556514 110556513
937 110556564 110556564 110556564
938 110556599 110556600 110556599
939 110556651 110556651 110556651
940 110556705 110556706 110556705
941 110556757 110556760 110556757
942 110556813 110556815 110556813
943 110556862 110556862 110556862
944 110556912 110556913 110556912
945 110556963 110556963 110556963
946 110557011 110557011 110557011
947 110557065 110557065 110557065
948 110557112 110557112 110557112
949 110557165 110557165 110557165
950 110557220 110557220 110557220
951 110557252 110557252 110557252
952 110557312 110557312 110557312
953 110557361 110557361 110557361
954 110557400 110557400 110557400
955 110557454 110557454 110557454
956 110557503 110557504 110557503
957 110557548 110557548 110557548
958 110557600 110557600 110557600
959 110557651 110557651 110557651
960 110557705 110557706 110557705
961 110557756 110557756 110557756
962 110557811 110557811 110557811
963 110557850 110557852 110557850
964 110557906 110557906 110557906
965 110557956 110557957 110557956
966 110558014 110558014 110558014
967 110558063 110558064 110558063
968 110558099 110558099 110558099
969 110558165 110558166 110558165
970 110558205 110558206 110558205
971 110558322 110558322 110558322
972 110558322 110558322 110558322
973 110558349 110558350 110558349
974 110558403 110558403 110558403
975 110558462 110558463 110558462
976 110558501 110558504 110558501
977 110558557 110558557 110558557
978 110558615 110558615 110558615
979 110558650 110558650 110558650
980 110558701 110558701 110558701
981 110558753 110558753 110558753
982 110558804 110558804 110558804
983 110558857 110558857 110558857
984 110558905 110558905 110558905
985 110558949 110558949 110558949
986 110559001 110559001 110559001
987 110559063 110559063 110559063
988 110559098 110559099 110559098
989 110559152 110559152 110559152
990 110559206 110559206 110559206
991 110559249 110559249 110559249
992 110559299 110559299 110559299
993 110559350 110559350 110559350
994 110559414 110559414 110559414
995 110559463 110559463 110559463
996 110559515 110559515 110559515
997 110559548 110559548 110559548
998 110559604 110559604 110559604
999 110559657 110559657 110559657
1000 110559717 110559717 110559717
1001 110559761 110559761 110559761
1002 110559811 110559811 110559811
1003 110559866 110559866 110559866
1004 110559899 110559899 110559899
1005 110559954 110559954 110559954
1006 110600102 110600103 110600102
1007 110600103 110600103 110600103
1008 110600165 110600165 110600165
1009 110600200 110600200 110600200
1010 110600249 110600249 110600249
1011 110600300 110600300 110600300
1012 110600361 110600361 110600361
1013 110600407 110600407 110600407
1014 110600463 110600463 110600463
1015 110600499 110600500 110600499
1016 110600550 110600550 110600550
1017 110600612 110600612 110600612
1018 110600649 110600649 110600649
1019 110600700 110600700 110600700
1020 110600751 110600751 110600751
1021 110600813 110600813 110600813
1022 110600857 110600863 110600857
1023 110600916 110600916 110600916
1024 110600966 110600966 110600966
1025 110601008 110601016 110601008
1026 110601048 110601048 110601048
1027 110601124 110601124 110601124
1028 110601154 110601155 110601154
1029 110601213 110601213 110601213
1030 110601251 110601251 110601251
1031 110601306 110601306 110601306
1032 110601356 110601356 110601356
1033 110601412 110601412 110601412
1034 110601463 110601463 110601463
1035 110601498 110601498 110601498
1036 110601555 110601555 110601555
1037 110601613 110601613 110601613
1038 110601657 110601657 110601657
1039 110601711 110601711 110601711
1040 110601748 110601749 110601748
1041 110601798 110601799 110601798
1042 110601851 110601851 110601851
1043 110601903 110601903 110601903
1044 110601951 110601951 110601951
1045 110602011 110602011 110602011
1046 110602064 110602064 110602064
1047 110602113 110602114 110602113
1048 110602163 110602163 110602163
1049 110602199 110602199 110602199
1050 110602264 110602266 110602264
1051 110602300 110602300 110602300
1052 110602357 110602357 110602357
1053 110602406 110602406 110602406
1054 110602461 110602462 110602461
1055 110602513 110602513 110602513
1056 110602548 110602548 110602548
1057 110602611 110602611 110602611
1058 110602652 110602652 110602652
1059 110602710 110602710 110602710
1060 110602757 110602762 110602757
1061 110602813 110602814 110602813
1062 110602862 110602863 110602862
1063 110602914 110602914 110602914
1064 110602963 110602963 110602963
1065 110602999 110602999 110602999
1066 110603061 110603062 110603061
1067 110603112 110603112 110603112
1068 110603149 110603149 110603149
1069 110603203 110603203 110603203
1070 110603251 110603251 110603251
1071 110603319 110603319 110603319
1072 110603351 110603351 110603351
1073 110603412 110603412 110603412
1074 110603466 110603466 110603466
1075 110603498 110603498 110603498
1076 110603553 110603555 110603553
1077 110603604 110603604 110603604
1078 110603664 110603664 110603664
1079 110603714 110603715 110603714
1080 110603749 110603749 110603749
1081 110603800 110603800 110603800
1082 110603853 110603854 110603853
1083 110603912 110603912 110603912
1084 110603963 110603963 110603963
1085 110604012 110604012 110604012
1086 110604065 110604065 110604065
1087 110604112 110604112 110604112
1088 110604165 110604165 110604165
1089 110604198 110604198 110604198
1090 110604252 110604253 110604252
1091 110604311 110604312 110604311
1092 110604357 110604362 110604357
1093 110604398 110604398 110604398
1094 110604451 110604452 110604451
1095 110604505 110604505 110604505
1096 110604562 110604562 110604562
1097 110604610 110604610 110604610
1098 110604664 110604664 110604664
1099 110604699 110604700 110604699
1100 110604751 110604751 110604751
1101 110604813 110604813 110604813
1102 110604862 110604862 110604862
1103 110604913 110604913 110604913
1104 110604973 110604973 110604973
1105 110605001 110605002 110605001
1106 110605063 110605063 110605063
1107 110605117 110605117 110605117
1108 110605148 110605148 110605148
1109 110605206 110605206 110605206
1110 110605248 110605249 110605248
1111 110605311 110605311 110605311
1112 110605348 110605348 110605348
1113 110605414 110605414 110605414
1114 110605449 110605450 110605449
1115 110605512 110605512 110605512
1116 110605561 110605562 110605561
1117 110605599 110605599 110605599
1118 110605663 110605664 110605663
1119 110605698 110605698 110605698
1120 110605754 110605754 110605754
1121 110605803 110605803 110605803
1122 110605853 110605854 110605853
1123 110605906 110605906 110605906
1124 110605961 110605961 110605961
1125 110606011 110606011 110606011
1126 110606048 110606048 110606048
1127 110606120 110606120 110606120
1128 110606153 110606153 110606153
1129 110606211 110606213 110606211
1130 110606251 110606251 110606251
1131 110606305 110606306 110606305
1132 110606360 110606360 110606360
1133 110606412 110606412 110606412
1134 110606464 110606464 110606464
1135 110606516 110606517 110606516
1136 110606548 110606548 110606548
1137 110606601 110606601 110606601
1138 110606655 110606655 110606655
1139 110606707 110606710 110606707
1140 110606748 110606748 110606748
1141 110606813 110606813 110606813
1142 110606851 110606851 110606851
1143 110606901 110606902 110606901
1144 110606956 110606956 110606956
1145 110607000 110607000 110607000
1146 110607062 110607062 110607062
1147 110607099 110607100 110607099
1148 110607162 110607163 110607162
1149 110607200 110607200 110607200
1150 110607261 110607261 110607261
1151 110607303 110607303 110607303
1152 110607363 110607363 110607363
1153 110607413 110607414 110607413
1154 110607449 110607449 110607449
1155 110607506 110607506 110607506
1156 110607562 110607563 110607562
1157 110607613 110607613 110607613
1158 110607663 110607665 110607663
1159 110607714 110607714 110607714
1160 110607765 110607765 110607765
1161 110607799 110607800 110607799
1162 110607849 110607850 110607849
1163 110607902 110607902 110607902
1164 110607963 110607964 110607963
1165 110608007 110608007 110608007
1166 110608066 110608067 110608066
1167 110608112 110608112 110608112
1168 110608149 110608149 110608149
1169 110608200 110608200 110608200
1170 110608264 110608264 110608264
1171 110608313 110608313 110608313
1172 110608352 110608352 110608352
1173 110608432 110608432 110608432
1174 110608450 110608450 110608450
1175 110608505 110608505 110608505
1176 110608548 110608549 110608548
1177 110608614 110608614 110608614
1178 110608663 110608663 110608663
1179 110608713 110608713 110608713
1180 110608748 110608748 110608748
1181 110608811 110608811 110608811
1182 110608849 110608849 110608849
1183 110608898 110608899 110608898
1184 110608950 110608950 110608950
1185 110609001 110609001 110609001
1186 110609052 110609052 110609052
1187 110609102 110609102 110609102
1188 110609149 110609154 110609149
1189 110609213 110609213 110609213
1190 110609267 110609269 110609267
1191 110609300 110609300 110609300
1192 110609354 110609355 110609354
1193 110609405 110609405 110609405
1194 110609457 110609464 110609457
1195 110609510 110609511 110609510
1196 110609565 110609565 110609565
1197 110609599 110609599 110609599
1198 110609650 110609650 110609650
1199 110609700 110609701 110609700
1200 110609755 110609756 110609755
1201 110609806 110609807 110609806
1202 110609860 110609861 110609860
1203 110609913 110609913 110609913
1204 110609961 110609962 110609961
1205 110610013 110610013 110610013
1206 110610063 110610064 110610063
1207 110610113 110610113 110610113
1208 110610165 110610165 110610165
1209 110610212 110610212 110610212
1210 110610248 110610248 110610248
1211 110610300 110610301 110610300
1212 110610351 110610352 110610351
1213 110610407 110610407 110610407
1214 110610455 110610455 110610455
1215 110610507 110610507 110610507
1216 110610563 110610563 110610563
1217 110610614 110610615 110610614
1218 110610663 110610664 110610663
1219 110610729 110610730 110610729
1220 110610748 110610748 110610748
1221 110610817 110610817 110610817
1222 110610851 110610851 110610851
1223 110610906 110610906 110610906
1224 110610956 110610957 110610956
1225 110610998 110611000 110610998
1226 110611056 110611056 110611056
1227 110611103 110611113 110611103
1228 110611152 110611153 110611152
1229 110611207 110611211 110611207
1230 110611265 110611265 110611265
1231 110611298 110611298 110611298
1232 110611349 110611350 110611349
1233 110611400 110611400 110611400
1234 110611453 110611453 110611453
1235 110611505 110611506 110611505
1236 110611565 110611565 110611565
1237 110611611 110611611 110611611
1238 110611657 110611664 110611657
1239 110611698 110611699 110611698
1240 110611750 110611750 110611750
1241 110611800 110611800 110611800
1242 110611849 110611849 110611849
1243 110611900 110611901 110611900
1244 110611953 110611954 110611953
1245 110612007 110612013 110612007
1246 110612062 110612062 110612062
1247 110612116 110612116 110612116
1248 110612164 110612165 110612164
1249 110612216 110612216 110612216
1250 110612249 110612249 110612249
1251 110612316 110612316 110612316
1252 110612357 110612363 110612357
1253 110612412 110612412 110612412
1254 110612462 110612464 110612462
1255 110612498 110612498 110612498
1256 110612557 110612557 110612557
1257 110612602 110612602 110612602
1258 110612663 110612664 110612663
1259 110612698 110612699 110612698
1260 110612750 110612750 110612750
1261 110612807 110612807 110612807
1262 110612862 110612863 110612862
1263 110612917 110612917 110612917
1264 110612949 110612950 110612949
1265 110613001 110613002 110613001
1266 110613051 110613051 110613051
1267 110613107 110613107 110613107
1268 110613157 110613157 110613157
1269 110613198 110613198 110613198
1270 110613256 110613256 110613256
1271 110613301 110613301 110613301
1272 110613357 110613357 110613357
1273 110613413 110613414 110613413
1274 110613462 110613462 110613462
1275 110613512 110613514 110613512
1276 110613566 110613566 110613566
1277 110613624 110613624 110613624
1278 110613653 110613653 110613653
1279 110613711 110613714 110613711
1280 110613766 110613766 110613766
1281 110613812 110613812 110613812
1282 110613852 110613852 110613852
1283 110613905 110613906 110613905
1284 110613960 110613960 110613960
1285 110614001 110614001 110614001
1286 110614055 110614055 110614055
1287 110614103 110614103 110614103
1288 110614157 110614157 110614157
1289 110614211 110614211 110614211
1290 110614267 110614267 110614267
1291 110614299 110614299 110614299
1292 110614348 110614348 110614348
1293 110614399 110614399 110614399
1294 110614457 110614457 110614457
1295 110614512 110614512 110614512
1296 110614570 110614571 110614570
1297 110614600 110614601 110614600
1298 110614655 110614655 110614655
1299 110614716 110614716 110614716
1300 110614761 110614761 110614761
1301 110614814 110614814 110614814
1302 110614863 110614863 110614863
1303 110614916 110614916 110614916
1304 110614966 110614966 110614966
1305 110615020 110615020 110615020
1306 110615050 110615050 110615050
1307 110615099 110615099 110615099
1308 110615155 110615155 110615155
1309 110615198 110615198 110615198
1310 110615248 110615248 110615248
1311 110615303 110615303 110615303
1312 110615363 110615363 110615363
1313 110615400 110615400 110615400
1314 110615449 110615450 110615449
1315 110615513 110615514 110615513
1316 110615562 110615563 110615562
1317 110615613 110615613 110615613
1318 110615650 110615650 110615650
1319 110615705 110615705 110615705
1320 110615755 110615756 110615755
1321 110615814 110615815 110615814
1322 110615865 110615865 110615865
1323 110615898 110615899 110615898
1324 110615953 110615954 110615953
1325 110616004 110616005 110616004
1326 110616057 110616058 110616057
1327 110616118 110616119 110616118
1328 110616155 110616155 110616155
1329 110616207 110616207 110616207
1330 110616263 110616263 110616263
1331 110616318 110616318 110616318
1332 110616349 110616349 110616349
1333 110616404 110616404 110616404
1334 110616457 110616457 110616457
1335 110616514 110616514 110616514
1336 110616568 110616568 110616568
1337 110616599 110616600 110616599
1338 110616649 110616651 110616649
1339 110616704 110616706 110616704
1340 110616764 110616765 110616764
1341 110616813 110616813 110616813
1342 110616863 110616863 110616863
1343 110616899 110616899 110616899
1344 110616951 110616951 110616951
1345 110617003 110617003 110617003
1346 110617064 110617064 110617064
1347 110617112 110617113 110617112
1348 110617148 110617148 110617148
1349 110617199 110617200 110617199
1350 110617263 110617263 110617263
1351 110617299 110617299 110617299
1352 110617356 110617356 110617356
1353 110617406 110617406 110617406
1354 110617460 110617461 110617460
1355 110617517 110617518 110617517
1356 110617568 110617569 110617568
1357 110617599 110617599 110617599
1358 110617651 110617651 110617651
1359 110617707 110617719 110617707
1360 110617750 110617750 110617750
1361 110617799 110617799 110617799
1362 110617853 110617853 110617853
1363 110617906 110617906 110617906
1364 110617956 110617957 110617956
1365 110618000 110618000 110618000
1366 110618052 110618052 110618052
1367 110618105 110618105 110618105
1368 110618163 110618163 110618163
1369 110618214 110618215 110618214
1370 110618263 110618263 110618263
1371 110618300 110618300 110618300
1372 110618363 110618363 110618363
1373 110618417 110618417 110618417
1374 110618450 110618450 110618450
1375 110618499 110618499 110618499
1376 110618549 110618550 110618549
1377 110618616 110618617 110618616
1378 110618657 110618657 110618657
1379 110618773 110618774 110618773
1380 110618800 110618800 110618800
1381 110618855 110618856 110618855
1382 110618982 110618983 110618982
1383 110618983 110618985 110618983
1384 110619000 110619001 110619000
1385 110619049 110619049 110619049
1386 110619103 110619103 110619103
1387 110619150 110619150 110619150
1388 110619205 110619205 110619205
1389 110619255 110619255 110619255
1390 110619298 110619298 110619298
1391 110619349 110619349 110619349
1392 110619403 110619403 110619403
1393 110619457 110619462 110619457
1394 110619513 110619514 110619513
1395 110619562 110619562 110619562
1396 110619616 110619616 110619616
1397 110619663 110619663 110619663
1398 110619715 110619715 110619715
1399 110619749 110619750 110619749
1400 110619805 110619806 110619805
1401 110619857 110619857 110619857
1402 110619908 110619914 110619908
1403 110619963 110619963 110619963
1404 110620022 110620023 110620022
1405 110620052 110620052 110620052
1406 110620104 110620104 110620104
1407 110620156 110620156 110620156
1408 110620213 110620213 110620213
1409 110620248 110620248 110620248
1410 110620315 110620315 110620315
1411 110620362 110620363 110620362
1412 110620401 110620402 110620401
1413 110620453 110620453 110620453
1414 110620506 110620506 110620506
1415 110620568 110620568 110620568
1416 110620601 110620601 110620601
1417 110620657 110620657 110620657
1418 110620714 110620714 110620714
1419 110620750 110620750 110620750
1420 110620803 110620803 110620803
1421 110620857 110620857 110620857
1422 110620912 110620912 110620912
1423 110620961 110620961 110620961
1424 110621016 110621016 110621016
1425 110621064 110621064 110621064
1426 110621119 110621119 110621119
1427 110621154 110621154 110621154
1428 110621216 110621216 110621216
1429 110621247 110621248 110621247
1430 110621301 110621302 110621301
1431 110621350 110621350 110621350
1432 110621401 110621401 110621401
1433 110621451 110621452 110621451
1434 110621503 110621503 110621503
1435 110621556 110621556 110621556
1436 110621599 110621599 110621599
1437 110621648 110621648 110621648
1438 110621699 110621699 110621699
1439 110621763 110621764 110621763
1440 110621801 110621801 110621801
1441 110621855 110621855 110621855
1442 110621907 110621907 110621907
1443 110621950 110621950 110621950
1444 110622005 110622005 110622005
1445 110622055 110622056 110622055
1446 110622114 110622114 110622114
1447 110622150 110622150 110622150
1448 110622201 110622201 110622201
1449 110622264 110622264 110622264
1450 110622314 110622315 110622314
1451 110622364 110622364 110622364
1452 110622418 110622418 110622418
1453 110622463 110622463 110622463
1454 110622507 110622507 110622507
1455 110622565 110622565 110622565
1456 110622599 110622599 110622599
1457 110622650 110622650 110622650
1458 110622698 110622700 110622698
1459 110622756 110622757 110622756
1460 110622799 110622799 110622799
1461 110622850 110622850 110622850
1462 110622911 110622911 110622911
1463 110622958 110622960 110622958
1464 110622998 110622998 110622998
1465 110623054 110623055 110623054
1466 110623114 110623115 110623114
1467 110623165 110623165 110623165
1468 110623201 110623201 110623201
1469 110623254 110623254 110623254
1470 110623299 110623300 110623299
1471 110623363 110623363 110623363
1472 110623413 110623413 110623413
1473 110623450 110623450 110623450
1474 110623502 110623502 110623502
1475 110623556 110623556 110623556
1476 110623613 110623613 110623613
1477 110623665 110623665 110623665
1478 110623714 110623714 110623714
1479 110623763 110623763 110623763
1480 110623818 110623818 110623818
1481 110623848 110623848 110623848
1482 110623899 110623900 110623899
1483 110623954 110623954 110623954
1484 110624011 110624011 110624011
1485 110624048 110624049 110624048
1486 110624098 110624098 110624098
1487 110624151 110624151 110624151
1488 110624207 110624208 110624207
1489 110624257 110624260 110624257
1490 110624297 110624298 110624297
1491 110624352 110624353 110624352
1492 110624414 110624414 110624414
1493 110624450 110624450 110624450
1494 110624503 110624504 110624503
1495 110624592 110624593 110624592
1496 110624607 110624607 110624607
1497 110624648 110624648 110624648
1498 110624706 110624706 110624706
1499 110624762 110624762 110624762
1500 110624802 110624802 110624802
1501 110624852 110624853 110624852
1502 110624901 110624901 110624901
1503 110624962 110624962 110624962
1504 110625014 110625014 110625014
1505 110625063 110625064 110625063
1506 110625101 110625101 110625101
1507 110625161 110625162 110625161
1508 110625216 110625216 110625216
1509 110625248 110625249 110625248
1510 110625302 110625303 110625302
1511 110625364 110625364 110625364
1512 110625418 110625418 110625418
1513 110625448 110625448 110625448
1514 110625499 110625500 110625499
1515 110625551 110625552 110625551
1516 110625599 110625599 110625599
1517 110625652 110625652 110625652
1518 110625707 110625707 110625707
1519 110625761 110625761 110625761
1520 110625815 110625815 110625815
1521 110625861 110625861 110625861
1522 110625912 110625912 110625912
1523 110625964 110625964 110625964
1524 110626013 110626014 110626013
1525 110626064 110626064 110626064
1526 110626114 110626114 110626114
1527 110626150 110626151 110626150
1528 110626199 110626199 110626199
1529 110626266 110626266 110626266
1530 110626316 110626316 110626316
1531 110626367 110626368 110626367
1532 110626403 110626403 110626403
1533 110626464 110626464 110626464
1534 110626517 110626518 110626517
1535 110626549 110626549 110626549
1536 110626605 110626606 110626605
1537 110626665 110626665 110626665
1538 110626714 110626719 110626714
1539 110626748 110626749 110626748
1540 110626812 110626813 110626812
1541 110626850 110626850 110626850
1542 110626899 110626899 110626899
1543 110626950 110626951 110626950
1544 110627004 110627004 110627004
1545 110627061 110627061 110627061
1546 110627113 110627113 110627113
1547 110627162 110627163 110627162
1548 110627199 110627199 110627199
1549 110627256 110627256 110627256
1550 110627305 110627305 110627305
1551 110627363 110627363 110627363
1552 110627411 110627411 110627411
1553 110627451 110627451 110627451
1554 110627511 110627511 110627511
1555 110627563 110627563 110627563
1556 110627598 110627598 110627598
1557 110627652 110627652 110627652
1558 110627704 110627704 110627704
1559 110627756 110627757 110627756
1560 110627815 110627816 110627815
1561 110627862 110627862 110627862
1562 110627914 110627914 110627914
1563 110627966 110627966 110627966
1564 110628015 110628015 110628015
1565 110628065 110628065 110628065
1566 110628107 110628110 110628107
1567 110628148 110628148 110628148
1568 110628211 110628212 110628211
1569 110628265 110628265 110628265
1570 110628312 110628312 110628312
1571 110628350 110628350 110628350
1572 110628401 110628401 110628401
1573 110628462 110628463 110628462
1574 110628499 110628499 110628499
1575 110628563 110628563 110628563
1576 110628599 110628599 110628599
1577 110628649 110628649 110628649
1578 110628706 110628706 110628706
1579 110628748 110628748 110628748
1580 110628814 110628814 110628814
1581 110628847 110628847 110628847
1582 110628906 110628906 110628906
1583 110628955 110628955 110628955
1584 110629010 110629010 110629010
1585 110629065 110629065 110629065
1586 110629100 110629100 110629100
1587 110629150 110629150 110629150
1588 110629204 110629204 110629204
1589 110629257 110629257 110629257
1590 110629306 110629307 110629306
1591 110629348 110629348 110629348
1592 110629401 110629401 110629401
1593 110629466 110629466 110629466
1594 110629520 110629520 110629520
1595 110629548 110629549 110629548
1596 110629606 110629606 110629606
1597 110629656 110629656 110629656
