1 111311746 111311747 111311746
2 111311781 111311782 111311781
3 111311824 111311824 111311824
4 111311856 111311856 111311856
5 111311915 111311915 111311915
6 111311958 111311958 111311958
7 111312015 111312017 111312015
8 111312064 111312064 111312064
9 111312108 111312109 111312108
10 111312154 111312154 111312154
11 111312215 111312215 111312215
12 111312256 111312257 111312256
13 111312317 111312317 111312317
14 111312358 111312359 111312358
15 111312420 111312420 111312420
16 111312454 111312454 111312454
17 111312510 111312515 111312510
18 111312562 111312563 111312562
19 111312615 111312615 111312615
20 111312663 111312663 111312663
21 111312713 111312714 111312713
22 111312766 111312766 111312766
23 111312821 111312822 111312821
24 111312854 111312855 111312854
25 111312922 111312922 111312922
26 111312953 111312953 111312953
27 111313010 111313010 111313010
28 111313059 111313059 111313059
29 111313115 111313115 111313115
30 111313164 111313164 111313164
31 111313210 111313210 111313210
32 111313264 111313264 111313264
33 111313317 111313318 111313317
34 111313365 111313365 111313365
35 111313417 111313417 111313417
36 111313466 111313466 111313466
37 111313514 111313514 111313514
38 111313554 111313554 111313554
39 111313609 111313610 111313609
40 111313668 111313668 111313668
41 111313715 111313717 111313715
42 111313769 111313769 111313769
43 111313806 111313806 111313806
44 111313867 111313867 111313867
45 111313906 111313906 111313906
46 111313966 111313967 111313966
47 111314003 111314003 111314003
48 111314063 111314063 111314063
49 111314110 111314114 111314110
50 111314166 111314167 111314166
51 111314214 111314214 111314214
52 111314267 111314267 111314267
53 111314315 111314315 111314315
54 111314375 111314375 111314375
55 111314408 111314408 111314408
56 111314469 111314470 111314469
57 111314519 111314519 111314519
58 111314566 111314566 111314566
59 111314617 111314617 111314617
60 111314664 111314664 111314664
61 111314718 111314718 111314718
62 111314764 111314764 111314764
63 111314815 111314816 111314815
64 111314869 111314869 111314869
65 111314914 111314914 111314914
66 111314966 111314966 111314966
67 111315016 111315016 111315016
68 111315067 111315068 111315067
69 111315115 111315115 111315115
70 111315169 111315170 111315169
71 111315216 111315217 111315216
72 111315264 111315264 111315264
73 111315319 111315319 111315319
74 111315363 111315363 111315363
75 111315419 111315419 111315419
76 111315464 111315464 111315464
77 111315518 111315518 111315518
78 111315565 111315565 111315565
79 111315617 111315618 111315617
80 111315668 111315669 111315668
81 111315715 111315716 111315715
82 111315759 111315760 111315759
83 111315803 111315803 111315803
84 111315857 111315857 111315857
85 111315906 111315906 111315906
86 111315965 111315965 111315965
87 111316016 111316016 111316016
88 111316065 111316066 111316065
89 111316121 111316121 111316121
90 111316160 111316160 111316160
91 111316212 111316213 111316212
92 111316267 111316267 111316267
93 111316316 111316317 111316316
94 111316368 111316369 111316368
95 111316420 111316420 111316420
96 111316454 111316455 111316454
97 111316510 111316510 111316510
98 111316560 111316560 111316560
99 111316618 111316618 111316618
100 111316665 111316666 111316665
101 111316716 111316717 111316716
102 111316767 111316767 111316767
103 111316806 111316806 111316806
104 111316858 111316859 111316858
105 111316914 111316914 111316914
106 111316967 111316967 111316967
107 111317015 111317016 111317015
108 111317067 111317067 111317067
109 111317117 111317117 111317117
110 111317159 111317160 111317159
111 111317217 111317217 111317217
112 111317263 111317263 111317263
113 111317317 111317317 111317317
114 111317367 111317368 111317367
115 111317419 111317419 111317419
116 111317467 111317467 111317467
117 111317505 111317505 111317505
118 111317557 111317557 111317557
119 111317609 111317609 111317609
120 111317667 111317668 111317667
121 111317716 111317716 111317716
122 111317767 111317767 111317767
123 111317820 111317822 111317820
124 111317854 111317854 111317854
125 111317908 111317910 111317908
126 111317960 111317960 111317960
127 111318016 111318017 111318016
128 111318065 111318065 111318065
129 111318116 111318116 111318116
130 111318166 111318166 111318166
131 111318217 111318217 111318217
132 111318265 111318265 111318265
133 111318314 111318315 111318314
134 111318366 111318366 111318366
135 111318415 111318415 111318415
136 111318467 111318467 111318467
137 111318515 111318516 111318515
138 111318568 111318568 111318568
139 111318634 111318634 111318634
140 111318655 111318655 111318655
141 111318709 111318720 111318709
142 111318754 111318755 111318754
143 111318820 111318820 111318820
144 111318868 111318872 111318868
145 111318906 111318906 111318906
146 111318959 111318960 111318959
147 111319006 111319006 111319006
148 111319054 111319055 111319054
149 111319188 111319188 111319188
150 111319188 111319188 111319188
151 111319212 111319212 111319212
152 111319267 111319267 111319267
153 111319316 111319317 111319316
154 111319385 111319386 111319385
155 111319409 111319409 111319409
156 111319466 111319467 111319466
157 111319518 111319518 111319518
158 111319566 111319566 111319566
159 111319603 111319603 111319603
160 111319654 111319654 111319654
161 111319709 111319709 111319709
162 111319759 111319759 111319759
163 111319817 111319817 111319817
164 111319856 111319856 111319856
165 111319920 111319921 111319920
166 111319954 111319954 111319954
167 111320006 111320007 111320006
168 111320059 111320060 111320059
169 111320110 111320116 111320110
170 111320169 111320169 111320169
171 111320210 111320210 111320210
172 111320265 111320265 111320265
173 111320318 111320319 111320318
174 111320354 111320354 111320354
175 111320406 111320406 111320406
176 111320468 111320468 111320468
177 111320516 111320516 111320516
178 111320567 111320567 111320567
179 111320616 111320616 111320616
180 111320667 111320667 111320667
181 111320716 111320717 111320716
182 111320766 111320766 111320766
183 111320817 111320819 111320817
184 111320867 111320867 111320867
185 111320904 111320904 111320904
186 111320967 111320967 111320967
187 111321017 111321017 111321017
188 111321106 111321109 111321106
189 111321121 111321122 111321121
190 111321166 111321167 111321166
191 111321209 111321209 111321209
192 111321267 111321267 111321267
193 111321321 111321323 111321321
194 111321354 111321354 111321354
195 111321409 111321409 111321409
196 111321469 111321469 111321469
197 111321520 111321520 111321520
198 111321565 111321565 111321565
199 111321605 111321605 111321605
200 111321668 111321674 111321668
201 111321705 111321705 111321705
202 111321763 111321763 111321763
203 111321810 111321814 111321810
204 111321870 111321870 111321870
205 111321908 111321908 111321908
206 111321959 111321959 111321959
207 111322014 111322014 111322014
208 111322059 111322059 111322059
209 111322115 111322116 111322115
210 111322164 111322165 111322164
211 111322215 111322215 111322215
212 111322265 111322265 111322265
213 111322318 111322318 111322318
214 111322365 111322365 111322365
215 111322415 111322415 111322415
216 111322465 111322466 111322465
217 111322515 111322515 111322515
218 111322567 111322567 111322567
219 111322615 111322615 111322615
220 111322668 111322668 111322668
221 111322717 111322717 111322717
222 111322769 111322770 111322769
223 111322817 111322817 111322817
224 111322873 111322873 111322873
225 111322904 111322904 111322904
226 111322959 111322959 111322959
227 111323016 111323016 111323016
228 111323066 111323066 111323066
229 111323114 111323115 111323114
230 111323168 111323168 111323168
231 111323214 111323214 111323214
232 111323266 111323266 111323266
233 111323315 111323315 111323315
234 111323353 111323354 111323353
235 111323413 111323414 111323413
236 111323466 111323470 111323466
237 111323518 111323518 111323518
238 111323566 111323567 111323566
239 111323617 111323617 111323617
240 111323664 111323665 111323664
241 111323716 111323716 111323716
242 111323765 111323766 111323765
243 111323820 111323820 111323820
244 111323855 111323855 111323855
245 111323915 111323916 111323915
246 111323968 111323968 111323968
247 111324017 111324017 111324017
248 111324068 111324068 111324068
249 111324103 111324103 111324103
250 111324169 111324169 111324169
251 111324218 111324218 111324218
252 111324265 111324265 111324265
253 111324316 111324317 111324316
254 111324364 111324365 111324364
255 111324406 111324406 111324406
256 111324464 111324465 111324464
257 111324516 111324518 111324516
258 111324569 111324569 111324569
259 111324623 111324623 111324623
260 111324654 111324654 111324654
261 111324710 111324712 111324710
262 111324759 111324759 111324759
263 111324815 111324815 111324815
264 111324870 111324870 111324870
265 111324919 111324919 111324919
266 111324964 111324964 111324964
267 111325016 111325016 111325016
268 111325055 111325057 111325055
269 111325114 111325116 111325114
270 111325166 111325166 111325166
271 111325218 111325218 111325218
272 111325266 111325266 111325266
273 111325314 111325314 111325314
274 111325368 111325368 111325368
275 111325415 111325415 111325415
276 111325458 111325459 111325458
277 111325517 111325517 111325517
278 111325564 111325564 111325564
279 111325615 111325615 111325615
280 111325664 111325664 111325664
281 111325715 111325716 111325715
282 111325767 111325767 111325767
283 111325817 111325817 111325817
284 111325867 111325867 111325867
285 111325919 111325920 111325919
286 111325968 111325968 111325968
287 111326016 111326017 111326016
288 111326067 111326068 111326067
289 111326118 111326118 111326118
290 111326154 111326155 111326154
291 111326210 111326210 111326210
292 111326259 111326259 111326259
293 111326315 111326315 111326315
294 111326366 111326367 111326366
295 111326403 111326404 111326403
296 111326459 111326459 111326459
297 111326515 111326516 111326515
298 111326565 111326566 111326565
299 111326614 111326615 111326614
300 111326669 111326669 111326669
301 111326713 111326713 111326713
302 111326759 111326767 111326759
303 111326809 111326809 111326809
304 111326927 111326927 111326927
305 111326930 111326930 111326930
306 111326956 111326957 111326956
307 111327010 111327015 111327010
308 111327059 111327060 111327059
309 111327109 111327109 111327109
310 111327166 111327166 111327166
311 111327214 111327214 111327214
312 111327265 111327265 111327265
313 111327315 111327315 111327315
314 111327366 111327367 111327366
315 111327414 111327415 111327414
316 111327453 111327453 111327453
317 111327516 111327516 111327516
318 111327567 111327567 111327567
319 111327620 111327620 111327620
320 111327655 111327655 111327655
321 111327709 111327709 111327709
322 111327765 111327766 111327765
323 111327818 111327818 111327818
324 111327866 111327866 111327866
325 111327916 111327916 111327916
326 111327966 111327966 111327966
327 111328020 111328021 111328020
328 111328071 111328071 111328071
329 111328106 111328106 111328106
330 111328159 111328159 111328159
331 111328216 111328216 111328216
332 111328269 111328270 111328269
333 111328316 111328316 111328316
334 111328364 111328364 111328364
335 111328416 111328416 111328416
336 111328466 111328466 111328466
337 111328515 111328515 111328515
338 111328565 111328565 111328565
339 111328617 111328617 111328617
340 111328665 111328665 111328665
341 111328714 111328714 111328714
342 111328766 111328766 111328766
343 111328810 111328810 111328810
344 111328866 111328866 111328866
345 111328916 111328917 111328916
346 111328969 111328969 111328969
347 111329020 111329021 111329020
348 111329056 111329056 111329056
349 111329110 111329110 111329110
350 111329164 111329164 111329164
351 111329216 111329216 111329216
352 111329265 111329266 111329265
353 111329318 111329318 111329318
354 111329366 111329366 111329366
355 111329420 111329420 111329420
356 111329470 111329470 111329470
357 111329521 111329522 111329521
358 111329568 111329568 111329568
359 111329617 111329617 111329617
360 111329668 111329669 111329668
361 111329715 111329715 111329715
362 111329763 111329763 111329763
363 111329816 111329816 111329816
364 111329865 111329865 111329865
365 111329917 111329917 111329917
366 111329973 111329973 111329973
367 111330007 111330008 111330007
368 111330070 111330070 111330070
369 111330108 111330108 111330108
370 111330166 111330167 111330166
371 111330215 111330215 111330215
372 111330267 111330267 111330267
373 111330313 111330313 111330313
374 111330364 111330365 111330364
375 111330416 111330416 111330416
376 111330465 111330465 111330465
377 111330517 111330517 111330517
378 111330566 111330566 111330566
379 111330603 111330603 111330603
380 111330659 111330659 111330659
381 111330714 111330714 111330714
382 111330765 111330766 111330765
383 111330815 111330816 111330815
384 111330868 111330868 111330868
385 111330916 111330916 111330916
386 111330960 111330960 111330960
387 111331016 111331016 111331016
388 111331055 111331055 111331055
389 111331120 111331120 111331120
390 111331165 111331165 111331165
391 111331216 111331216 111331216
392 111331263 111331263 111331263
393 111331309 111331309 111331309
394 111331366 111331366 111331366
395 111331419 111331419 111331419
396 111331468 111331468 111331468
397 111331506 111331506 111331506
398 111331564 111331565 111331564
399 111331614 111331615 111331614
400 111331667 111331668 111331667
401 111331716 111331716 111331716
402 111331767 111331767 111331767
403 111331819 111331819 111331819
404 111331855 111331856 111331855
405 111331910 111331910 111331910
406 111331965 111331965 111331965
407 111332018 111332018 111332018
408 111332065 111332066 111332065
409 111332117 111332118 111332117
410 111332166 111332166 111332166
411 111332215 111332215 111332215
412 111332269 111332270 111332269
413 111332317 111332318 111332317
414 111332367 111332367 111332367
415 111332415 111332415 111332415
416 111332469 111332469 111332469
417 111332519 111332519 111332519
418 111332560 111332560 111332560
419 111332614 111332614 111332614
420 111332664 111332664 111332664
421 111332716 111332716 111332716
422 111332766 111332766 111332766
423 111332816 111332816 111332816
424 111332865 111332865 111332865
425 111332915 111332915 111332915
426 111332968 111332968 111332968
427 111333016 111333016 111333016
428 111333054 111333054 111333054
429 111333110 111333113 111333110
430 111333159 111333159 111333159
431 111333216 111333217 111333216
432 111333265 111333267 111333265
433 111333317 111333317 111333317
434 111333366 111333366 111333366
435 111333417 111333417 111333417
436 111333455 111333455 111333455
437 111333506 111333506 111333506
438 111333557 111333557 111333557
439 111333609 111333610 111333609
440 111333668 111333668 111333668
441 111333715 111333715 111333715
442 111333767 111333767 111333767
443 111333816 111333816 111333816
444 111333869 111333869 111333869
445 111333917 111333918 111333917
446 111333962 111333963 111333962
447 111334019 111334019 111334019
448 111334065 111334065 111334065
449 111334110 111334110 111334110
450 111334165 111334165 111334165
451 111334213 111334213 111334213
452 111334264 111334264 111334264
453 111334316 111334316 111334316
454 111334366 111334366 111334366
455 111334405 111334406 111334405
456 111334467 111334467 111334467
457 111334515 111334515 111334515
458 111334566 111334566 111334566
459 111334616 111334616 111334616
460 111334666 111334667 111334666
461 111334718 111334718 111334718
462 111334766 111334766 111334766
463 111334818 111334818 111334818
464 111334853 111334853 111334853
465 111334918 111334918 111334918
466 111334966 111334966 111334966
467 111335015 111335015 111335015
468 111335072 111335072 111335072
469 111335108 111335108 111335108
470 111335167 111335167 111335167
471 111335217 111335217 111335217
472 111335270 111335271 111335270
473 111335303 111335303 111335303
474 111335360 111335360 111335360
475 111335418 111335418 111335418
476 111335472 111335472 111335472
477 111335503 111335503 111335503
478 111335564 111335564 111335564
479 111335613 111335613 111335613
480 111335665 111335665 111335665
481 111335715 111335716 111335715
482 111335765 111335765 111335765
483 111335814 111335814 111335814
484 111335867 111335868 111335867
485 111335916 111335916 111335916
486 111335964 111335964 111335964
487 111336003 111336003 111336003
488 111336057 111336057 111336057
489 111336120 111336120 111336120
490 111336173 111336173 111336173
491 111336203 111336204 111336203
492 111336256 111336256 111336256
493 111336313 111336313 111336313
494 111336366 111336366 111336366
495 111336416 111336416 111336416
496 111336471 111336471 111336471
497 111336504 111336508 111336504
498 111336567 111336567 111336567
499 111336616 111336616 111336616
500 111336655 111336656 111336655
501 111336707 111336707 111336707
502 111336759 111336760 111336759
503 111336819 111336819 111336819
504 111336865 111336865 111336865
505 111336913 111336913 111336913
506 111336966 111336966 111336966
507 111337015 111337015 111337015
508 111337066 111337066 111337066
509 111337114 111337114 111337114
510 111337166 111337166 111337166
511 111337214 111337214 111337214
512 111337268 111337268 111337268
513 111337315 111337315 111337315
514 111337360 111337364 111337360
515 111337417 111337418 111337417
516 111337471 111337471 111337471
517 111337519 111337519 111337519
518 111337565 111337565 111337565
519 111337616 111337617 111337616
520 111337667 111337667 111337667
521 111337706 111337707 111337706
522 111337766 111337766 111337766
523 111337814 111337815 111337814
524 111337870 111337870 111337870
525 111337919 111337920 111337919
526 111337953 111337953 111337953
527 111338007 111338008 111338007
528 111338071 111338071 111338071
529 111338106 111338106 111338106
530 111338159 111338159 111338159
531 111338215 111338215 111338215
532 111338266 111338266 111338266
533 111338303 111338303 111338303
534 111338358 111338358 111338358
535 111338410 111338410 111338410
536 111338467 111338467 111338467
537 111338507 111338507 111338507
538 111338566 111338566 111338566
539 111338615 111338616 111338615
540 111338670 111338670 111338670
541 111338715 111338716 111338715
542 111338765 111338767 111338765
543 111338818 111338818 111338818
544 111338869 111338871 111338869
545 111338919 111338920 111338919
546 111338968 111338968 111338968
547 111339004 111339004 111339004
548 111339065 111339066 111339065
549 111339121 111339121 111339121
550 111339169 111339169 111339169
551 111339219 111339219 111339219
552 111339269 111339270 111339269
553 111339316 111339316 111339316
554 111339369 111339369 111339369
555 111339424 111339430 111339424
556 111339463 111339463 111339463
557 111339519 111339519 111339519
558 111339568 111339568 111339568
559 111339619 111339619 111339619
560 111339654 111339655 111339654
561 111339707 111339708 111339707
562 111339765 111339765 111339765
563 111339813 111339813 111339813
564 111339866 111339866 111339866
565 111339915 111339915 111339915
566 111339967 111339967 111339967
567 111340016 111340016 111340016
568 111340068 111340068 111340068
569 111340117 111340117 111340117
570 111340166 111340166 111340166
571 111340204 111340204 111340204
572 111340252 111340253 111340252
573 111340303 111340303 111340303
574 111340364 111340365 111340364
575 111340415 111340415 111340415
576 111340467 111340467 111340467
577 111340520 111340520 111340520
578 111340553 111340553 111340553
579 111340615 111340615 111340615
580 111340670 111340670 111340670
581 111340714 111340714 111340714
582 111340766 111340768 111340766
583 111340817 111340817 111340817
584 111340871 111340872 111340871
585 111340919 111340920 111340919
586 111340966 111340967 111340966
587 111341018 111341019 111341018
588 111341065 111341065 111341065
589 111341121 111341121 111341121
590 111341160 111341164 111341160
591 111341215 111341215 111341215
592 111341267 111341267 111341267
593 111341304 111341304 111341304
594 111341367 111341367 111341367
595 111341414 111341414 111341414
596 111341468 111341468 111341468
597 111341515 111341515 111341515
598 111341565 111341566 111341565
599 111341603 111341603 111341603
600 111341654 111341654 111341654
601 111341705 111341705 111341705
602 111341753 111341753 111341753
603 111341808 111341808 111341808
604 111341866 111341866 111341866
605 111341915 111341915 111341915
606 111341967 111341967 111341967
607 111342015 111342015 111342015
608 111342070 111342071 111342070
609 111342118 111342118 111342118
610 111342170 111342170 111342170
611 111342219 111342219 111342219
612 111342270 111342270 111342270
613 111342310 111342318 111342310
614 111342364 111342364 111342364
615 111342414 111342414 111342414
616 111342466 111342467 111342466
617 111342518 111342518 111342518
618 111342567 111342568 111342567
619 111342614 111342615 111342614
620 111342668 111342668 111342668
621 111342704 111342705 111342704
622 111342759 111342759 111342759
623 111342814 111342815 111342814
624 111342865 111342865 111342865
625 111342916 111342916 111342916
626 111342964 111342964 111342964
627 111343017 111343018 111343017
628 111343065 111343065 111343065
629 111343119 111343119 111343119
630 111343169 111343169 111343169
631 111343216 111343216 111343216
632 111343265 111343266 111343265
633 111343317 111343317 111343317
634 111343367 111343367 111343367
635 111343414 111343414 111343414
636 111343470 111343470 111343470
637 111343515 111343516 111343515
638 111343565 111343566 111343565
639 111343616 111343616 111343616
640 111343668 111343668 111343668
641 111343710 111343710 111343710
642 111343767 111343767 111343767
643 111343819 111343819 111343819
644 111343866 111343869 111343866
645 111343914 111343914 111343914
646 111343966 111343966 111343966
647 111344015 111344015 111344015
648 111344066 111344067 111344066
649 111344119 111344119 111344119
650 111344156 111344156 111344156
651 111344214 111344214 111344214
652 111344266 111344266 111344266
653 111344316 111344316 111344316
654 111344365 111344365 111344365
655 111344425 111344425 111344425
656 111344460 111344465 111344460
657 111344517 111344517 111344517
658 111344569 111344569 111344569
659 111344614 111344615 111344614
660 111344666 111344666 111344666
661 111344716 111344716 111344716
662 111344753 111344754 111344753
663 111344803 111344804 111344803
664 111344855 111344855 111344855
665 111344915 111344915 111344915
666 111344964 111344964 111344964
667 111345017 111345017 111345017
668 111345069 111345069 111345069
669 111345103 111345103 111345103
670 111345165 111345165 111345165
671 111345219 111345219 111345219
672 111345268 111345269 111345268
673 111345313 111345316 111345313
674 111345355 111345355 111345355
675 111345408 111345408 111345408
676 111345457 111345458 111345457
677 111345503 111345503 111345503
678 111345554 111345554 111345554
679 111345613 111345613 111345613
680 111345665 111345665 111345665
681 111345705 111345705 111345705
682 111345771 111345771 111345771
683 111345806 111345806 111345806
684 111345862 111345863 111345862
685 111345914 111345914 111345914
686 111345969 111345969 111345969
687 111346020 111346020 111346020
688 111346053 111346053 111346053
689 111346121 111346121 111346121
690 111346156 111346157 111346156
691 111346210 111346210 111346210
692 111346264 111346265 111346264
693 111346316 111346316 111346316
694 111346365 111346365 111346365
695 111346416 111346416 111346416
696 111346468 111346469 111346468
697 111346517 111346517 111346517
698 111346565 111346565 111346565
699 111346617 111346618 111346617
700 111346667 111346667 111346667
701 111346719 111346719 111346719
702 111346769 111346769 111346769
703 111346813 111346813 111346813
704 111346860 111346860 111346860
705 111346902 111346902 111346902
706 111346957 111346957 111346957
707 111347008 111347009 111347008
708 111347071 111347071 111347071
709 111347116 111347116 111347116
710 111347174 111347175 111347174
711 111347288 111347289 111347288
712 111347289 111347289 111347289
713 111347314 111347314 111347314
714 111347369 111347370 111347369
715 111347406 111347407 111347406
716 111347459 111347459 111347459
717 111347521 111347521 111347521
718 111347554 111347554 111347554
719 111347604 111347604 111347604
720 111347655 111347655 111347655
721 111347707 111347707 111347707
722 111347759 111347760 111347759
723 111347809 111347809 111347809
724 111347867 111347867 111347867
725 111347916 111347916 111347916
726 111347965 111347965 111347965
727 111348017 111348018 111348017
728 111348067 111348067 111348067
729 111348122 111348122 111348122
730 111348155 111348155 111348155
731 111348215 111348215 111348215
732 111348264 111348267 111348264
733 111348316 111348318 111348316
734 111348353 111348353 111348353
735 111348406 111348406 111348406
736 111348463 111348463 111348463
737 111348516 111348516 111348516
738 111348564 111348564 111348564
739 111348618 111348618 111348618
740 111348664 111348665 111348664
741 111348718 111348718 111348718
742 111348769 111348769 111348769
743 111348816 111348817 111348816
744 111348860 111348866 111348860
745 111348916 111348916 111348916
746 111348959 111348960 111348959
747 111349014 111349014 111349014
748 111349065 111349066 111349065
749 111349104 111349104 111349104
750 111349155 111349156 111349155
751 111349208 111349208 111349208
752 111349265 111349265 111349265
753 111349318 111349318 111349318
754 111349366 111349366 111349366
755 111349403 111349404 111349403
756 111349472 111349472 111349472
757 111349506 111349506 111349506
758 111349567 111349568 111349567
759 111349614 111349614 111349614
760 111349666 111349666 111349666
761 111349716 111349717 111349716
762 111349754 111349754 111349754
763 111349809 111349810 111349809
764 111349865 111349865 111349865
765 111349903 111349903 111349903
766 111349970 111349972 111349970
767 111350006 111350006 111350006
768 111350068 111350068 111350068
769 111350116 111350116 111350116
770 111350169 111350169 111350169
771 111350221 111350221 111350221
772 111350254 111350254 111350254
773 111350324 111350324 111350324
774 111350356 111350356 111350356
775 111350414 111350414 111350414
776 111350465 111350466 111350465
777 111350505 111350505 111350505
778 111350558 111350558 111350558
779 111350608 111350608 111350608
780 111350664 111350665 111350664
781 111350717 111350717 111350717
782 111350764 111350764 111350764
783 111350819 111350820 111350819
784 111350867 111350867 111350867
785 111350916 111350917 111350916
786 111350967 111350967 111350967
787 111351018 111351018 111351018
788 111351060 111351060 111351060
789 111351117 111351118 111351117
790 111351158 111351159 111351158
791 111351216 111351217 111351216
792 111351254 111351255 111351254
793 111351308 111351309 111351308
794 111351364 111351364 111351364
795 111351417 111351417 111351417
796 111351466 111351466 111351466
797 111351516 111351516 111351516
798 111351569 111351570 111351569
799 111351618 111351618 111351618
800 111351667 111351667 111351667
801 111351723 111351723 111351723
802 111351754 111351754 111351754
803 111351807 111351807 111351807
804 111351859 111351860 111351859
805 111351916 111351917 111351916
806 111351963 111351963 111351963
807 111352015 111352016 111352015
808 111352066 111352066 111352066
809 111352117 111352117 111352117
810 111352166 111352166 111352166
811 111352220 111352220 111352220
812 111352267 111352268 111352267
813 111352310 111352310 111352310
814 111352368 111352368 111352368
815 111352415 111352415 111352415
816 111352460 111352463 111352460
817 111352504 111352504 111352504
818 111352569 111352569 111352569
819 111352617 111352617 111352617
820 111352666 111352666 111352666
821 111352715 111352715 111352715
822 111352765 111352765 111352765
823 111352818 111352818 111352818
824 111352868 111352868 111352868
825 111352920 111352920 111352920
826 111352970 111352971 111352970
827 111353021 111353022 111353021
828 111353053 111353053 111353053
829 111353105 111353106 111353105
830 111353163 111353164 111353163
831 111353217 111353217 111353217
832 111353264 111353264 111353264
833 111353317 111353317 111353317
834 111353365 111353365 111353365
835 111353416 111353416 111353416
836 111353465 111353465 111353465
837 111353515 111353517 111353515
838 111353566 111353567 111353566
839 111353617 111353617 111353617
840 111353667 111353667 111353667
841 111353718 111353718 111353718
842 111353770 111353770 111353770
843 111353817 111353817 111353817
844 111353869 111353869 111353869
845 111353916 111353916 111353916
846 111353964 111353964 111353964
847 111354015 111354015 111354015
848 111354057 111354057 111354057
849 111354109 111354109 111354109
850 111354165 111354165 111354165
851 111354221 111354221 111354221
852 111354255 111354255 111354255
853 111354310 111354310 111354310
854 111354368 111354368 111354368
855 111354417 111354417 111354417
856 111354457 111354457 111354457
857 111354518 111354519 111354518
858 111354554 111354554 111354554
859 111354608 111354609 111354608
860 111354660 111354660 111354660
861 111354704 111354704 111354704
862 111354760 111354760 111354760
863 111354805 111354805 111354805
864 111354867 111354867 111354867
865 111354918 111354918 111354918
866 111354967 111354967 111354967
867 111355020 111355021 111355020
868 111355067 111355067 111355067
869 111355115 111355115 111355115
870 111355168 111355168 111355168
871 111355217 111355217 111355217
872 111355268 111355268 111355268
873 111355302 111355302 111355302
874 111355359 111355359 111355359
875 111355409 111355409 111355409
876 111355464 111355464 111355464
877 111355504 111355504 111355504
878 111355560 111355560 111355560
879 111355615 111355615 111355615
880 111355666 111355666 111355666
881 111355715 111355715 111355715
882 111355769 111355769 111355769
883 111355816 111355817 111355816
884 111355867 111355867 111355867
885 111355916 111355917 111355916
886 111355960 111355960 111355960
887 111356015 111356015 111356015
888 111356064 111356064 111356064
889 111356119 111356121 111356119
890 111356159 111356159 111356159
891 111356218 111356218 111356218
892 111356253 111356253 111356253
893 111356307 111356307 111356307
894 111356364 111356364 111356364
895 111356414 111356416 111356414
896 111356468 111356468 111356468
897 111356505 111356505 111356505
898 111356569 111356570 111356569
899 111356617 111356618 111356617
900 111356660 111356660 111356660
901 111356716 111356716 111356716
902 111356764 111356765 111356764
903 111356817 111356817 111356817
904 111356866 111356866 111356866
905 111356904 111356904 111356904
906 111356957 111356957 111356957
907 111357014 111357014 111357014
908 111357066 111357067 111357066
909 111357115 111357115 111357115
910 111357169 111357170 111357169
911 111357217 111357217 111357217
912 111357253 111357253 111357253
913 111357307 111357307 111357307
914 111357365 111357365 111357365
915 111357416 111357416 111357416
916 111357466 111357466 111357466
917 111357505 111357506 111357505
918 111357555 111357555 111357555
919 111357614 111357617 111357614
920 111357665 111357665 111357665
921 111357716 111357717 111357716
922 111357766 111357767 111357766
923 111357816 111357816 111357816
924 111357869 111357869 111357869
925 111357916 111357916 111357916
926 111357960 111357968 111357960
927 111358017 111358017 111358017
928 111358063 111358069 111358063
929 111358103 111358103 111358103
930 111358158 111358159 111358158
931 111358210 111358210 111358210
932 111358275 111358275 111358275
933 111358305 111358305 111358305
934 111358358 111358358 111358358
935 111358415 111358415 111358415
936 111358466 111358466 111358466
937 111358517 111358517 111358517
938 111358571 111358571 111358571
939 111358618 111358618 111358618
940 111358668 111358668 111358668
941 111358719 111358720 111358719
942 111358768 111358768 111358768
943 111358817 111358817 111358817
944 111358864 111358864 111358864
945 111358918 111358919 111358918
946 111358952 111358953 111358952
947 111359003 111359004 111359003
948 111359056 111359057 111359056
949 111359109 111359109 111359109
950 111359165 111359165 111359165
951 111359218 111359218 111359218
952 111359266 111359267 111359266
953 111359316 111359316 111359316
954 111359368 111359368 111359368
955 111359417 111359417 111359417
956 111359473 111359474 111359473
957 111359514 111359515 111359514
958 111359565 111359565 111359565
959 111359615 111359615 111359615
960 111359666 111359666 111359666
961 111359715 111359717 111359715
962 111359765 111359766 111359765
963 111359815 111359815 111359815
964 111359867 111359867 111359867
965 111359915 111359915 111359915
966 111359969 111359969 111359969
967 111400121 111400122 111400121
968 111400122 111400122 111400122
969 111400123 111400123 111400123
970 111400156 111400156 111400156
971 111400214 111400215 111400214
972 111400264 111400264 111400264
973 111400305 111400306 111400305
974 111400356 111400358 111400356
975 111400408 111400408 111400408
976 111400465 111400465 111400465
977 111400515 111400515 111400515
978 111400566 111400566 111400566
979 111400616 111400616 111400616
980 111400668 111400668 111400668
981 111400721 111400722 111400721
982 111400754 111400755 111400754
983 111400806 111400806 111400806
984 111400859 111400859 111400859
985 111400917 111400917 111400917
986 111400966 111400966 111400966
987 111401010 111401015 111401010
988 111401065 111401066 111401065
989 111401120 111401120 111401120
990 111401158 111401158 111401158
991 111401214 111401214 111401214
992 111401269 111401269 111401269
993 111401321 111401322 111401321
994 111401354 111401354 111401354
995 111401409 111401409 111401409
996 111401459 111401459 111401459
997 111401519 111401520 111401519
998 111401570 111401570 111401570
999 111401615 111401616 111401615
1000 111401665 111401666 111401665
1001 111401716 111401717 111401716
1002 111401766 111401766 111401766
1003 111401813 111401814 111401813
1004 111401865 111401865 111401865
1005 111401914 111401915 111401914
1006 111401966 111401966 111401966
1007 111402017 111402018 111402017
1008 111402069 111402069 111402069
1009 111402116 111402117 111402116
1010 111402168 111402168 111402168
1011 111402218 111402218 111402218
1012 111402271 111402271 111402271
1013 111402303 111402303 111402303
1014 111402358 111402358 111402358
1015 111402407 111402407 111402407
1016 111402466 111402466 111402466
1017 111402515 111402515 111402515
1018 111402566 111402566 111402566
1019 111402622 111402622 111402622
1020 111402654 111402654 111402654
1021 111402709 111402710 111402709
1022 111402760 111402763 111402760
1023 111402816 111402816 111402816
1024 111402864 111402865 111402864
1025 111402919 111402919 111402919
1026 111402967 111402968 111402967
1027 111403016 111403016 111403016
1028 111403065 111403066 111403065
1029 111403103 111403104 111403103
1030 111403153 111403153 111403153
1031 111403215 111403215 111403215
1032 111403255 111403255 111403255
1033 111403309 111403309 111403309
1034 111403366 111403366 111403366
1035 111403415 111403415 111403415
1036 111403459 111403460 111403459
1037 111403518 111403519 111403518
1038 111403570 111403570 111403570
1039 111403619 111403619 111403619
1040 111403664 111403664 111403664
1041 111403703 111403703 111403703
1042 111403759 111403760 111403759
1043 111403809 111403814 111403809
1044 111403866 111403866 111403866
1045 111403916 111403918 111403916
1046 111403966 111403967 111403966
1047 111404017 111404017 111404017
1048 111404066 111404067 111404066
1049 111404117 111404117 111404117
1050 111404169 111404169 111404169
1051 111404220 111404220 111404220
1052 111404257 111404257 111404257
1053 111404319 111404319 111404319
1054 111404365 111404365 111404365
1055 111404416 111404416 111404416
1056 111404480 111404480 111404480
1057 111404510 111404513 111404510
1058 111404565 111404566 111404565
1059 111404616 111404616 111404616
1060 111404666 111404667 111404666
1061 111404715 111404715 111404715
1062 111404767 111404768 111404767
1063 111404815 111404818 111404815
1064 111404854 111404855 111404854
1065 111404917 111404917 111404917
1066 111404955 111404955 111404955
1067 111405009 111405009 111405009
1068 111405065 111405065 111405065
1069 111405103 111405104 111405103
1070 111405156 111405158 111405156
1071 111405207 111405207 111405207
1072 111405268 111405268 111405268
1073 111405305 111405305 111405305
1074 111405365 111405366 111405365
1075 111405415 111405415 111405415
1076 111405466 111405466 111405466
1077 111405515 111405515 111405515
1078 111405569 111405569 111405569
1079 111405615 111405615 111405615
1080 111405664 111405665 111405664
1081 111405719 111405719 111405719
1082 111405766 111405766 111405766
1083 111405818 111405818 111405818
1084 111405864 111405865 111405864
1085 111405917 111405918 111405917
1086 111405965 111405965 111405965
1087 111406014 111406014 111406014
1088 111406067 111406067 111406067
1089 111406121 111406121 111406121
1090 111406159 111406159 111406159
1091 111406214 111406215 111406214
1092 111406271 111406271 111406271
1093 111406304 111406305 111406304
1094 111406358 111406358 111406358
1095 111406407 111406407 111406407
1096 111406460 111406460 111406460
1097 111406521 111406521 111406521
1098 111406570 111406571 111406570
1099 111406603 111406603 111406603
1100 111406666 111406666 111406666
1101 111406716 111406716 111406716
1102 111406754 111406754 111406754
1103 111406817 111406817 111406817
1104 111406869 111406870 111406869
1105 111406916 111406916 111406916
1106 111406965 111406965 111406965
1107 111407016 111407016 111407016
1108 111407069 111407070 111407069
1109 111407116 111407117 111407116
1110 111407163 111407163 111407163
1111 111407216 111407217 111407216
1112 111407264 111407264 111407264
1113 111407304 111407304 111407304
1114 111407366 111407367 111407366
1115 111407407 111407407 111407407
1116 111407458 111407459 111407458
1117 111407509 111407509 111407509
1118 111407621 111407621 111407621
1119 111407623 111407623 111407623
1120 111407671 111407672 111407671
1121 111407715 111407716 111407715
1122 111407764 111407764 111407764
1123 111407809 111407809 111407809
1124 111407866 111407866 111407866
1125 111407917 111407917 111407917
1126 111407965 111407965 111407965
1127 111408015 111408015 111408015
1128 111408065 111408066 111408065
1129 111408119 111408120 111408119
1130 111408154 111408154 111408154
1131 111408219 111408219 111408219
1132 111408256 111408256 111408256
1133 111408315 111408316 111408315
1134 111408353 111408353 111408353
1135 111408415 111408415 111408415
1136 111408464 111408464 111408464
1137 111408519 111408519 111408519
1138 111408571 111408572 111408571
1139 111408604 111408604 111408604
1140 111408654 111408654 111408654
1141 111408715 111408715 111408715
1142 111408766 111408766 111408766
1143 111408810 111408810 111408810
1144 111408855 111408855 111408855
1145 111408914 111408914 111408914
1146 111408953 111408953 111408953
1147 111409015 111409015 111409015
1148 111409069 111409069 111409069
1149 111409117 111409118 111409117
1150 111409173 111409174 111409173
1151 111409205 111409206 111409205
1152 111409266 111409266 111409266
1153 111409304 111409304 111409304
1154 111409369 111409369 111409369
1155 111409403 111409403 111409403
1156 111409456 111409457 111409456
1157 111409515 111409516 111409515
1158 111409566 111409566 111409566
1159 111409607 111409607 111409607
1160 111409658 111409658 111409658
1161 111409714 111409714 111409714
1162 111409765 111409765 111409765
1163 111409816 111409816 111409816
1164 111409865 111409865 111409865
1165 111409916 111409917 111409916
1166 111409969 111409969 111409969
1167 111410003 111410004 111410003
1168 111410059 111410059 111410059
1169 111410116 111410116 111410116
1170 111410168 111410168 111410168
1171 111410215 111410215 111410215
1172 111410254 111410255 111410254
1173 111410310 111410310 111410310
1174 111410366 111410366 111410366
1175 111410417 111410417 111410417
1176 111410465 111410466 111410465
1177 111410517 111410517 111410517
1178 111410566 111410566 111410566
1179 111410617 111410617 111410617
1180 111410665 111410666 111410665
1181 111410710 111410710 111410710
1182 111410768 111410768 111410768
1183 111410813 111410813 111410813
1184 111410865 111410865 111410865
1185 111410922 111410922 111410922
1186 111410953 111410954 111410953
1187 111411010 111411012 111411010
1188 111411060 111411060 111411060
1189 111411115 111411116 111411115
1190 111411169 111411169 111411169
1191 111411218 111411218 111411218
1192 111411271 111411271 111411271
1193 111411304 111411304 111411304
1194 111411366 111411366 111411366
1195 111411404 111411404 111411404
1196 111411468 111411468 111411468
1197 111411509 111411509 111411509
1198 111411559 111411560 111411559
1199 111411613 111411613 111411613
1200 111411666 111411666 111411666
1201 111411716 111411722 111411716
1202 111411755 111411756 111411755
1203 111411814 111411814 111411814
1204 111411863 111411864 111411863
1205 111411916 111411916 111411916
1206 111411966 111411967 111411966
1207 111412019 111412020 111412019
1208 111412067 111412068 111412067
1209 111412117 111412117 111412117
1210 111412167 111412168 111412167
1211 111412220 111412220 111412220
1212 111412266 111412266 111412266
1213 111412317 111412317 111412317
1214 111412353 111412353 111412353
1215 111412409 111412409 111412409
1216 111412459 111412459 111412459
1217 111412519 111412519 111412519
1218 111412569 111412569 111412569
1219 111412616 111412616 111412616
1220 111412664 111412665 111412664
1221 111412716 111412716 111412716
1222 111412770 111412770 111412770
1223 111412804 111412804 111412804
1224 111412862 111412863 111412862
1225 111412913 111412913 111412913
1226 111412966 111412967 111412966
1227 111413014 111413015 111413014
1228 111413066 111413066 111413066
1229 111413115 111413115 111413115
1230 111413167 111413167 111413167
1231 111413215 111413215 111413215
1232 111413264 111413264 111413264
1233 111413317 111413317 111413317
1234 111413371 111413371 111413371
1235 111413404 111413405 111413404
1236 111413453 111413454 111413453
1237 111413519 111413520 111413519
1238 111413558 111413558 111413558
1239 111413609 111413609 111413609
1240 111413671 111413671 111413671
1241 111413704 111413707 111413704
1242 111413759 111413759 111413759
1243 111413815 111413819 111413815
1244 111413855 111413855 111413855
1245 111413906 111413907 111413906
1246 111413960 111413963 111413960
1247 111414016 111414016 111414016
1248 111414065 111414065 111414065
1249 111414104 111414104 111414104
1250 111414169 111414169 111414169
1251 111414204 111414204 111414204
1252 111414265 111414265 111414265
1253 111414315 111414316 111414315
1254 111414368 111414368 111414368
1255 111414415 111414416 111414415
1256 111414453 111414453 111414453
1257 111414520 111414520 111414520
1258 111414555 111414555 111414555
1259 111414606 111414607 111414606
1260 111414659 111414660 111414659
1261 111414715 111414716 111414715
1262 111414765 111414765 111414765
1263 111414817 111414817 111414817
1264 111414867 111414868 111414867
1265 111414918 111414919 111414918
1266 111414970 111414970 111414970
1267 111415004 111415004 111415004
1268 111415058 111415059 111415058
1269 111415113 111415114 111415113
1270 111415166 111415166 111415166
1271 111415217 111415217 111415217
1272 111415265 111415265 111415265
1273 111415319 111415319 111415319
1274 111415356 111415356 111415356
1275 111415417 111415417 111415417
1276 111415465 111415465 111415465
1277 111415503 111415504 111415503
1278 111415560 111415563 111415560
1279 111415610 111415615 111415610
1280 111415667 111415667 111415667
1281 111415716 111415719 111415716
1282 111415769 111415769 111415769
1283 111415804 111415804 111415804
1284 111415860 111415860 111415860
1285 111415915 111415915 111415915
1286 111415968 111415969 111415968
1287 111416017 111416017 111416017
1288 111416064 111416064 111416064
1289 111416117 111416117 111416117
1290 111416169 111416169 111416169
1291 111416204 111416205 111416204
1292 111416257 111416257 111416257
1293 111416308 111416308 111416308
1294 111416367 111416368 111416367
1295 111416422 111416422 111416422
1296 111416453 111416454 111416453
1297 111416510 111416513 111416510
1298 111416559 111416564 111416559
1299 111416616 111416616 111416616
1300 111416664 111416664 111416664
1301 111416716 111416716 111416716
1302 111416765 111416765 111416765
1303 111416804 111416804 111416804
1304 111416854 111416854 111416854
1305 111416905 111416905 111416905
1306 111416954 111416954 111416954
1307 111417015 111417015 111417015
1308 111417067 111417067 111417067
1309 111417114 111417114 111417114
1310 111417153 111417153 111417153
1311 111417203 111417204 111417203
1312 111417255 111417255 111417255
1313 111417313 111417313 111417313
1314 111417365 111417366 111417365
1315 111417422 111417422 111417422
1316 111417460 111417460 111417460
1317 111417520 111417521 111417520
1318 111417572 111417573 111417572
1319 111417604 111417604 111417604
1320 111417657 111417658 111417657
1321 111417708 111417708 111417708
1322 111417766 111417769 111417766
1323 111417814 111417814 111417814
1324 111417866 111417866 111417866
1325 111417915 111417915 111417915
1326 111417965 111417966 111417965
1327 111418015 111418015 111418015
1328 111418066 111418068 111418066
1329 111418117 111418118 111418117
1330 111418165 111418165 111418165
1331 111418217 111418217 111418217
1332 111418264 111418265 111418264
1333 111418310 111418317 111418310
1334 111418369 111418369 111418369
1335 111418420 111418420 111418420
1336 111418469 111418469 111418469
1337 111418515 111418517 111418515
1338 111418555 111418555 111418555
1339 111418613 111418613 111418613
1340 111418660 111418660 111418660
1341 111418714 111418715 111418714
1342 111418765 111418766 111418765
1343 111418818 111418818 111418818
1344 111418865 111418865 111418865
1345 111418917 111418917 111418917
1346 111418964 111418965 111418964
1347 111419018 111419018 111419018
1348 111419069 111419069 111419069
1349 111419118 111419118 111419118
1350 111419170 111419170 111419170
1351 111419208 111419208 111419208
1352 111419267 111419267 111419267
1353 111419303 111419303 111419303
1354 111419356 111419356 111419356
1355 111419414 111419414 111419414
1356 111419456 111419457 111419456
1357 111419506 111419506 111419506
1358 111419564 111419564 111419564
1359 111419618 111419618 111419618
1360 111419665 111419665 111419665
1361 111419716 111419717 111419716
1362 111419769 111419770 111419769
1363 111419805 111419805 111419805
1364 111419860 111419864 111419860
1365 111419914 111419914 111419914
1366 111419954 111419954 111419954
1367 111420014 111420014 111420014
1368 111420065 111420065 111420065
1369 111420114 111420114 111420114
1370 111420160 111420164 111420160
1371 111420215 111420216 111420215
1372 111420265 111420265 111420265
1373 111420318 111420318 111420318
1374 111420368 111420368 111420368
1375 111420404 111420404 111420404
1376 111420469 111420469 111420469
1377 111420523 111420527 111420523
1378 111420555 111420556 111420555
1379 111420610 111420613 111420610
1380 111420656 111420656 111420656
1381 111420705 111420705 111420705
1382 111420758 111420758 111420758
1383 111420815 111420815 111420815
1384 111420865 111420865 111420865
1385 111420917 111420917 111420917
1386 111420966 111420966 111420966
1387 111421017 111421017 111421017
1388 111421064 111421064 111421064
1389 111421119 111421119 111421119
1390 111421156 111421156 111421156
1391 111421215 111421215 111421215
1392 111421270 111421270 111421270
1393 111421319 111421319 111421319
1394 111421354 111421354 111421354
1395 111421416 111421416 111421416
1396 111421455 111421455 111421455
1397 111421516 111421516 111421516
1398 111421565 111421565 111421565
1399 111421617 111421617 111421617
1400 111421665 111421665 111421665
1401 111421717 111421717 111421717
1402 111421766 111421767 111421766
1403 111421805 111421805 111421805
1404 111421866 111421866 111421866
1405 111421917 111421919 111421917
1406 111421969 111421969 111421969
1407 111422013 111422013 111422013
1408 111422067 111422067 111422067
1409 111422114 111422114 111422114
1410 111422160 111422160 111422160
1411 111422217 111422217 111422217
1412 111422266 111422267 111422266
1413 111422316 111422316 111422316
1414 111422365 111422365 111422365
1415 111422417 111422417 111422417
1416 111422467 111422467 111422467
1417 111422520 111422521 111422520
1418 111422566 111422566 111422566
1419 111422614 111422615 111422614
1420 111422669 111422669 111422669
1421 111422715 111422715 111422715
1422 111422758 111422758 111422758
1423 111422817 111422817 111422817
1424 111422854 111422854 111422854
1425 111422904 111422904 111422904
1426 111422965 111422965 111422965
1427 111423017 111423017 111423017
1428 111423065 111423065 111423065
1429 111423117 111423117 111423117
1430 111423168 111423168 111423168
1431 111423222 111423222 111423222
1432 111423269 111423269 111423269
1433 111423305 111423305 111423305
1434 111423359 111423360 111423359
1435 111423414 111423414 111423414
1436 111423454 111423454 111423454
1437 111423510 111423513 111423510
1438 111423565 111423565 111423565
1439 111423604 111423604 111423604
1440 111423653 111423655 111423653
1441 111423708 111423709 111423708
1442 111423764 111423764 111423764
1443 111423816 111423816 111423816
1444 111423867 111423868 111423867
1445 111423907 111423907 111423907
1446 111423973 111423973 111423973
1447 111424007 111424007 111424007
1448 111424060 111424069 111424060
1449 111424114 111424115 111424114
1450 111424166 111424167 111424166
1451 111424218 111424218 111424218
1452 111424255 111424255 111424255
1453 111424315 111424316 111424315
1454 111424364 111424365 111424364
1455 111424417 111424417 111424417
1456 111424470 111424470 111424470
1457 111424503 111424503 111424503
1458 111424555 111424555 111424555
1459 111424605 111424605 111424605
1460 111424659 111424660 111424659
1461 111424714 111424714 111424714
1462 111424766 111424767 111424766
1463 111424819 111424819 111424819
1464 111424855 111424855 111424855
1465 111424912 111424913 111424912
1466 111424964 111424964 111424964
1467 111425004 111425005 111425004
1468 111425059 111425060 111425059
1469 111425109 111425109 111425109
1470 111425167 111425167 111425167
1471 111425217 111425217 111425217
1472 111425266 111425266 111425266
1473 111425319 111425319 111425319
1474 111425367 111425367 111425367
1475 111425415 111425415 111425415
1476 111425469 111425470 111425469
1477 111425504 111425505 111425504
1478 111425566 111425566 111425566
1479 111425617 111425617 111425617
1480 111425665 111425666 111425665
1481 111425716 111425717 111425716
1482 111425765 111425765 111425765
1483 111425819 111425819 111425819
1484 111425867 111425868 111425867
1485 111425918 111425918 111425918
1486 111425968 111425969 111425968
1487 111426013 111426013 111426013
1488 111426065 111426065 111426065
1489 111426118 111426118 111426118
1490 111426156 111426156 111426156
1491 111426209 111426209 111426209
1492 111426266 111426267 111426266
1493 111426314 111426316 111426314
1494 111426364 111426364 111426364
1495 111426417 111426417 111426417
1496 111426465 111426465 111426465
1497 111426503 111426503 111426503
1498 111426565 111426565 111426565
1499 111426610 111426610 111426610
1500 111426666 111426667 111426666
1501 111426718 111426718 111426718
1502 111426768 111426769 111426768
1503 111426815 111426815 111426815
1504 111426869 111426869 111426869
1505 111426915 111426915 111426915
1506 111426968 111426968 111426968
1507 111427019 111427019 111427019
1508 111427072 111427072 111427072
1509 111427103 111427103 111427103
1510 111427157 111427157 111427157
1511 111427217 111427217 111427217
1512 111427267 111427267 111427267
1513 111427319 111427319 111427319
1514 111427370 111427370 111427370
1515 111427421 111427421 111427421
1516 111427453 111427453 111427453
1517 111427508 111427509 111427508
1518 111427565 111427566 111427565
1519 111427614 111427614 111427614
1520 111427664 111427665 111427664
1521 111427715 111427715 111427715
1522 111427776 111427776 111427776
1523 111427806 111427807 111427806
1524 111427863 111427864 111427863
1525 111428069 111428070 111428069
1526 111428070 111428070 111428070
1527 111428070 111428070 111428070
1528 111428070 111428070 111428070
1529 111428127 111428132 111428127
1530 111428166 111428167 111428166
1531 111428215 111428215 111428215
1532 111428282 111428282 111428282
1533 111428318 111428318 111428318
1534 111428356 111428357 111428356
1535 111428405 111428405 111428405
1536 111428465 111428465 111428465
1537 111428509 111428509 111428509
1538 111428554 111428554 111428554
1539 111428604 111428604 111428604
1540 111428653 111428653 111428653
1541 111428707 111428707 111428707
1542 111428766 111428767 111428766
1543 111428814 111428814 111428814
1544 111428869 111428870 111428869
1545 111428915 111428915 111428915
1546 111428967 111428967 111428967
1547 111429014 111429014 111429014
1548 111429055 111429056 111429055
1549 111429114 111429115 111429114
1550 111429164 111429164 111429164
1551 111429216 111429216 111429216
1552 111429266 111429266 111429266
1553 111429319 111429319 111429319
1554 111429374 111429374 111429374
1555 111429405 111429405 111429405
1556 111429459 111429459 111429459
1557 111429510 111429510 111429510
1558 111429558 111429558 111429558
1559 111429614 111429614 111429614
1560 111429660 111429664 111429660
1561 111429716 111429716 111429716
1562 111429768 111429768 111429768
1563 111429815 111429816 111429815
1564 111429863 111429863 111429863
1565 111429916 111429917 111429916
1566 111429965 111429965 111429965
1567 111430016 111430017 111430016
1568 111430065 111430066 111430065
1569 111430118 111430118 111430118
1570 111430165 111430166 111430165
1571 111430216 111430217 111430216
1572 111430270 111430270 111430270
1573 111430304 111430305 111430304
1574 111430356 111430356 111430356
1575 111430407 111430407 111430407
1576 111430465 111430465 111430465
1577 111430518 111430518 111430518
1578 111430553 111430555 111430553
1579 111430617 111430617 111430617
1580 111430665 111430665 111430665
1581 111430710 111430710 111430710
1582 111430767 111430767 111430767
1583 111430820 111430820 111430820
1584 111430866 111430867 111430866
1585 111430917 111430917 111430917
1586 111430967 111430967 111430967
1587 111431015 111431016 111431015
1588 111431053 111431053 111431053
1589 111431124 111431125 111431124
1590 111431157 111431157 111431157
1591 111431216 111431217 111431216
1592 111431266 111431266 111431266
1593 111431317 111431317 111431317
1594 111431368 111431369 111431368
1595 111431420 111431420 111431420
1596 111431468 111431468 111431468
1597 111431507 111431507 111431507
1598 111431553 111431554 111431553
1599 111431607 111431607 111431607
