1 112605102 112605103 112605102
2 112605158 112605159 112605158
3 112605226 112605226 112605226
4 112605246 112605246 112605246
5 112605298 112605299 112605298
6 112605348 112605348 112605348
7 112605397 112605400 112605397
8 112605447 112605447 112605447
9 112605507 112605508 112605507
10 112605552 112605552 112605552
11 112605606 112605606 112605606
12 112605653 112605653 112605653
13 112605693 112605697 112605693
14 112605758 112605758 112605758
15 112605799 112605800 112605799
16 112605855 112605855 112605855
17 112605916 112605916 112605916
18 112605952 112605952 112605952
19 112606007 112606007 112606007
20 112606056 112606056 112606056
21 112606101 112606101 112606101
22 112606155 112606155 112606155
23 112606198 112606198 112606198
24 112606246 112606246 112606246
25 112606307 112606307 112606307
26 112606358 112606358 112606358
27 112606409 112606409 112606409
28 112606448 112606448 112606448
29 112606497 112606498 112606497
30 112606549 112606550 112606549
31 112606599 112606599 112606599
32 112606651 112606651 112606651
33 112606698 112606698 112606698
34 112606751 112606751 112606751
35 112606802 112606802 112606802
36 112606848 112606848 112606848
37 112606901 112606902 112606901
38 112606949 112606949 112606949
39 112607004 112607004 112607004
40 112607058 112607059 112607058
41 112607113 112607114 112607113
42 112607155 112607155 112607155
43 112607197 112607198 112607197
44 112607254 112607255 112607254
45 112607307 112607307 112607307
46 112607370 112607370 112607370
47 112607400 112607400 112607400
48 112607456 112607456 112607456
49 112607520 112607520 112607520
50 112607543 112607543 112607543
51 112607600 112607600 112607600
52 112607652 112607654 112607652
53 112607704 112607704 112607704
54 112607750 112607751 112607750
55 112607818 112607818 112607818
56 112607847 112607847 112607847
57 112607899 112607900 112607899
58 112607948 112607948 112607948
59 112607999 112607999 112607999
60 112608050 112608050 112608050
61 112608101 112608102 112608101
62 112608157 112608157 112608157
63 112608197 112608198 112608197
64 112608253 112608254 112608253
65 112608303 112608303 112608303
66 112608358 112608358 112608358
67 112608407 112608408 112608407
68 112608447 112608448 112608447
69 112608501 112608501 112608501
70 112608549 112608549 112608549
71 112608597 112608598 112608597
72 112608650 112608650 112608650
73 112608699 112608699 112608699
74 112608751 112608752 112608751
75 112608800 112608800 112608800
76 112608853 112608854 112608853
77 112608902 112608902 112608902
78 112608963 112608964 112608963
79 112608999 112609000 112608999
80 112609052 112609052 112609052
81 112609104 112609104 112609104
82 112609151 112609152 112609151
83 112609205 112609205 112609205
84 112609253 112609257 112609253
85 112609307 112609308 112609307
86 112609359 112609363 112609359
87 112609399 112609399 112609399
88 112609450 112609450 112609450
89 112609498 112609499 112609498
90 112609548 112609548 112609548
91 112609599 112609599 112609599
92 112609647 112609647 112609647
93 112609701 112609701 112609701
94 112609752 112609752 112609752
95 112609793 112609802 112609793
96 112609859 112609860 112609859
97 112609896 112609897 112609896
98 112609949 112609950 112609949
99 112609998 112609998 112609998
100 112610051 112610052 112610051
101 112610098 112610098 112610098
102 112610151 112610151 112610151
103 112610210 112610213 112610210
104 112610246 112610246 112610246
105 112610300 112610300 112610300
106 112610355 112610356 112610355
107 112610406 112610406 112610406
108 112610459 112610459 112610459
109 112610503 112610503 112610503
110 112610550 112610550 112610550
111 112610602 112610602 112610602
112 112610651 112610651 112610651
113 112610705 112610705 112610705
114 112610755 112610755 112610755
115 112610797 112610798 112610797
116 112610850 112610851 112610850
117 112610898 112610899 112610898
118 112610948 112610948 112610948
119 112610999 112610999 112610999
120 112611053 112611053 112611053
121 112611134 112611135 112611134
122 112611152 112611152 112611152
123 112611217 112611217 112611217
124 112611250 112611250 112611250
125 112611302 112611302 112611302
126 112611348 112611348 112611348
127 112611404 112611404 112611404
128 112611456 112611456 112611456
129 112611493 112611493 112611493
130 112611546 112611547 112611546
131 112611604 112611604 112611604
132 112611656 112611656 112611656
133 112611710 112611713 112611710
134 112611751 112611751 112611751
135 112611802 112611802 112611802
136 112611857 112611858 112611857
137 112611897 112611899 112611897
138 112611959 112611959 112611959
139 112612018 112612018 112612018
140 112612052 112612052 112612052
141 112612114 112612139 112612114
142 112612150 112612150 112612150
143 112612209 112612209 112612209
144 112612250 112612250 112612250
145 112612301 112612302 112612301
146 112612355 112612355 112612355
147 112612404 112612404 112612404
148 112612457 112612457 112612457
149 112612508 112612509 112612508
150 112612547 112612547 112612547
151 112612601 112612602 112612601
152 112612650 112612650 112612650
153 112612698 112612698 112612698
154 112612750 112612750 112612750
155 112612798 112612798 112612798
156 112612851 112612851 112612851
157 112612898 112612898 112612898
158 112612950 112612951 112612950
159 112613000 112613001 112613000
160 112613049 112613049 112613049
161 112613101 112613102 112613101
162 112613154 112613155 112613154
163 112613203 112613204 112613203
164 112613256 112613256 112613256
165 112613307 112613308 112613307
166 112613347 112613348 112613347
167 112613399 112613402 112613399
168 112613451 112613451 112613451
169 112613504 112613505 112613504
170 112613554 112613554 112613554
171 112613608 112613608 112613608
172 112613643 112613649 112613643
173 112613697 112613698 112613697
174 112613749 112613753 112613749
175 112613800 112613800 112613800
176 112613851 112613852 112613851
177 112613900 112613900 112613900
178 112613956 112613957 112613956
179 112614006 112614007 112614006
180 112614064 112614064 112614064
181 112614096 112614097 112614096
182 112614150 112614150 112614150
183 112614199 112614201 112614199
184 112614252 112614252 112614252
185 112614302 112614303 112614302
186 112614359 112614359 112614359
187 112614398 112614398 112614398
188 112614448 112614448 112614448
189 112614500 112614500 112614500
190 112614556 112614556 112614556
191 112614604 112614604 112614604
192 112614656 112614656 112614656
193 112614707 112614707 112614707
194 112614763 112614763 112614763
195 112614796 112614796 112614796
196 112614854 112614854 112614854
197 112614907 112614907 112614907
198 112614950 112614950 112614950
199 112615006 112615006 112615006
200 112615057 112615057 112615057
201 112615097 112615097 112615097
202 112615149 112615149 112615149
203 112615202 112615202 112615202
204 112615255 112615255 112615255
205 112615303 112615303 112615303
206 112615346 112615346 112615346
207 112615401 112615401 112615401
208 112615452 112615452 112615452
209 112615506 112615506 112615506
210 112615553 112615553 112615553
211 112615606 112615606 112615606
212 112615660 112615664 112615660
213 112615697 112615697 112615697
214 112615751 112615751 112615751
215 112615799 112615800 112615799
216 112615854 112615854 112615854
217 112615903 112615903 112615903
218 112615958 112615958 112615958
219 112616007 112616007 112616007
220 112616060 112616060 112616060
221 112616096 112616096 112616096
222 112616159 112616159 112616159
223 112616213 112616213 112616213
224 112616251 112616252 112616251
225 112616298 112616298 112616298
226 112616349 112616350 112616349
227 112616407 112616407 112616407
228 112616457 112616457 112616457
229 112616497 112616497 112616497
230 112616549 112616550 112616549
231 112616599 112616599 112616599
232 112616647 112616648 112616647
233 112616701 112616701 112616701
234 112616758 112616758 112616758
235 112616807 112616807 112616807
236 112616849 112616849 112616849
237 112616903 112616903 112616903
238 112616950 112616951 112616950
239 112616999 112616999 112616999
240 112617050 112617050 112617050
241 112617100 112617100 112617100
242 112617148 112617151 112617148
243 112617200 112617200 112617200
244 112617252 112617253 112617252
245 112617301 112617302 112617301
246 112617352 112617352 112617352
247 112617403 112617403 112617403
248 112617450 112617450 112617450
249 112617503 112617503 112617503
250 112617549 112617549 112617549
251 112617597 112617598 112617597
252 112617654 112617655 112617654
253 112617699 112617699 112617699
254 112617749 112617749 112617749
255 112617802 112617802 112617802
256 112617857 112617857 112617857
257 112617897 112617898 112617897
258 112617956 112617957 112617956
259 112618006 112618007 112618006
260 112618047 112618047 112618047
261 112618101 112618101 112618101
262 112618157 112618157 112618157
263 112618206 112618206 112618206
264 112618267 112618267 112618267
265 112618305 112618305 112618305
266 112618349 112618350 112618349
267 112618399 112618399 112618399
268 112618452 112618452 112618452
269 112618497 112618497 112618497
270 112618551 112618551 112618551
271 112618600 112618600 112618600
272 112618648 112618648 112618648
273 112618714 112618714 112618714
274 112618750 112618750 112618750
275 112618817 112618818 112618817
276 112618850 112618850 112618850
277 112618903 112618903 112618903
278 112618948 112618948 112618948
279 112618999 112618999 112618999
280 112619050 112619051 112619050
281 112619102 112619102 112619102
282 112619153 112619153 112619153
283 112619207 112619207 112619207
284 112619259 112619260 112619259
285 112619297 112619297 112619297
286 112619350 112619350 112619350
287 112619401 112619401 112619401
288 112619449 112619449 112619449
289 112619502 112619502 112619502
290 112619551 112619551 112619551
291 112619602 112619602 112619602
292 112619648 112619648 112619648
293 112619699 112619699 112619699
294 112619752 112619752 112619752
295 112619798 112619799 112619798
296 112619853 112619853 112619853
297 112619902 112619902 112619902
298 112619952 112619952 112619952
299 112619998 112619998 112619998
300 112620049 112620049 112620049
301 112620100 112620101 112620100
302 112620151 112620151 112620151
303 112620202 112620202 112620202
304 112620257 112620258 112620257
305 112620293 112620293 112620293
306 112620348 112620348 112620348
307 112620400 112620400 112620400
308 112620449 112620450 112620449
309 112620499 112620499 112620499
310 112620550 112620551 112620550
311 112620597 112620597 112620597
312 112620653 112620653 112620653
313 112620780 112620782 112620780
314 112620782 112620782 112620782
315 112620800 112620800 112620800
316 112620852 112620854 112620852
317 112620893 112620900 112620893
318 112620980 112620981 112620980
319 112620998 112620998 112620998
320 112621053 112621053 112621053
321 112621099 112621100 112621099
322 112621151 112621151 112621151
323 112621198 112621198 112621198
324 112621252 112621252 112621252
325 112621307 112621307 112621307
326 112621348 112621349 112621348
327 112621401 112621401 112621401
328 112621448 112621448 112621448
329 112621501 112621501 112621501
330 112621551 112621551 112621551
331 112621604 112621604 112621604
332 112621655 112621655 112621655
333 112621702 112621702 112621702
334 112621753 112621753 112621753
335 112621801 112621801 112621801
336 112621855 112621855 112621855
337 112621910 112621916 112621910
338 112621950 112621950 112621950
339 112621997 112621998 112621997
340 112622049 112622049 112622049
341 112622099 112622100 112622099
342 112622151 112622153 112622151
343 112622199 112622200 112622199
344 112622256 112622256 112622256
345 112622308 112622308 112622308
346 112622347 112622347 112622347
347 112622399 112622401 112622399
348 112622450 112622451 112622450
349 112622497 112622497 112622497
350 112622552 112622552 112622552
351 112622598 112622598 112622598
352 112622650 112622651 112622650
353 112622701 112622702 112622701
354 112622752 112622752 112622752
355 112622801 112622802 112622801
356 112622859 112622859 112622859
357 112622914 112622914 112622914
358 112622954 112622956 112622954
359 112623016 112623016 112623016
360 112623048 112623048 112623048
361 112623110 112623110 112623110
362 112623167 112623167 112623167
363 112623197 112623197 112623197
364 112623250 112623250 112623250
365 112623303 112623304 112623303
366 112623345 112623346 112623345
367 112623399 112623400 112623399
368 112623450 112623453 112623450
369 112623502 112623502 112623502
370 112623549 112623549 112623549
371 112623602 112623602 112623602
372 112623648 112623648 112623648
373 112623698 112623700 112623698
374 112623748 112623748 112623748
375 112623799 112623799 112623799
376 112623852 112623853 112623852
377 112623902 112623902 112623902
378 112623954 112623954 112623954
379 112623997 112623997 112623997
380 112624050 112624050 112624050
381 112624100 112624100 112624100
382 112624153 112624154 112624153
383 112624201 112624202 112624201
384 112624257 112624257 112624257
385 112624309 112624309 112624309
386 112624347 112624347 112624347
387 112624410 112624415 112624410
388 112624447 112624447 112624447
389 112624499 112624500 112624499
390 112624548 112624548 112624548
391 112624598 112624598 112624598
392 112624649 112624651 112624649
393 112624697 112624697 112624697
394 112624748 112624750 112624748
395 112624800 112624800 112624800
396 112624856 112624856 112624856
397 112624905 112624905 112624905
398 112624958 112624958 112624958
399 112624993 112624993 112624993
400 112625050 112625050 112625050
401 112625098 112625099 112625098
402 112625149 112625149 112625149
403 112625200 112625200 112625200
404 112625249 112625249 112625249
405 112625298 112625298 112625298
406 112625354 112625354 112625354
407 112625402 112625403 112625402
408 112625453 112625453 112625453
409 112625506 112625506 112625506
410 112625558 112625558 112625558
411 112625608 112625614 112625608
412 112625643 112625643 112625643
413 112625702 112625702 112625702
414 112625749 112625750 112625749
415 112625806 112625806 112625806
416 112625863 112625864 112625863
417 112625893 112625893 112625893
418 112625950 112625950 112625950
419 112626004 112626004 112626004
420 112626056 112626056 112626056
421 112626101 112626102 112626101
422 112626153 112626153 112626153
423 112626201 112626201 112626201
424 112626255 112626255 112626255
425 112626306 112626306 112626306
426 112626357 112626357 112626357
427 112626393 112626393 112626393
428 112626448 112626448 112626448
429 112626506 112626506 112626506
430 112626559 112626559 112626559
431 112626593 112626593 112626593
432 112626651 112626651 112626651
433 112626699 112626699 112626699
434 112626751 112626751 112626751
435 112626798 112626798 112626798
436 112626851 112626852 112626851
437 112626900 112626900 112626900
438 112626949 112626950 112626949
439 112627002 112627002 112627002
440 112627051 112627052 112627051
441 112627093 112627093 112627093
442 112627148 112627151 112627148
443 112627203 112627203 112627203
444 112627248 112627248 112627248
445 112627298 112627299 112627298
446 112627359 112627363 112627359
447 112627398 112627398 112627398
448 112627450 112627450 112627450
449 112627498 112627498 112627498
450 112627551 112627551 112627551
451 112627600 112627600 112627600
452 112627648 112627648 112627648
453 112627701 112627701 112627701
454 112627749 112627750 112627749
455 112627801 112627802 112627801
456 112627858 112627858 112627858
457 112627907 112627907 112627907
458 112627963 112627963 112627963
459 112627995 112627995 112627995
460 112628050 112628050 112628050
461 112628098 112628099 112628098
462 112628151 112628151 112628151
463 112628197 112628198 112628197
464 112628247 112628248 112628247
465 112628301 112628301 112628301
466 112628355 112628356 112628355
467 112628406 112628406 112628406
468 112628449 112628449 112628449
469 112628502 112628502 112628502
470 112628552 112628552 112628552
471 112628605 112628605 112628605
472 112628655 112628655 112628655
473 112628703 112628707 112628703
474 112628755 112628757 112628755
475 112628809 112628809 112628809
476 112628843 112628843 112628843
477 112628897 112628898 112628897
478 112628952 112628952 112628952
479 112628999 112628999 112628999
480 112629049 112629049 112629049
481 112629100 112629100 112629100
482 112629148 112629149 112629148
483 112629200 112629200 112629200
484 112629256 112629256 112629256
485 112629306 112629306 112629306
486 112629348 112629348 112629348
487 112629393 112629393 112629393
488 112629451 112629451 112629451
489 112629499 112629499 112629499
490 112629551 112629551 112629551
491 112629598 112629598 112629598
492 112629648 112629648 112629648
493 112629700 112629700 112629700
494 112629748 112629748 112629748
495 112629801 112629802 112629801
496 112629859 112629860 112629859
497 112629902 112629902 112629902
498 112629952 112629952 112629952
499 112629993 112629996 112629993
500 112630055 112630055 112630055
501 112630106 112630107 112630106
502 112630166 112630166 112630166
503 112630193 112630193 112630193
504 112630247 112630247 112630247
505 112630299 112630300 112630299
506 112630353 112630353 112630353
507 112630402 112630402 112630402
508 112630457 112630457 112630457
509 112630507 112630507 112630507
510 112630546 112630547 112630546
511 112630602 112630602 112630602
512 112630658 112630658 112630658
513 112630708 112630708 112630708
514 112630748 112630748 112630748
515 112630806 112630806 112630806
516 112630842 112630842 112630842
517 112630898 112630898 112630898
518 112630951 112630951 112630951
519 112630998 112630998 112630998
520 112631049 112631049 112631049
521 112631104 112631104 112631104
522 112631147 112631147 112631147
523 112631199 112631199 112631199
524 112631251 112631251 112631251
525 112631302 112631302 112631302
526 112631359 112631359 112631359
527 112631402 112631402 112631402
528 112631453 112631454 112631453
529 112631505 112631505 112631505
530 112631555 112631555 112631555
531 112631600 112631600 112631600
532 112631651 112631651 112631651
533 112631698 112631698 112631698
534 112631749 112631749 112631749
535 112631799 112631799 112631799
536 112631851 112631851 112631851
537 112631905 112631905 112631905
538 112631943 112631943 112631943
539 112632000 112632000 112632000
540 112632054 112632054 112632054
541 112632104 112632104 112632104
542 112632155 112632155 112632155
543 112632197 112632197 112632197
544 112632250 112632250 112632250
545 112632298 112632298 112632298
546 112632352 112632352 112632352
547 112632404 112632404 112632404
548 112632455 112632456 112632455
549 112632508 112632508 112632508
550 112632548 112632548 112632548
551 112632601 112632601 112632601
552 112632650 112632650 112632650
553 112632701 112632701 112632701
554 112632750 112632750 112632750
555 112632803 112632805 112632803
556 112632854 112632855 112632854
557 112632906 112632906 112632906
558 112632958 112632958 112632958
559 112633000 112633000 112633000
560 112633048 112633048 112633048
561 112633098 112633098 112633098
562 112633153 112633153 112633153
563 112633200 112633200 112633200
564 112633248 112633249 112633248
565 112633300 112633301 112633300
566 112633349 112633349 112633349
567 112633402 112633402 112633402
568 112633454 112633454 112633454
569 112633505 112633505 112633505
570 112633556 112633556 112633556
571 112633593 112633593 112633593
572 112633650 112633650 112633650
573 112633700 112633700 112633700
574 112633753 112633754 112633753
575 112633804 112633804 112633804
576 112633859 112633859 112633859
577 112633898 112633898 112633898
578 112633949 112633949 112633949
579 112634001 112634001 112634001
580 112634051 112634051 112634051
581 112634102 112634102 112634102
582 112634152 112634152 112634152
583 112634199 112634199 112634199
584 112634249 112634249 112634249
585 112634300 112634300 112634300
586 112634357 112634357 112634357
587 112634408 112634408 112634408
588 112634466 112634466 112634466
589 112634498 112634498 112634498
590 112634550 112634550 112634550
591 112634601 112634601 112634601
592 112634648 112634648 112634648
593 112634702 112634703 112634702
594 112634751 112634751 112634751
595 112634802 112634802 112634802
596 112634855 112634855 112634855
597 112634909 112634909 112634909
598 112634949 112634949 112634949
599 112635005 112635005 112635005
600 112635052 112635052 112635052
601 112635097 112635098 112635097
602 112635151 112635151 112635151
603 112635200 112635200 112635200
604 112635247 112635247 112635247
605 112635300 112635300 112635300
606 112635347 112635347 112635347
607 112635402 112635402 112635402
608 112635465 112635465 112635465
609 112635501 112635501 112635501
610 112635552 112635552 112635552
611 112635598 112635599 112635598
612 112635649 112635649 112635649
613 112635703 112635703 112635703
614 112635754 112635755 112635754
615 112635807 112635807 112635807
616 112635868 112635868 112635868
617 112635897 112635898 112635897
618 112635950 112635950 112635950
619 112636005 112636005 112636005
620 112636058 112636058 112636058
621 112636108 112636109 112636108
622 112636150 112636151 112636150
623 112636199 112636199 112636199
624 112636253 112636253 112636253
625 112636304 112636304 112636304
626 112636350 112636350 112636350
627 112636397 112636397 112636397
628 112636452 112636452 112636452
629 112636499 112636499 112636499
630 112636551 112636551 112636551
631 112636598 112636598 112636598
632 112636648 112636648 112636648
633 112636701 112636701 112636701
634 112636749 112636749 112636749
635 112636793 112636801 112636793
636 112636859 112636859 112636859
637 112636914 112636916 112636914
638 112636951 112636951 112636951
639 112637006 112637006 112637006
640 112637054 112637055 112637054
641 112637106 112637106 112637106
642 112637158 112637158 112637158
643 112637193 112637193 112637193
644 112637247 112637247 112637247
645 112637301 112637301 112637301
646 112637350 112637351 112637350
647 112637400 112637401 112637400
648 112637458 112637458 112637458
649 112637508 112637508 112637508
650 112637548 112637548 112637548
651 112637601 112637601 112637601
652 112637651 112637651 112637651
653 112637697 112637697 112637697
654 112637750 112637750 112637750
655 112637807 112637808 112637807
656 112637865 112637865 112637865
657 112637896 112637896 112637896
658 112637952 112637952 112637952
659 112637999 112637999 112637999
660 112638048 112638048 112638048
661 112638101 112638101 112638101
662 112638148 112638149 112638148
663 112638202 112638202 112638202
664 112638253 112638253 112638253
665 112638303 112638303 112638303
666 112638351 112638352 112638351
667 112638408 112638408 112638408
668 112638446 112638447 112638446
669 112638497 112638497 112638497
670 112638543 112638548 112638543
671 112638602 112638603 112638602
672 112638654 112638654 112638654
673 112638705 112638705 112638705
674 112638743 112638747 112638743
675 112638800 112638800 112638800
676 112638851 112638851 112638851
677 112638892 112638892 112638892
678 112638948 112638948 112638948
679 112639001 112639001 112639001
680 112639056 112639056 112639056
681 112639108 112639109 112639108
682 112639165 112639165 112639165
683 112639195 112639195 112639195
684 112639250 112639251 112639250
685 112639297 112639297 112639297
686 112639348 112639348 112639348
687 112639402 112639402 112639402
688 112639458 112639458 112639458
689 112639497 112639498 112639497
690 112639550 112639550 112639550
691 112639602 112639602 112639602
692 112639653 112639653 112639653
693 112639702 112639703 112639702
694 112639749 112639750 112639749
695 112639808 112639809 112639808
696 112639866 112639866 112639866
697 112639897 112639897 112639897
698 112639947 112639948 112639947
699 112640006 112640016 112640006
700 112640043 112640043 112640043
701 112640099 112640099 112640099
702 112640154 112640154 112640154
703 112640204 112640204 112640204
704 112640259 112640259 112640259
705 112640293 112640296 112640293
706 112640351 112640351 112640351
707 112640398 112640398 112640398
708 112640451 112640451 112640451
709 112640504 112640505 112640504
710 112640552 112640552 112640552
711 112640608 112640608 112640608
712 112640643 112640643 112640643
713 112640699 112640699 112640699
714 112640749 112640749 112640749
715 112640800 112640800 112640800
716 112640857 112640857 112640857
717 112640914 112640918 112640914
718 112640960 112640963 112640960
719 112641016 112641017 112641016
720 112641060 112641063 112641060
721 112641182 112641182 112641182
722 112641183 112641183 112641183
723 112641213 112641213 112641213
724 112641266 112641267 112641266
725 112641302 112641302 112641302
726 112641348 112641353 112641348
727 112641397 112641398 112641397
728 112641453 112641453 112641453
729 112641502 112641502 112641502
730 112641557 112641557 112641557
731 112641608 112641608 112641608
732 112641648 112641648 112641648
733 112641705 112641705 112641705
734 112641754 112641754 112641754
735 112641810 112641810 112641810
736 112641847 112641848 112641847
737 112641899 112641899 112641899
738 112641951 112641951 112641951
739 112641999 112641999 112641999
740 112642052 112642052 112642052
741 112642100 112642100 112642100
742 112642149 112642150 112642149
743 112642201 112642201 112642201
744 112642248 112642248 112642248
745 112642301 112642301 112642301
746 112642348 112642349 112642348
747 112642417 112642417 112642417
748 112642452 112642452 112642452
749 112642505 112642505 112642505
750 112642553 112642554 112642553
751 112642597 112642597 112642597
752 112642650 112642650 112642650
753 112642701 112642702 112642701
754 112642755 112642755 112642755
755 112642804 112642804 112642804
756 112642876 112642876 112642876
757 112642899 112642899 112642899
758 112642955 112642955 112642955
759 112643003 112643003 112643003
760 112643054 112643054 112643054
761 112643108 112643108 112643108
762 112643146 112643146 112643146
763 112643198 112643199 112643198
764 112643250 112643251 112643250
765 112643299 112643299 112643299
766 112643352 112643352 112643352
767 112643400 112643400 112643400
768 112643453 112643453 112643453
769 112643504 112643504 112643504
770 112643543 112643543 112643543
771 112643598 112643599 112643598
772 112643648 112643648 112643648
773 112643700 112643701 112643700
774 112643749 112643750 112643749
775 112643802 112643803 112643802
776 112643856 112643857 112643856
777 112643914 112643914 112643914
778 112643949 112643949 112643949
779 112644007 112644008 112644007
780 112644059 112644059 112644059
781 112644098 112644098 112644098
782 112644153 112644153 112644153
783 112644199 112644199 112644199
784 112644248 112644248 112644248
785 112644300 112644301 112644300
786 112644352 112644353 112644352
787 112644404 112644404 112644404
788 112644460 112644460 112644460
789 112644497 112644498 112644497
790 112644551 112644551 112644551
791 112644600 112644600 112644600
792 112644652 112644652 112644652
793 112644697 112644698 112644697
794 112644752 112644752 112644752
795 112644798 112644798 112644798
796 112644850 112644851 112644850
797 112644899 112644900 112644899
798 112644949 112644949 112644949
799 112645001 112645001 112645001
800 112645050 112645050 112645050
801 112645102 112645102 112645102
802 112645149 112645149 112645149
803 112645202 112645202 112645202
804 112645254 112645254 112645254
805 112645305 112645305 112645305
806 112645355 112645356 112645355
807 112645410 112645413 112645410
808 112645447 112645447 112645447
809 112645501 112645501 112645501
810 112645554 112645554 112645554
811 112645604 112645604 112645604
812 112645658 112645658 112645658
813 112645708 112645708 112645708
814 112645748 112645748 112645748
815 112645801 112645801 112645801
816 112645850 112645850 112645850
817 112645904 112645904 112645904
818 112645954 112645954 112645954
819 112646006 112646007 112646006
820 112646064 112646064 112646064
821 112646095 112646095 112646095
822 112646158 112646158 112646158
823 112646197 112646197 112646197
824 112646249 112646249 112646249
825 112646301 112646301 112646301
826 112646348 112646348 112646348
827 112646400 112646401 112646400
828 112646449 112646449 112646449
829 112646508 112646508 112646508
830 112646560 112646563 112646560
831 112646593 112646593 112646593
832 112646653 112646653 112646653
833 112646707 112646714 112646707
834 112646752 112646752 112646752
835 112646807 112646807 112646807
836 112646858 112646858 112646858
837 112646898 112646898 112646898
838 112646948 112646949 112646948
839 112647002 112647002 112647002
840 112647049 112647050 112647049
841 112647101 112647101 112647101
842 112647147 112647148 112647147
843 112647202 112647203 112647202
844 112647254 112647254 112647254
845 112647304 112647305 112647304
846 112647355 112647355 112647355
847 112647396 112647396 112647396
848 112647451 112647451 112647451
849 112647498 112647498 112647498
850 112647557 112647557 112647557
851 112647610 112647610 112647610
852 112647648 112647648 112647648
853 112647700 112647701 112647700
854 112647749 112647749 112647749
855 112647801 112647801 112647801
856 112647853 112647853 112647853
857 112647936 112647936 112647936
858 112647950 112647950 112647950
859 112648010 112648013 112648010
860 112648050 112648050 112648050
861 112648108 112648109 112648108
862 112648148 112648149 112648148
863 112648202 112648202 112648202
864 112648252 112648252 112648252
865 112648302 112648302 112648302
866 112648353 112648353 112648353
867 112648402 112648403 112648402
868 112648452 112648452 112648452
869 112648499 112648499 112648499
870 112648550 112648551 112648550
871 112648604 112648604 112648604
872 112648648 112648648 112648648
873 112648700 112648702 112648700
874 112648752 112648752 112648752
875 112648802 112648802 112648802
876 112648853 112648853 112648853
877 112648907 112648908 112648907
878 112648956 112648956 112648956
879 112649010 112649010 112649010
880 112649047 112649047 112649047
881 112649101 112649101 112649101
882 112649147 112649148 112649147
883 112649200 112649200 112649200
884 112649249 112649249 112649249
885 112649302 112649302 112649302
886 112649351 112649351 112649351
887 112649406 112649406 112649406
888 112649457 112649457 112649457
889 112649493 112649496 112649493
890 112649558 112649558 112649558
891 112649593 112649593 112649593
892 112649648 112649650 112649648
893 112649702 112649702 112649702
894 112649753 112649753 112649753
895 112649802 112649803 112649802
896 112649853 112649857 112649853
897 112649893 112649899 112649893
898 112649948 112649948 112649948
899 112650003 112650003 112650003
900 112650054 112650054 112650054
901 112650106 112650107 112650106
902 112650156 112650156 112650156
903 112650196 112650196 112650196
904 112650250 112650250 112650250
905 112650298 112650298 112650298
906 112650352 112650352 112650352
907 112650400 112650400 112650400
908 112650448 112650448 112650448
909 112650501 112650501 112650501
910 112650552 112650553 112650552
911 112650604 112650604 112650604
912 112650659 112650659 112650659
913 112650708 112650708 112650708
914 112650749 112650749 112650749
915 112650807 112650807 112650807
916 112650863 112650863 112650863
917 112650896 112650896 112650896
918 112650954 112650954 112650954
919 112650998 112650998 112650998
920 112651067 112651067 112651067
921 112651100 112651100 112651100
922 112651148 112651148 112651148
923 112651201 112651201 112651201
924 112651254 112651254 112651254
925 112651303 112651303 112651303
926 112651355 112651355 112651355
927 112651402 112651402 112651402
928 112651453 112651454 112651453
929 112651506 112651507 112651506
930 112651550 112651550 112651550
931 112651608 112651608 112651608
932 112651642 112651642 112651642
933 112651697 112651698 112651697
934 112651751 112651751 112651751
935 112651800 112651800 112651800
936 112651851 112651853 112651851
937 112651905 112651905 112651905
938 112651946 112651946 112651946
939 112652000 112652000 112652000
940 112652050 112652050 112652050
941 112652102 112652103 112652102
942 112652152 112652152 112652152
943 112652200 112652201 112652200
944 112652253 112652253 112652253
945 112652297 112652298 112652297
946 112652352 112652353 112652352
947 112652397 112652397 112652397
948 112652451 112652451 112652451
949 112652498 112652498 112652498
950 112652550 112652551 112652550
951 112652600 112652601 112652600
952 112652647 112652647 112652647
953 112652697 112652697 112652697
954 112652748 112652749 112652748
955 112652800 112652801 112652800
956 112652849 112652850 112652849
957 112652910 112652910 112652910
958 112652949 112652949 112652949
959 112653002 112653003 112653002
960 112653053 112653053 112653053
961 112653098 112653099 112653098
962 112653148 112653148 112653148
963 112653200 112653201 112653200
964 112653249 112653249 112653249
965 112653303 112653303 112653303
966 112653348 112653348 112653348
967 112653400 112653400 112653400
968 112653451 112653451 112653451
969 112653502 112653502 112653502
970 112653551 112653551 112653551
971 112653603 112653603 112653603
972 112653643 112653649 112653643
973 112653700 112653701 112653700
974 112653752 112653752 112653752
975 112653798 112653799 112653798
976 112653858 112653858 112653858
977 112653898 112653898 112653898
978 112653949 112653950 112653949
979 112654002 112654002 112654002
980 112654053 112654053 112654053
981 112654097 112654097 112654097
982 112654152 112654152 112654152
983 112654198 112654198 112654198
984 112654249 112654249 112654249
985 112654301 112654301 112654301
986 112654352 112654353 112654352
987 112654403 112654403 112654403
988 112654453 112654453 112654453
989 112654508 112654508 112654508
990 112654543 112654546 112654543
991 112654600 112654601 112654600
992 112654658 112654658 112654658
993 112654707 112654707 112654707
994 112654746 112654746 112654746
995 112654806 112654806 112654806
996 112654850 112654850 112654850
997 112654904 112654904 112654904
998 112654951 112654952 112654951
999 112655004 112655005 112655004
1000 112655052 112655052 112655052
1001 112655102 112655102 112655102
1002 112655147 112655148 112655147
1003 112655198 112655198 112655198
1004 112655247 112655247 112655247
1005 112655299 112655299 112655299
1006 112655350 112655351 112655350
1007 112655403 112655403 112655403
1008 112655449 112655449 112655449
1009 112655500 112655501 112655500
1010 112655551 112655552 112655551
1011 112655602 112655603 112655602
1012 112655650 112655651 112655650
1013 112655700 112655700 112655700
1014 112655750 112655751 112655750
1015 112655793 112655797 112655793
1016 112655851 112655851 112655851
1017 112655900 112655901 112655900
1018 112655948 112655948 112655948
1019 112656000 112656000 112656000
1020 112656051 112656051 112656051
1021 112656100 112656100 112656100
1022 112656148 112656148 112656148
1023 112656206 112656206 112656206
1024 112656259 112656260 112656259
1025 112656297 112656297 112656297
1026 112656351 112656352 112656351
1027 112656408 112656409 112656408
1028 112656459 112656459 112656459
1029 112656496 112656497 112656496
1030 112656553 112656553 112656553
1031 112656601 112656601 112656601
1032 112656658 112656658 112656658
1033 112656709 112656709 112656709
1034 112656763 112656763 112656763
1035 112656793 112656797 112656793
1036 112656852 112656852 112656852
1037 112656906 112656906 112656906
1038 112656960 112656960 112656960
1039 112656993 112656993 112656993
1040 112657049 112657049 112657049
1041 112657112 112657113 112657112
1042 112657143 112657149 112657143
1043 112657201 112657202 112657201
1044 112657253 112657253 112657253
1045 112657302 112657302 112657302
1046 112657354 112657354 112657354
1047 112657400 112657400 112657400
1048 112657450 112657450 112657450
1049 112657502 112657502 112657502
1050 112657548 112657549 112657548
1051 112657593 112657593 112657593
1052 112657651 112657651 112657651
1053 112657703 112657703 112657703
1054 112657752 112657752 112657752
1055 112657801 112657801 112657801
1056 112657853 112657853 112657853
1057 112657903 112657903 112657903
1058 112657953 112657953 112657953
1059 112657999 112658002 112657999
1060 112658049 112658049 112658049
1061 112658098 112658098 112658098
1062 112658149 112658150 112658149
1063 112658197 112658202 112658197
1064 112658259 112658259 112658259
1065 112658293 112658296 112658293
1066 112658351 112658352 112658351
1067 112658405 112658405 112658405
1068 112658453 112658453 112658453
1069 112658508 112658509 112658508
1070 112658558 112658558 112658558
1071 112658593 112658597 112658593
1072 112658653 112658653 112658653
1073 112658700 112658701 112658700
1074 112658751 112658751 112658751
1075 112658802 112658802 112658802
1076 112658852 112658852 112658852
1077 112658905 112658905 112658905
1078 112658958 112658959 112658958
1079 112658998 112658998 112658998
1080 112659049 112659049 112659049
1081 112659099 112659099 112659099
1082 112659151 112659151 112659151
1083 112659199 112659200 112659199
1084 112659251 112659251 112659251
1085 112659301 112659301 112659301
1086 112659353 112659353 112659353
1087 112659398 112659398 112659398
1088 112659455 112659455 112659455
1089 112659505 112659505 112659505
1090 112659552 112659552 112659552
1091 112659605 112659605 112659605
1092 112659645 112659646 112659645
1093 112659699 112659699 112659699
1094 112659752 112659753 112659752
1095 112659834 112659835 112659834
1096 112659848 112659848 112659848
1097 112659900 112659900 112659900
1098 112659956 112659956 112659956
1099 112700118 112700119 112700118
1100 112700119 112700119 112700119
1101 112700119 112700119 112700119
1102 112700155 112700156 112700155
1103 112700220 112700220 112700220
1104 112700249 112700250 112700249
1105 112700302 112700302 112700302
1106 112700348 112700348 112700348
1107 112700400 112700401 112700400
1108 112700449 112700449 112700449
1109 112700500 112700500 112700500
1110 112700552 112700552 112700552
1111 112700599 112700600 112700599
1112 112700653 112700653 112700653
1113 112700708 112700708 112700708
1114 112700758 112700758 112700758
1115 112700815 112700815 112700815
1116 112700847 112700847 112700847
1117 112700899 112700900 112700899
1118 112700949 112700949 112700949
1119 112700997 112700998 112700997
1120 112701053 112701053 112701053
1121 112701103 112701103 112701103
1122 112701151 112701151 112701151
1123 112701201 112701202 112701201
1124 112701253 112701253 112701253
1125 112701303 112701303 112701303
1126 112701352 112701352 112701352
1127 112701418 112701422 112701418
1128 112701459 112701459 112701459
1129 112701569 112701570 112701569
1130 112701570 112701570 112701570
1131 112701604 112701604 112701604
1132 112701658 112701658 112701658
1133 112701696 112701697 112701696
1134 112701752 112701752 112701752
1135 112701810 112701810 112701810
1136 112701847 112701847 112701847
1137 112701899 112701899 112701899
1138 112701951 112701952 112701951
1139 112701998 112701998 112701998
1140 112702050 112702051 112702050
1141 112702105 112702106 112702105
1142 112702158 112702158 112702158
1143 112702199 112702199 112702199
1144 112702255 112702255 112702255
1145 112702304 112702304 112702304
1146 112702355 112702355 112702355
1147 112702406 112702407 112702406
1148 112702459 112702459 112702459
1149 112702493 112702493 112702493
1150 112702553 112702554 112702553
1151 112702600 112702601 112702600
1152 112702654 112702654 112702654
1153 112702704 112702704 112702704
1154 112702758 112702758 112702758
1155 112702798 112702799 112702798
1156 112702852 112702852 112702852
1157 112702904 112702905 112702904
1158 112702949 112702949 112702949
1159 112702998 112702998 112702998
1160 112703051 112703052 112703051
1161 112703109 112703109 112703109
1162 112703147 112703147 112703147
1163 112703203 112703203 112703203
1164 112703252 112703253 112703252
1165 112703305 112703305 112703305
1166 112703358 112703358 112703358
1167 112703398 112703399 112703398
1168 112703452 112703452 112703452
1169 112703501 112703501 112703501
1170 112703553 112703553 112703553
1171 112703600 112703600 112703600
1172 112703658 112703658 112703658
1173 112703698 112703699 112703698
1174 112703749 112703749 112703749
1175 112703803 112703803 112703803
1176 112703849 112703849 112703849
1177 112703899 112703899 112703899
1178 112703951 112703951 112703951
1179 112703998 112703999 112703998
1180 112704051 112704051 112704051
1181 112704102 112704102 112704102
1182 112704156 112704156 112704156
1183 112704200 112704200 112704200
1184 112704253 112704254 112704253
1185 112704303 112704303 112704303
1186 112704349 112704349 112704349
1187 112704398 112704399 112704398
1188 112704452 112704452 112704452
1189 112704505 112704505 112704505
1190 112704557 112704557 112704557
1191 112704593 112704597 112704593
1192 112704650 112704652 112704650
1193 112704701 112704701 112704701
1194 112704755 112704755 112704755
1195 112704807 112704808 112704807
1196 112704858 112704858 112704858
1197 112704899 112704899 112704899
1198 112704953 112704954 112704953
1199 112705002 112705003 112705002
1200 112705058 112705058 112705058
1201 112705099 112705099 112705099
1202 112705150 112705150 112705150
1203 112705203 112705204 112705203
1204 112705249 112705249 112705249
1205 112705297 112705298 112705297
1206 112705353 112705353 112705353
1207 112705401 112705401 112705401
1208 112705450 112705450 112705450
1209 112705500 112705500 112705500
1210 112705555 112705555 112705555
1211 112705605 112705605 112705605
1212 112705665 112705665 112705665
1213 112705699 112705699 112705699
1214 112705752 112705752 112705752
1215 112705802 112705802 112705802
1216 112705863 112705864 112705863
1217 112705896 112705896 112705896
1218 112705952 112705952 112705952
1219 112706006 112706006 112706006
1220 112706056 112706057 112706056
1221 112706097 112706098 112706097
1222 112706158 112706158 112706158
1223 112706198 112706198 112706198
1224 112706252 112706252 112706252
1225 112706302 112706302 112706302
1226 112706350 112706350 112706350
1227 112706401 112706402 112706401
1228 112706447 112706447 112706447
1229 112706502 112706502 112706502
1230 112706548 112706548 112706548
1231 112706603 112706603 112706603
1232 112706651 112706651 112706651
1233 112706706 112706706 112706706
1234 112706756 112706756 112706756
1235 112706809 112706809 112706809
1236 112706865 112706865 112706865
1237 112706904 112706904 112706904
1238 112706956 112706956 112706956
1239 112707007 112707007 112707007
1240 112707059 112707059 112707059
1241 112707099 112707099 112707099
1242 112707151 112707151 112707151
1243 112707202 112707202 112707202
1244 112707258 112707262 112707258
1245 112707308 112707308 112707308
1246 112707349 112707349 112707349
1247 112707409 112707410 112707409
1248 112707443 112707443 112707443
1249 112707497 112707498 112707497
1250 112707551 112707551 112707551
1251 112707601 112707601 112707601
1252 112707652 112707652 112707652
1253 112707706 112707706 112707706
1254 112707743 112707743 112707743
1255 112707799 112707800 112707799
1256 112707858 112707858 112707858
1257 112707909 112707909 112707909
1258 112707948 112707949 112707948
1259 112708000 112708004 112708000
1260 112708049 112708049 112708049
1261 112708097 112708097 112708097
1262 112708153 112708153 112708153
1263 112708202 112708202 112708202
1264 112708257 112708257 112708257
1265 112708315 112708317 112708315
1266 112708346 112708346 112708346
1267 112708402 112708402 112708402
1268 112708455 112708455 112708455
1269 112708507 112708507 112708507
1270 112708559 112708560 112708559
1271 112708608 112708617 112708608
1272 112708646 112708646 112708646
1273 112708702 112708703 112708702
1274 112708749 112708749 112708749
1275 112708799 112708800 112708799
1276 112708852 112708852 112708852
1277 112708899 112708899 112708899
1278 112708952 112708952 112708952
1279 112708999 112708999 112708999
1280 112709052 112709052 112709052
1281 112709100 112709101 112709100
1282 112709158 112709158 112709158
1283 112709193 112709198 112709193
1284 112709253 112709253 112709253
1285 112709303 112709304 112709303
1286 112709352 112709352 112709352
1287 112709406 112709406 112709406
1288 112709457 112709457 112709457
1289 112709497 112709498 112709497
1290 112709553 112709553 112709553
1291 112709602 112709602 112709602
1292 112709653 112709654 112709653
1293 112709702 112709702 112709702
1294 112709758 112709759 112709758
1295 112709814 112709814 112709814
1296 112709843 112709847 112709843
1297 112709904 112709904 112709904
1298 112709951 112709951 112709951
1299 112710002 112710002 112710002
1300 112710051 112710051 112710051
1301 112710122 112710123 112710122
1302 112710154 112710154 112710154
1303 112710197 112710197 112710197
1304 112710253 112710253 112710253
1305 112710302 112710302 112710302
1306 112710358 112710358 112710358
1307 112710397 112710398 112710397
1308 112710449 112710450 112710449
1309 112710500 112710500 112710500
1310 112710549 112710549 112710549
1311 112710599 112710599 112710599
1312 112710651 112710651 112710651
1313 112710704 112710704 112710704
1314 112710753 112710753 112710753
1315 112710808 112710808 112710808
1316 112710859 112710859 112710859
1317 112710897 112710899 112710897
1318 112710955 112710955 112710955
1319 112711004 112711004 112711004
1320 112711055 112711055 112711055
1321 112711098 112711098 112711098
1322 112711148 112711148 112711148
1323 112711199 112711199 112711199
1324 112711253 112711254 112711253
1325 112711304 112711304 112711304
1326 112711363 112711363 112711363
1327 112711409 112711409 112711409
1328 112711451 112711451 112711451
1329 112711507 112711507 112711507
1330 112711557 112711557 112711557
1331 112711596 112711596 112711596
1332 112711650 112711651 112711650
1333 112711703 112711710 112711703
1334 112711752 112711752 112711752
1335 112711805 112711805 112711805
1336 112711858 112711859 112711858
1337 112711893 112711893 112711893
1338 112711953 112711953 112711953
1339 112712002 112712002 112712002
1340 112712049 112712051 112712049
1341 112712101 112712101 112712101
1342 112712152 112712152 112712152
1343 112712207 112712207 112712207
1344 112712257 112712257 112712257
1345 112712298 112712298 112712298
1346 112712354 112712354 112712354
1347 112712402 112712402 112712402
1348 112712447 112712448 112712447
1349 112712502 112712503 112712502
1350 112712550 112712550 112712550
1351 112712601 112712601 112712601
1352 112712651 112712651 112712651
1353 112712706 112712707 112712706
1354 112712746 112712747 112712746
1355 112712799 112712799 112712799
1356 112712850 112712851 112712850
1357 112712899 112712899 112712899
1358 112712953 112712953 112712953
1359 112713008 112713008 112713008
1360 112713058 112713058 112713058
1361 112713097 112713097 112713097
1362 112713155 112713155 112713155
1363 112713205 112713206 112713205
1364 112713243 112713246 112713243
1365 112713300 112713300 112713300
1366 112713348 112713348 112713348
1367 112713400 112713401 112713400
1368 112713457 112713457 112713457
1369 112713506 112713506 112713506
1370 112713547 112713548 112713547
1371 112713598 112713598 112713598
1372 112713652 112713652 112713652
1373 112713700 112713701 112713700
1374 112713755 112713755 112713755
1375 112713808 112713809 112713808
1376 112713860 112713860 112713860
1377 112713920 112713920 112713920
1378 112713960 112713962 112713960
1379 112714000 112714001 112714000
1380 112714051 112714051 112714051
1381 112714104 112714105 112714104
1382 112714159 112714159 112714159
1383 112714193 112714193 112714193
1384 112714249 112714249 112714249
1385 112714299 112714300 112714299
1386 112714351 112714352 112714351
1387 112714403 112714403 112714403
1388 112714454 112714454 112714454
1389 112714504 112714504 112714504
1390 112714556 112714557 112714556
1391 112714613 112714613 112714613
1392 112714642 112714642 112714642
1393 112714700 112714700 112714700
1394 112714753 112714753 112714753
1395 112714803 112714804 112714803
1396 112714858 112714858 112714858
1397 112714907 112714908 112714907
1398 112714948 112714948 112714948
1399 112715000 112715000 112715000
