1 120954875 120954875 120954875
2 120954876 120954876 120954876
3 120954889 120954889 120954889
4 120954946 120954947 120954946
5 120955002 120955003 120955002
6 120955048 120955049 120955048
7 120955090 120955093 120955090
8 120955142 120955143 120955142
9 120955202 120955203 120955202
10 120955241 120955242 120955241
11 120955301 120955301 120955301
12 120955342 120955342 120955342
13 120955402 120955403 120955402
14 120955443 120955443 120955443
15 120955507 120955507 120955507
16 120955542 120955542 120955542
17 120955592 120955592 120955592
18 120955650 120955651 120955650
19 120955697 120955697 120955697
20 120955740 120955740 120955740
21 120955792 120955793 120955792
22 120955852 120955852 120955852
23 120955901 120955901 120955901
24 120955950 120955950 120955950
25 120956002 120956002 120956002
26 120956051 120956052 120956051
27 120956092 120956099 120956092
28 120956142 120956142 120956142
29 120956200 120956203 120956200
30 120956248 120956248 120956248
31 120956299 120956299 120956299
32 120956350 120956350 120956350
33 120956388 120956388 120956388
34 120956440 120956440 120956440
35 120956503 120956503 120956503
36 120956550 120956550 120956550
37 120956599 120956599 120956599
38 120956654 120956654 120956654
39 120956701 120956701 120956701
40 120956753 120956753 120956753
41 120956790 120956790 120956790
42 120956848 120956848 120956848
43 120956889 120956889 120956889
44 120956947 120956947 120956947
45 120957001 120957001 120957001
46 120957059 120957059 120957059
47 120957092 120957092 120957092
48 120957147 120957148 120957147
49 120957198 120957198 120957198
50 120957263 120957263 120957263
51 120957288 120957289 120957288
52 120957342 120957343 120957342
53 120957402 120957402 120957402
54 120957454 120957454 120957454
55 120957488 120957488 120957488
56 120957547 120957547 120957547
57 120957599 120957599 120957599
58 120957648 120957648 120957648
59 120957693 120957693 120957693
60 120957747 120957747 120957747
61 120957799 120957799 120957799
62 120957852 120957852 120957852
63 120957893 120957893 120957893
64 120957950 120957950 120957950
65 120957998 120957998 120957998
66 120958043 120958050 120958043
67 120958094 120958094 120958094
68 120958143 120958146 120958143
69 120958201 120958202 120958201
70 120958247 120958248 120958247
71 120958299 120958299 120958299
72 120958349 120958349 120958349
73 120958402 120958402 120958402
74 120958447 120958448 120958447
75 120958498 120958498 120958498
76 120958550 120958550 120958550
77 120958599 120958599 120958599
78 120958653 120958653 120958653
79 120958707 120958708 120958707
80 120958740 120958741 120958740
81 120958793 120958793 120958793
82 120958851 120958852 120958851
83 120958904 120958904 120958904
84 120958948 120958949 120958948
85 120959000 120959000 120959000
86 120959047 120959048 120959047
87 120959097 120959097 120959097
88 120959149 120959149 120959149
89 120959197 120959198 120959197
90 120959249 120959250 120959249
91 120959299 120959299 120959299
92 120959350 120959350 120959350
93 120959398 120959399 120959398
94 120959451 120959452 120959451
95 120959500 120959501 120959500
96 120959547 120959548 120959547
97 120959601 120959601 120959601
98 120959648 120959649 120959648
99 120959700 120959700 120959700
100 120959750 120959750 120959750
101 120959799 120959800 120959799
102 120959849 120959849 120959849
103 120959904 120959904 120959904
104 120959940 120959940 120959940
105 120959993 120959993 120959993
106 121000136 121000136 121000136
107 121000136 121000136 121000136
108 121000155 121000156 121000155
109 121000199 121000199 121000199
110 121000243 121000252 121000243
111 121000300 121000300 121000300
112 121000348 121000348 121000348
113 121000399 121000399 121000399
114 121000448 121000448 121000448
115 121000497 121000497 121000497
116 121000550 121000550 121000550
117 121000600 121000600 121000600
118 121000650 121000650 121000650
119 121000699 121000699 121000699
120 121000750 121000750 121000750
121 121000800 121000800 121000800
122 121000851 121000851 121000851
123 121000901 121000901 121000901
124 121000955 121000955 121000955
125 121000991 121000991 121000991
126 121001043 121001043 121001043
127 121001092 121001092 121001092
128 121001141 121001142 121001141
129 121001200 121001200 121001200
130 121001250 121001250 121001250
131 121001299 121001301 121001299
132 121001349 121001349 121001349
133 121001399 121001399 121001399
134 121001451 121001451 121001451
135 121001498 121001498 121001498
136 121001552 121001552 121001552
137 121001601 121001601 121001601
138 121001643 121001650 121001643
139 121001733 121001734 121001733
140 121001746 121001747 121001746
141 121001805 121001809 121001805
142 121001842 121001843 121001842
143 121001903 121001903 121001903
144 121001938 121001939 121001938
145 121001991 121001991 121001991
146 121002050 121002051 121002050
147 121002100 121002101 121002100
148 121002150 121002151 121002150
149 121002200 121002200 121002200
150 121002251 121002251 121002251
151 121002300 121002301 121002300
152 121002353 121002353 121002353
153 121002401 121002402 121002401
154 121002448 121002448 121002448
155 121002505 121002506 121002505
156 121002551 121002551 121002551
157 121002600 121002600 121002600
158 121002652 121002652 121002652
159 121002697 121002697 121002697
160 121002749 121002750 121002749
161 121002799 121002799 121002799
162 121002851 121002852 121002851
163 121002900 121002900 121002900
164 121002954 121002955 121002954
165 121003003 121003004 121003003
166 121003055 121003055 121003055
167 121003116 121003116 121003116
168 121003146 121003146 121003146
169 121003200 121003200 121003200
170 121003247 121003248 121003247
171 121003298 121003300 121003298
172 121003350 121003350 121003350
173 121003397 121003397 121003397
174 121003450 121003450 121003450
175 121003497 121003497 121003497
176 121003553 121003553 121003553
177 121003600 121003601 121003600
178 121003651 121003651 121003651
179 121003702 121003702 121003702
180 121003747 121003747 121003747
181 121003799 121003799 121003799
182 121003848 121003848 121003848
183 121003889 121003889 121003889
184 121003943 121003943 121003943
185 121003993 121003993 121003993
186 121004056 121004057 121004056
187 121004096 121004096 121004096
188 121004151 121004151 121004151
189 121004201 121004201 121004201
190 121004251 121004251 121004251
191 121004300 121004301 121004300
192 121004353 121004354 121004353
193 121004403 121004403 121004403
194 121004455 121004455 121004455
195 121004503 121004503 121004503
196 121004540 121004540 121004540
197 121004593 121004593 121004593
198 121004648 121004648 121004648
199 121004688 121004689 121004688
200 121004750 121004750 121004750
201 121004798 121004798 121004798
202 121004851 121004851 121004851
203 121004898 121004898 121004898
204 121004939 121004939 121004939
205 121004991 121004992 121004991
206 121005052 121005052 121005052
207 121005101 121005101 121005101
208 121005147 121005147 121005147
209 121005199 121005199 121005199
210 121005249 121005249 121005249
211 121005301 121005301 121005301
212 121005348 121005349 121005348
213 121005400 121005401 121005400
214 121005449 121005449 121005449
215 121005498 121005498 121005498
216 121005552 121005554 121005552
217 121005593 121005593 121005593
218 121005659 121005659 121005659
219 121005692 121005692 121005692
220 121005752 121005753 121005752
221 121005802 121005802 121005802
222 121005847 121005847 121005847
223 121005900 121005900 121005900
224 121005957 121005957 121005957
225 121005989 121005989 121005989
226 121006046 121006047 121006046
227 121006092 121006093 121006092
228 121006152 121006152 121006152
229 121006203 121006203 121006203
230 121006254 121006254 121006254
231 121006306 121006306 121006306
232 121006339 121006339 121006339
233 121006399 121006399 121006399
234 121006452 121006452 121006452
235 121006501 121006501 121006501
236 121006555 121006555 121006555
237 121006603 121006604 121006603
238 121006653 121006653 121006653
239 121006701 121006701 121006701
240 121006747 121006747 121006747
241 121006803 121006804 121006803
242 121006842 121006843 121006842
243 121006949 121006949 121006949
244 121006950 121006950 121006950
245 121007002 121007002 121007002
246 121007053 121007053 121007053
247 121007099 121007099 121007099
248 121007143 121007149 121007143
249 121007202 121007203 121007202
250 121007251 121007251 121007251
251 121007301 121007301 121007301
252 121007348 121007348 121007348
253 121007400 121007401 121007400
254 121007447 121007447 121007447
255 121007492 121007496 121007492
256 121007550 121007550 121007550
257 121007598 121007598 121007598
258 121007649 121007650 121007649
259 121007691 121007691 121007691
260 121007748 121007748 121007748
261 121007798 121007798 121007798
262 121007852 121007852 121007852
263 121007901 121007901 121007901
264 121007948 121007948 121007948
265 121008002 121008002 121008002
266 121008052 121008054 121008052
267 121008102 121008102 121008102
268 121008141 121008141 121008141
269 121008198 121008198 121008198
270 121008249 121008250 121008249
271 121008299 121008299 121008299
272 121008350 121008350 121008350
273 121008398 121008398 121008398
274 121008452 121008452 121008452
275 121008500 121008500 121008500
276 121008552 121008552 121008552
277 121008603 121008603 121008603
278 121008650 121008651 121008650
279 121008702 121008703 121008702
280 121008747 121008748 121008747
281 121008797 121008797 121008797
282 121008848 121008848 121008848
283 121008900 121008900 121008900
284 121008950 121008950 121008950
285 121008999 121009000 121008999
286 121009052 121009053 121009052
287 121009101 121009101 121009101
288 121009151 121009152 121009151
289 121009197 121009198 121009197
290 121009251 121009251 121009251
291 121009300 121009300 121009300
292 121009350 121009350 121009350
293 121009402 121009402 121009402
294 121009447 121009447 121009447
295 121009498 121009501 121009498
296 121009550 121009551 121009550
297 121009597 121009598 121009597
298 121009649 121009649 121009649
299 121009704 121009704 121009704
300 121009750 121009750 121009750
301 121009799 121009799 121009799
302 121009853 121009854 121009853
303 121009900 121009900 121009900
304 121009952 121009952 121009952
305 121010003 121010003 121010003
306 121010041 121010041 121010041
307 121010093 121010093 121010093
308 121010148 121010148 121010148
309 121010204 121010204 121010204
310 121010248 121010248 121010248
311 121010297 121010298 121010297
312 121010349 121010349 121010349
313 121010393 121010396 121010393
314 121010448 121010448 121010448
315 121010498 121010498 121010498
316 121010550 121010550 121010550
317 121010599 121010600 121010599
318 121010649 121010649 121010649
319 121010703 121010703 121010703
320 121010751 121010751 121010751
321 121010801 121010802 121010801
322 121010849 121010849 121010849
323 121010893 121010893 121010893
324 121010948 121010948 121010948
325 121011001 121011002 121011001
326 121011049 121011050 121011049
327 121011097 121011098 121011097
328 121011143 121011143 121011143
329 121011198 121011198 121011198
330 121011253 121011253 121011253
331 121011298 121011298 121011298
332 121011349 121011350 121011349
333 121011402 121011402 121011402
334 121011449 121011450 121011449
335 121011501 121011502 121011501
336 121011548 121011548 121011548
337 121011599 121011600 121011599
338 121011648 121011649 121011648
339 121011697 121011697 121011697
340 121011749 121011749 121011749
341 121011793 121011793 121011793
342 121011849 121011849 121011849
343 121011898 121011899 121011898
344 121011948 121011951 121011948
345 121011998 121011999 121011998
346 121012052 121012052 121012052
347 121012102 121012102 121012102
348 121012152 121012154 121012152
349 121012189 121012189 121012189
350 121012242 121012242 121012242
351 121012300 121012300 121012300
352 121012350 121012350 121012350
353 121012398 121012398 121012398
354 121012449 121012450 121012449
355 121012501 121012501 121012501
356 121012552 121012552 121012552
357 121012601 121012601 121012601
358 121012653 121012653 121012653
359 121012699 121012699 121012699
360 121012750 121012750 121012750
361 121012802 121012802 121012802
362 121012851 121012851 121012851
363 121012893 121012893 121012893
364 121012948 121012948 121012948
365 121012998 121013003 121012998
366 121013049 121013049 121013049
367 121013098 121013098 121013098
368 121013140 121013141 121013140
369 121013197 121013197 121013197
370 121013249 121013250 121013249
371 121013299 121013299 121013299
372 121013349 121013349 121013349
373 121013399 121013399 121013399
374 121013448 121013449 121013448
375 121013500 121013500 121013500
376 121013550 121013551 121013550
377 121013601 121013601 121013601
378 121013649 121013649 121013649
379 121013698 121013698 121013698
380 121013739 121013739 121013739
381 121013797 121013797 121013797
382 121013851 121013853 121013851
383 121013908 121013908 121013908
384 121013939 121013940 121013939
385 121013998 121013999 121013998
386 121014054 121014054 121014054
387 121014104 121014104 121014104
388 121014142 121014143 121014142
389 121014202 121014202 121014202
390 121014249 121014249 121014249
391 121014293 121014293 121014293
392 121014349 121014350 121014349
393 121014403 121014403 121014403
394 121014448 121014449 121014448
395 121014498 121014498 121014498
396 121014551 121014552 121014551
397 121014598 121014598 121014598
398 121014642 121014643 121014642
399 121014697 121014697 121014697
400 121014748 121014749 121014748
401 121014800 121014800 121014800
402 121014853 121014854 121014853
403 121014902 121014902 121014902
404 121014952 121014953 121014952
405 121014989 121014989 121014989
406 121015043 121015043 121015043
407 121015102 121015103 121015102
408 121015151 121015152 121015151
409 121015203 121015203 121015203
410 121015251 121015251 121015251
411 121015298 121015298 121015298
412 121015339 121015339 121015339
413 121015392 121015392 121015392
414 121015447 121015447 121015447
415 121015499 121015500 121015499
416 121015548 121015549 121015548
417 121015602 121015602 121015602
418 121015649 121015650 121015649
419 121015701 121015701 121015701
420 121015750 121015750 121015750
421 121015804 121015804 121015804
422 121015850 121015851 121015850
423 121015898 121015898 121015898
424 121015951 121015951 121015951
425 121015997 121015997 121015997
426 121016050 121016050 121016050
427 121016098 121016099 121016098
428 121016148 121016149 121016148
429 121016200 121016201 121016200
430 121016251 121016251 121016251
431 121016301 121016301 121016301
432 121016352 121016352 121016352
433 121016400 121016401 121016400
434 121016450 121016450 121016450
435 121016499 121016502 121016499
436 121016554 121016554 121016554
437 121016591 121016592 121016591
438 121016649 121016649 121016649
439 121016699 121016700 121016699
440 121016738 121016738 121016738
441 121016802 121016802 121016802
442 121016856 121016856 121016856
443 121016905 121016906 121016905
444 121016940 121016941 121016940
445 121017003 121017004 121017003
446 121017051 121017052 121017051
447 121017103 121017103 121017103
448 121017152 121017152 121017152
449 121017199 121017203 121017199
450 121017248 121017248 121017248
451 121017297 121017297 121017297
452 121017349 121017350 121017349
453 121017399 121017399 121017399
454 121017447 121017447 121017447
455 121017499 121017499 121017499
456 121017549 121017549 121017549
457 121017599 121017600 121017599
458 121017647 121017647 121017647
459 121017698 121017699 121017698
460 121017749 121017749 121017749
461 121017800 121017800 121017800
462 121017849 121017849 121017849
463 121017897 121017898 121017897
464 121017950 121017950 121017950
465 121017999 121017999 121017999
466 121018051 121018051 121018051
467 121018106 121018106 121018106
468 121018141 121018141 121018141
469 121018198 121018198 121018198
470 121018249 121018249 121018249
471 121018302 121018302 121018302
472 121018354 121018354 121018354
473 121018402 121018402 121018402
474 121018452 121018452 121018452
475 121018500 121018501 121018500
476 121018553 121018553 121018553
477 121018605 121018605 121018605
478 121018651 121018653 121018651
479 121018698 121018698 121018698
480 121018750 121018750 121018750
481 121018797 121018797 121018797
482 121018847 121018848 121018847
483 121018899 121018900 121018899
484 121018947 121018947 121018947
485 121019000 121019000 121019000
486 121019049 121019049 121019049
487 121019100 121019100 121019100
488 121019149 121019149 121019149
489 121019201 121019201 121019201
490 121019251 121019251 121019251
491 121019297 121019297 121019297
492 121019351 121019351 121019351
493 121019398 121019398 121019398
494 121019450 121019450 121019450
495 121019500 121019500 121019500
496 121019540 121019540 121019540
497 121019592 121019596 121019592
498 121019648 121019648 121019648
499 121019699 121019701 121019699
500 121019755 121019756 121019755
501 121019789 121019789 121019789
502 121019850 121019850 121019850
503 121019893 121019893 121019893
504 121019954 121019954 121019954
505 121020003 121020004 121020003
506 121020049 121020049 121020049
507 121020098 121020098 121020098
508 121020151 121020151 121020151
509 121020197 121020197 121020197
510 121020243 121020243 121020243
511 121020298 121020298 121020298
512 121020348 121020348 121020348
513 121020399 121020400 121020399
514 121020451 121020451 121020451
515 121020500 121020500 121020500
516 121020551 121020551 121020551
517 121020603 121020603 121020603
518 121020651 121020651 121020651
519 121020703 121020703 121020703
520 121020752 121020753 121020752
521 121020800 121020801 121020800
522 121020852 121020852 121020852
523 121020898 121020898 121020898
524 121020949 121020950 121020949
525 121020999 121020999 121020999
526 121021053 121021054 121021053
527 121021101 121021101 121021101
528 121021149 121021149 121021149
529 121021204 121021204 121021204
530 121021255 121021255 121021255
531 121021288 121021288 121021288
532 121021348 121021349 121021348
533 121021396 121021396 121021396
534 121021443 121021443 121021443
535 121021499 121021499 121021499
536 121021538 121021539 121021538
537 121021597 121021597 121021597
538 121021643 121021643 121021643
539 121021699 121021699 121021699
540 121021748 121021749 121021748
541 121021800 121021800 121021800
542 121021849 121021849 121021849
543 121021900 121021901 121021900
544 121021949 121021950 121021949
545 121022002 121022002 121022002
546 121022048 121022048 121022048
547 121022100 121022100 121022100
548 121022152 121022153 121022152
549 121022203 121022203 121022203
550 121022238 121022239 121022238
551 121022290 121022290 121022290
552 121022348 121022348 121022348
553 121022399 121022399 121022399
554 121022452 121022453 121022452
555 121022500 121022500 121022500
556 121022549 121022549 121022549
557 121022602 121022602 121022602
558 121022651 121022651 121022651
559 121022693 121022693 121022693
560 121022756 121022756 121022756
561 121022790 121022791 121022790
562 121022848 121022849 121022848
563 121022900 121022900 121022900
564 121022951 121022951 121022951
565 121023007 121023008 121023007
566 121023046 121023046 121023046
567 121023102 121023102 121023102
568 121023154 121023154 121023154
569 121023200 121023200 121023200
570 121023257 121023257 121023257
571 121023303 121023303 121023303
572 121023352 121023352 121023352
573 121023389 121023389 121023389
574 121023442 121023443 121023442
575 121023498 121023498 121023498
576 121023538 121023538 121023538
577 121023592 121023592 121023592
578 121023643 121023643 121023643
579 121023698 121023699 121023698
580 121023752 121023752 121023752
581 121023800 121023800 121023800
582 121023853 121023853 121023853
583 121023902 121023902 121023902
584 121023943 121023949 121023943
585 121024003 121024003 121024003
586 121024049 121024052 121024049
587 121024103 121024104 121024103
588 121024151 121024151 121024151
589 121024203 121024203 121024203
590 121024251 121024252 121024251
591 121024306 121024306 121024306
592 121024340 121024342 121024340
593 121024399 121024399 121024399
594 121024448 121024449 121024448
595 121024501 121024501 121024501
596 121024554 121024554 121024554
597 121024604 121024604 121024604
598 121024642 121024642 121024642
599 121024701 121024701 121024701
600 121024751 121024751 121024751
601 121024789 121024789 121024789
602 121024840 121024840 121024840
603 121024893 121024893 121024893
604 121024950 121024950 121024950
605 121024997 121024998 121024997
606 121025048 121025050 121025048
607 121025101 121025101 121025101
608 121025153 121025153 121025153
609 121025202 121025202 121025202
610 121025256 121025256 121025256
611 121025305 121025306 121025305
612 121025341 121025341 121025341
613 121025401 121025402 121025401
614 121025451 121025451 121025451
615 121025496 121025496 121025496
616 121025555 121025555 121025555
617 121025601 121025602 121025601
618 121025651 121025651 121025651
619 121025706 121025706 121025706
620 121025754 121025754 121025754
621 121025800 121025801 121025800
622 121025840 121025840 121025840
623 121025899 121025899 121025899
624 121025946 121025946 121025946
625 121025999 121025999 121025999
626 121026049 121026049 121026049
627 121026091 121026091 121026091
628 121026140 121026140 121026140
629 121026203 121026203 121026203
630 121026250 121026252 121026250
631 121026298 121026299 121026298
632 121026351 121026351 121026351
633 121026398 121026399 121026398
634 121026450 121026450 121026450
635 121026500 121026500 121026500
636 121026549 121026552 121026549
637 121026601 121026601 121026601
638 121026649 121026649 121026649
639 121026700 121026700 121026700
640 121026749 121026750 121026749
641 121026803 121026803 121026803
642 121026850 121026851 121026850
643 121026896 121026896 121026896
644 121026953 121026953 121026953
645 121026998 121026999 121026998
646 121027043 121027048 121027043
647 121027098 121027099 121027098
648 121027154 121027154 121027154
649 121027284 121027284 121027284
650 121027285 121027285 121027285
651 121027307 121027307 121027307
652 121027359 121027359 121027359
653 121027405 121027405 121027405
654 121027454 121027456 121027454
655 121027505 121027505 121027505
656 121027563 121027563 121027563
657 121027591 121027591 121027591
658 121027648 121027648 121027648
659 121027698 121027698 121027698
660 121027752 121027752 121027752
661 121027797 121027798 121027797
662 121027843 121027846 121027843
663 121027898 121027898 121027898
664 121027947 121027948 121027947
665 121027999 121027999 121027999
666 121028057 121028057 121028057
667 121028091 121028091 121028091
668 121028150 121028151 121028150
669 121028203 121028203 121028203
670 121028240 121028240 121028240
671 121028292 121028292 121028292
672 121028349 121028351 121028349
673 121028398 121028398 121028398
674 121028449 121028449 121028449
675 121028500 121028500 121028500
676 121028553 121028553 121028553
677 121028598 121028598 121028598
678 121028648 121028648 121028648
679 121028699 121028700 121028699
680 121028755 121028755 121028755
681 121028788 121028789 121028788
682 121028842 121028843 121028842
683 121028893 121028893 121028893
684 121028951 121028952 121028951
685 121028996 121028997 121028996
686 121029048 121029049 121029048
687 121029098 121029098 121029098
688 121029150 121029150 121029150
689 121029199 121029199 121029199
690 121029248 121029248 121029248
691 121029299 121029299 121029299
692 121029348 121029348 121029348
693 121029402 121029402 121029402
694 121029451 121029452 121029451
695 121029502 121029503 121029502
696 121029554 121029554 121029554
697 121029588 121029588 121029588
698 121029642 121029648 121029642
699 121029697 121029697 121029697
700 121029750 121029750 121029750
701 121029799 121029799 121029799
702 121029849 121029849 121029849
703 121029899 121029899 121029899
704 121029948 121029948 121029948
705 121029999 121029999 121029999
706 121030048 121030048 121030048
707 121030100 121030100 121030100
708 121030152 121030153 121030152
709 121030188 121030188 121030188
710 121030240 121030240 121030240
711 121030297 121030298 121030297
712 121030350 121030350 121030350
713 121030399 121030400 121030399
714 121030450 121030451 121030450
715 121030499 121030499 121030499
716 121030552 121030552 121030552
717 121030600 121030600 121030600
718 121030651 121030652 121030651
719 121030700 121030700 121030700
720 121030748 121030748 121030748
721 121030803 121030803 121030803
722 121030852 121030852 121030852
723 121030902 121030902 121030902
724 121030952 121030952 121030952
725 121031002 121031003 121031002
726 121031050 121031050 121031050
727 121031093 121031095 121031093
728 121031139 121031140 121031139
729 121031196 121031196 121031196
730 121031252 121031253 121031252
731 121031292 121031292 121031292
732 121031349 121031351 121031349
733 121031400 121031400 121031400
734 121031451 121031451 121031451
735 121031501 121031502 121031501
736 121031548 121031548 121031548
737 121031602 121031602 121031602
738 121031651 121031651 121031651
739 121031697 121031697 121031697
740 121031753 121031753 121031753
741 121031806 121031806 121031806
742 121031852 121031852 121031852
743 121031891 121031892 121031891
744 121031947 121031947 121031947
745 121031999 121031999 121031999
746 121032048 121032048 121032048
747 121032099 121032099 121032099
748 121032148 121032149 121032148
749 121032204 121032204 121032204
750 121032241 121032242 121032241
751 121032293 121032293 121032293
752 121032353 121032353 121032353
753 121032403 121032403 121032403
754 121032452 121032452 121032452
755 121032500 121032500 121032500
756 121032553 121032554 121032553
757 121032616 121032617 121032616
758 121032653 121032653 121032653
759 121032689 121032689 121032689
760 121032740 121032740 121032740
761 121032791 121032792 121032791
762 121032852 121032852 121032852
763 121032899 121032900 121032899
764 121032949 121032949 121032949
765 121033003 121033003 121033003
766 121033051 121033052 121033051
767 121033096 121033097 121033096
768 121033151 121033154 121033151
769 121033189 121033190 121033189
770 121033251 121033251 121033251
771 121033302 121033302 121033302
772 121033339 121033339 121033339
773 121033398 121033398 121033398
774 121033448 121033449 121033448
775 121033500 121033500 121033500
776 121033551 121033551 121033551
777 121033604 121033604 121033604
778 121033638 121033638 121033638
779 121033692 121033693 121033692
780 121033749 121033750 121033749
781 121033802 121033803 121033802
782 121033848 121033849 121033848
783 121033898 121033898 121033898
784 121033952 121033952 121033952
785 121033998 121033998 121033998
786 121034047 121034050 121034047
787 121034102 121034102 121034102
788 121034149 121034149 121034149
789 121034200 121034200 121034200
790 121034259 121034259 121034259
791 121034288 121034289 121034288
792 121034349 121034349 121034349
793 121034393 121034393 121034393
794 121034451 121034451 121034451
795 121034504 121034504 121034504
796 121034550 121034550 121034550
797 121034605 121034606 121034605
798 121034652 121034653 121034652
799 121034689 121034689 121034689
800 121034749 121034750 121034749
801 121034801 121034801 121034801
802 121034853 121034853 121034853
803 121034900 121034901 121034900
804 121034947 121034947 121034947
805 121035000 121035000 121035000
806 121035050 121035050 121035050
807 121035101 121035101 121035101
808 121035150 121035151 121035150
809 121035202 121035202 121035202
810 121035251 121035252 121035251
811 121035305 121035305 121035305
812 121035355 121035356 121035355
813 121035403 121035403 121035403
814 121035452 121035452 121035452
815 121035504 121035504 121035504
816 121035539 121035539 121035539
817 121035599 121035600 121035599
818 121035648 121035648 121035648
819 121035702 121035702 121035702
820 121035751 121035752 121035751
821 121035802 121035803 121035802
822 121035852 121035852 121035852
823 121035903 121035904 121035903
824 121035952 121035952 121035952
825 121036002 121036002 121036002
826 121036048 121036048 121036048
827 121036093 121036093 121036093
828 121036143 121036147 121036143
829 121036200 121036201 121036200
830 121036254 121036254 121036254
831 121036289 121036289 121036289
832 121036343 121036346 121036343
833 121036399 121036400 121036399
834 121036450 121036450 121036450
835 121036501 121036501 121036501
836 121036549 121036549 121036549
837 121036600 121036601 121036600
838 121036651 121036651 121036651
839 121036697 121036697 121036697
840 121036752 121036752 121036752
841 121036798 121036798 121036798
842 121036849 121036850 121036849
843 121036902 121036902 121036902
844 121036948 121036948 121036948
845 121037000 121037000 121037000
846 121037048 121037048 121037048
847 121037102 121037102 121037102
848 121037149 121037149 121037149
849 121037201 121037202 121037201
850 121037253 121037253 121037253
851 121037304 121037304 121037304
852 121037352 121037352 121037352
853 121037398 121037398 121037398
854 121037449 121037449 121037449
855 121037498 121037498 121037498
856 121037551 121037551 121037551
857 121037599 121037601 121037599
858 121037643 121037647 121037643
859 121037700 121037700 121037700
860 121037747 121037747 121037747
861 121037801 121037801 121037801
862 121037850 121037850 121037850
863 121037893 121037893 121037893
864 121037949 121037951 121037949
865 121038001 121038001 121038001
866 121038051 121038052 121038051
867 121038097 121038097 121038097
868 121038153 121038153 121038153
869 121038199 121038199 121038199
870 121038249 121038251 121038249
871 121038302 121038302 121038302
872 121038348 121038349 121038348
873 121038403 121038403 121038403
874 121038447 121038448 121038447
875 121038500 121038500 121038500
876 121038549 121038551 121038549
877 121038603 121038603 121038603
878 121038650 121038650 121038650
879 121038697 121038697 121038697
880 121038749 121038749 121038749
881 121038799 121038799 121038799
882 121038849 121038849 121038849
883 121038899 121038899 121038899
884 121038947 121038947 121038947
885 121038999 121038999 121038999
886 121039051 121039051 121039051
887 121039100 121039101 121039100
888 121039147 121039147 121039147
889 121039201 121039201 121039201
890 121039250 121039250 121039250
891 121039302 121039302 121039302
892 121039351 121039352 121039351
893 121039399 121039401 121039399
894 121039450 121039450 121039450
895 121039499 121039499 121039499
896 121039551 121039551 121039551
897 121039600 121039600 121039600
898 121039649 121039649 121039649
899 121039705 121039705 121039705
900 121039754 121039754 121039754
901 121039789 121039789 121039789
902 121039853 121039853 121039853
903 121039905 121039906 121039905
904 121039955 121039955 121039955
905 121039990 121039990 121039990
906 121040043 121040050 121040043
907 121040096 121040097 121040096
908 121040149 121040149 121040149
909 121040198 121040198 121040198
910 121040251 121040251 121040251
911 121040302 121040302 121040302
912 121040340 121040341 121040340
913 121040398 121040399 121040398
914 121040447 121040447 121040447
915 121040502 121040502 121040502
916 121040550 121040550 121040550
917 121040601 121040601 121040601
918 121040648 121040649 121040648
919 121040699 121040700 121040699
920 121040751 121040751 121040751
921 121040801 121040801 121040801
922 121040853 121040854 121040853
923 121040903 121040904 121040903
924 121040954 121040954 121040954
925 121041003 121041003 121041003
926 121041040 121041040 121041040
927 121041091 121041091 121041091
928 121041143 121041143 121041143
929 121041199 121041199 121041199
930 121041249 121041250 121041249
931 121041303 121041303 121041303
932 121041352 121041353 121041352
933 121041404 121041404 121041404
934 121041454 121041454 121041454
935 121041506 121041507 121041506
936 121041554 121041555 121041554
937 121041593 121041593 121041593
938 121041647 121041648 121041647
939 121041702 121041702 121041702
940 121041741 121041741 121041741
941 121041801 121041801 121041801
942 121041848 121041848 121041848
943 121041902 121041902 121041902
944 121041949 121041949 121041949
945 121042000 121042000 121042000
946 121042050 121042050 121042050
947 121042104 121042104 121042104
948 121042152 121042152 121042152
949 121042202 121042202 121042202
950 121042252 121042253 121042252
951 121042307 121042307 121042307
952 121042340 121042340 121042340
953 121042396 121042396 121042396
954 121042448 121042448 121042448
955 121042500 121042500 121042500
956 121042548 121042548 121042548
957 121042603 121042603 121042603
958 121042648 121042649 121042648
959 121042700 121042700 121042700
960 121042750 121042751 121042750
961 121042802 121042802 121042802
962 121042865 121042866 121042865
963 121042893 121042893 121042893
964 121042943 121042949 121042943
965 121042998 121042998 121042998
966 121043051 121043051 121043051
967 121043100 121043100 121043100
968 121043149 121043149 121043149
969 121043200 121043200 121043200
970 121043249 121043249 121043249
971 121043300 121043301 121043300
972 121043352 121043352 121043352
973 121043390 121043390 121043390
974 121043439 121043440 121043439
975 121043492 121043492 121043492
976 121043548 121043549 121043548
977 121043600 121043602 121043600
978 121043653 121043654 121043653
979 121043701 121043701 121043701
980 121043738 121043738 121043738
981 121043792 121043800 121043792
982 121043846 121043847 121043846
983 121043899 121043899 121043899
984 121043949 121043950 121043949
985 121044002 121044002 121044002
986 121044049 121044049 121044049
987 121044101 121044102 121044101
988 121044150 121044151 121044150
989 121044193 121044193 121044193
990 121044254 121044254 121044254
991 121044299 121044300 121044299
992 121044339 121044341 121044339
993 121044399 121044399 121044399
994 121044448 121044448 121044448
995 121044499 121044499 121044499
996 121044549 121044549 121044549
997 121044599 121044600 121044599
998 121044648 121044648 121044648
999 121044702 121044702 121044702
1000 121044749 121044749 121044749
1001 121044802 121044802 121044802
1002 121044853 121044853 121044853
1003 121044892 121044892 121044892
1004 121044941 121044941 121044941
1005 121044997 121044997 121044997
1006 121045050 121045051 121045050
1007 121045099 121045099 121045099
1008 121045148 121045148 121045148
1009 121045200 121045200 121045200
1010 121045247 121045247 121045247
1011 121045299 121045299 121045299
1012 121045351 121045351 121045351
1013 121045400 121045400 121045400
1014 121045450 121045450 121045450
1015 121045502 121045502 121045502
1016 121045551 121045551 121045551
1017 121045601 121045603 121045601
1018 121045652 121045652 121045652
1019 121045697 121045698 121045697
1020 121045750 121045750 121045750
1021 121045800 121045801 121045800
1022 121045853 121045853 121045853
1023 121045901 121045902 121045901
1024 121045955 121045955 121045955
1025 121045990 121045990 121045990
1026 121046042 121046043 121046042
1027 121046093 121046093 121046093
1028 121046139 121046140 121046139
1029 121046192 121046192 121046192
1030 121046251 121046251 121046251
1031 121046305 121046306 121046305
1032 121046341 121046341 121046341
1033 121046398 121046398 121046398
1034 121046450 121046450 121046450
1035 121046500 121046500 121046500
1036 121046547 121046547 121046547
1037 121046589 121046589 121046589
1038 121046652 121046652 121046652
1039 121046701 121046701 121046701
1040 121046749 121046749 121046749
1041 121046801 121046802 121046801
1042 121046852 121046852 121046852
1043 121046889 121046889 121046889
1044 121046940 121046940 121046940
1045 121046993 121046993 121046993
1046 121047053 121047053 121047053
1047 121047102 121047102 121047102
1048 121047149 121047149 121047149
1049 121047201 121047201 121047201
1050 121047248 121047248 121047248
1051 121047300 121047300 121047300
1052 121047355 121047355 121047355
1053 121047390 121047390 121047390
1054 121047450 121047451 121047450
1055 121047492 121047493 121047492
1056 121047549 121047549 121047549
1057 121047658 121047658 121047658
1058 121047705 121047705 121047705
1059 121047750 121047750 121047750
1060 121047800 121047802 121047800
1061 121047856 121047856 121047856
1062 121047905 121047905 121047905
1063 121047940 121047940 121047940
1064 121047999 121048000 121047999
1065 121048047 121048047 121048047
1066 121048099 121048099 121048099
1067 121048150 121048150 121048150
1068 121048200 121048200 121048200
1069 121048249 121048249 121048249
1070 121048298 121048298 121048298
1071 121048351 121048351 121048351
1072 121048406 121048406 121048406
1073 121048439 121048439 121048439
1074 121048493 121048493 121048493
1075 121048543 121048543 121048543
1076 121048598 121048598 121048598
1077 121048652 121048653 121048652
1078 121048701 121048701 121048701
1079 121048747 121048747 121048747
1080 121048799 121048800 121048799
1081 121048848 121048848 121048848
1082 121048900 121048900 121048900
1083 121048949 121048949 121048949
1084 121048997 121048998 121048997
1085 121049050 121049050 121049050
1086 121049098 121049098 121049098
1087 121049148 121049149 121049148
1088 121049198 121049198 121049198
1089 121049248 121049249 121049248
1090 121049298 121049299 121049298
1091 121049350 121049350 121049350
1092 121049401 121049401 121049401
1093 121049449 121049449 121049449
1094 121049499 121049500 121049499
1095 121049549 121049549 121049549
1096 121049604 121049604 121049604
1097 121049659 121049659 121049659
1098 121049689 121049690 121049689
1099 121049749 121049750 121049749
1100 121049802 121049802 121049802
1101 121049855 121049855 121049855
1102 121049907 121049908 121049907
1103 121049942 121049942 121049942
1104 121049999 121049999 121049999
1105 121050047 121050048 121050047
1106 121050100 121050101 121050100
1107 121050149 121050149 121050149
1108 121050201 121050201 121050201
1109 121050248 121050249 121050248
1110 121050301 121050301 121050301
1111 121050350 121050350 121050350
1112 121050402 121050402 121050402
1113 121050439 121050439 121050439
1114 121050492 121050492 121050492
1115 121050552 121050552 121050552
1116 121050607 121050607 121050607
1117 121050639 121050639 121050639
1118 121050691 121050691 121050691
1119 121050750 121050750 121050750
1120 121050800 121050800 121050800
1121 121050849 121050849 121050849
1122 121050902 121050902 121050902
1123 121050949 121050949 121050949
1124 121050999 121051001 121050999
1125 121051049 121051050 121051049
1126 121051090 121051090 121051090
1127 121051140 121051140 121051140
1128 121051193 121051193 121051193
1129 121051243 121051243 121051243
1130 121051300 121051300 121051300
1131 121051351 121051353 121051351
1132 121051402 121051402 121051402
1133 121051441 121051442 121051441
1134 121051498 121051498 121051498
1135 121051548 121051548 121051548
1136 121051605 121051605 121051605
1137 121051643 121051643 121051643
1138 121051698 121051699 121051698
1139 121051749 121051749 121051749
1140 121051803 121051803 121051803
1141 121051851 121051851 121051851
1142 121051896 121051897 121051896
1143 121051952 121051952 121051952
1144 121051999 121051999 121051999
1145 121052049 121052051 121052049
1146 121052102 121052102 121052102
1147 121052153 121052153 121052153
1148 121052200 121052200 121052200
1149 121052250 121052250 121052250
1150 121052300 121052300 121052300
1151 121052350 121052350 121052350
1152 121052399 121052399 121052399
1153 121052451 121052451 121052451
1154 121052489 121052489 121052489
1155 121052552 121052553 121052552
1156 121052605 121052605 121052605
1157 121052651 121052651 121052651
1158 121052700 121052701 121052700
1159 121052748 121052748 121052748
1160 121052800 121052800 121052800
1161 121052857 121052857 121052857
1162 121052890 121052890 121052890
1163 121052947 121052947 121052947
1164 121053000 121053000 121053000
1165 121053047 121053047 121053047
1166 121053099 121053099 121053099
1167 121053156 121053156 121053156
1168 121053190 121053190 121053190
1169 121053243 121053249 121053243
1170 121053299 121053299 121053299
1171 121053358 121053360 121053358
1172 121053399 121053399 121053399
1173 121053453 121053453 121053453
1174 121053498 121053498 121053498
1175 121053549 121053549 121053549
1176 121053601 121053602 121053601
1177 121053648 121053651 121053648
1178 121053691 121053691 121053691
1179 121053749 121053749 121053749
1180 121053801 121053802 121053801
1181 121053852 121053852 121053852
1182 121053899 121053899 121053899
1183 121053950 121053951 121053950
1184 121053998 121053998 121053998
1185 121054048 121054049 121054048
1186 121054098 121054098 121054098
1187 121054156 121054156 121054156
1188 121054200 121054200 121054200
1189 121054248 121054249 121054248
1190 121054299 121054300 121054299
1191 121054348 121054349 121054348
1192 121054401 121054401 121054401
1193 121054450 121054450 121054450
1194 121054503 121054503 121054503
1195 121054554 121054554 121054554
1196 121054592 121054592 121054592
1197 121054649 121054649 121054649
1198 121054700 121054700 121054700
1199 121054753 121054753 121054753
1200 121054788 121054789 121054788
1201 121054840 121054840 121054840
1202 121054899 121054900 121054899
1203 121054949 121054949 121054949
1204 121055000 121055000 121055000
1205 121055052 121055052 121055052
1206 121055103 121055103 121055103
1207 121055143 121055147 121055143
1208 121055199 121055199 121055199
1209 121055250 121055250 121055250
1210 121055303 121055304 121055303
1211 121055355 121055355 121055355
1212 121055407 121055407 121055407
1213 121055438 121055439 121055438
1214 121055503 121055503 121055503
1215 121055554 121055554 121055554
1216 121055603 121055603 121055603
1217 121055654 121055654 121055654
1218 121055703 121055703 121055703
1219 121055739 121055739 121055739
1220 121055801 121055801 121055801
1221 121055849 121055849 121055849
1222 121055897 121055897 121055897
1223 121055951 121055952 121055951
1224 121055998 121055998 121055998
1225 121056043 121056049 121056043
1226 121056101 121056101 121056101
1227 121056147 121056148 121056147
1228 121056199 121056199 121056199
1229 121056247 121056248 121056247
1230 121056300 121056300 121056300
1231 121056349 121056349 121056349
1232 121056400 121056400 121056400
1233 121056452 121056453 121056452
1234 121056489 121056489 121056489
1235 121056550 121056550 121056550
1236 121056606 121056607 121056606
1237 121056639 121056639 121056639
1238 121056699 121056699 121056699
1239 121056743 121056751 121056743
1240 121056801 121056802 121056801
1241 121056848 121056848 121056848
1242 121056898 121056898 121056898
1243 121056948 121056948 121056948
1244 121056999 121056999 121056999
1245 121057043 121057043 121057043
1246 121057101 121057101 121057101
1247 121057148 121057149 121057148
1248 121057197 121057197 121057197
1249 121057248 121057249 121057248
1250 121057298 121057299 121057298
1251 121057349 121057349 121057349
1252 121057399 121057399 121057399
1253 121057451 121057452 121057451
1254 121057498 121057499 121057498
1255 121057540 121057540 121057540
1256 121057600 121057601 121057600
1257 121057648 121057649 121057648
1258 121057701 121057702 121057701
1259 121057749 121057750 121057749
1260 121057799 121057800 121057799
1261 121057850 121057850 121057850
1262 121057898 121057899 121057898
1263 121057949 121057949 121057949
1264 121057998 121057999 121057998
1265 121058050 121058050 121058050
1266 121058100 121058100 121058100
1267 121058160 121058166 121058160
1268 121058192 121058192 121058192
1269 121058247 121058247 121058247
1270 121058299 121058299 121058299
1271 121058347 121058348 121058347
1272 121058401 121058401 121058401
1273 121058448 121058448 121058448
1274 121058500 121058500 121058500
1275 121058552 121058552 121058552
1276 121058605 121058605 121058605
1277 121058641 121058641 121058641
1278 121058698 121058698 121058698
1279 121058749 121058749 121058749
1280 121058799 121058799 121058799
1281 121058854 121058854 121058854
1282 121058893 121058896 121058893
1283 121058948 121058948 121058948
1284 121058998 121058999 121058998
1285 121059049 121059049 121059049
1286 121059101 121059101 121059101
1287 121059156 121059156 121059156
1288 121059190 121059190 121059190
1289 121059247 121059247 121059247
1290 121059301 121059301 121059301
1291 121059350 121059351 121059350
1292 121059398 121059398 121059398
1293 121059443 121059443 121059443
1294 121059501 121059501 121059501
1295 121059553 121059553 121059553
1296 121059599 121059599 121059599
1297 121059651 121059651 121059651
1298 121059698 121059698 121059698
1299 121059748 121059748 121059748
1300 121059803 121059803 121059803
1301 121059852 121059853 121059852
1302 121059889 121059890 121059889
1303 121059958 121059958 121059958
1304 121059990 121059991 121059990
1305 121100152 121100153 121100152
1306 121100153 121100153 121100153
1307 121100153 121100153 121100153
1308 121100206 121100206 121100206
1309 121100254 121100254 121100254
1310 121100309 121100309 121100309
1311 121100341 121100353 121100341
1312 121100400 121100400 121100400
1313 121100450 121100451 121100450
1314 121100502 121100503 121100502
1315 121100553 121100553 121100553
1316 121100597 121100597 121100597
1317 121100648 121100648 121100648
1318 121100697 121100699 121100697
1319 121100749 121100749 121100749
1320 121100799 121100799 121100799
1321 121100850 121100850 121100850
1322 121100899 121100899 121100899
1323 121100951 121100951 121100951
1324 121101000 121101000 121101000
1325 121101053 121101053 121101053
1326 121101099 121101099 121101099
1327 121101143 121101143 121101143
1328 121101200 121101201 121101200
1329 121101249 121101250 121101249
1330 121101299 121101300 121101299
1331 121101351 121101351 121101351
1332 121101398 121101398 121101398
1333 121101449 121101450 121101449
1334 121101501 121101501 121101501
1335 121101556 121101556 121101556
1336 121101591 121101591 121101591
1337 121101638 121101639 121101638
1338 121101698 121101698 121101698
1339 121101748 121101748 121101748
1340 121101802 121101802 121101802
1341 121101860 121101860 121101860
1342 121101890 121101890 121101890
1343 121101947 121101947 121101947
1344 121102001 121102001 121102001
1345 121102049 121102049 121102049
1346 121102099 121102099 121102099
1347 121102150 121102151 121102150
1348 121102198 121102198 121102198
1349 121102243 121102243 121102243
1350 121102299 121102299 121102299
1351 121102343 121102348 121102343
1352 121102398 121102398 121102398
1353 121102452 121102452 121102452
1354 121102502 121102502 121102502
1355 121102553 121102554 121102553
1356 121102602 121102602 121102602
1357 121102651 121102651 121102651
1358 121102702 121102702 121102702
1359 121102750 121102750 121102750
1360 121102802 121102802 121102802
1361 121102851 121102852 121102851
1362 121102902 121102902 121102902
1363 121102949 121102949 121102949
1364 121102998 121102999 121102998
1365 121103043 121103043 121103043
1366 121103097 121103098 121103097
1367 121103148 121103149 121103148
1368 121103189 121103189 121103189
1369 121103246 121103246 121103246
1370 121103298 121103298 121103298
1371 121103349 121103349 121103349
1372 121103401 121103401 121103401
1373 121103449 121103449 121103449
1374 121103498 121103498 121103498
1375 121103550 121103551 121103550
1376 121103601 121103601 121103601
1377 121103638 121103638 121103638
1378 121103692 121103692 121103692
1379 121103743 121103743 121103743
1380 121103798 121103798 121103798
1381 121103852 121103852 121103852
1382 121103899 121103900 121103899
1383 121103947 121103948 121103947
1384 121104001 121104001 121104001
1385 121104047 121104047 121104047
1386 121104100 121104100 121104100
1387 121104149 121104150 121104149
1388 121104200 121104200 121104200
1389 121104250 121104250 121104250
1390 121104302 121104303 121104302
1391 121104353 121104353 121104353
1392 121104400 121104400 121104400
1393 121104452 121104452 121104452
1394 121104498 121104499 121104498
1395 121104546 121104546 121104546
1396 121104603 121104603 121104603
1397 121104643 121104643 121104643
1398 121104693 121104693 121104693
