1 123524165 123524166 123524165
2 123524231 123524231 123524231
3 123524285 123524285 123524285
4 123524318 123524319 123524318
5 123524366 123524366 123524366
6 123524416 123524416 123524416
7 123524460 123524464 123524460
8 123524510 123524511 123524510
9 123524567 123524567 123524567
10 123524610 123524611 123524610
11 123524667 123524667 123524667
12 123524711 123524711 123524711
13 123524767 123524767 123524767
14 123524811 123524811 123524811
15 123524871 123524871 123524871
16 123524920 123524920 123524920
17 123524971 123524971 123524971
18 123525021 123525021 123525021
19 123525061 123525061 123525061
20 123525110 123525110 123525110
21 123525161 123525161 123525161
22 123525215 123525215 123525215
23 123525265 123525265 123525265
24 123525315 123525315 123525315
25 123525361 123525366 123525361
26 123525420 123525424 123525420
27 123525475 123525475 123525475
28 123525520 123525520 123525520
29 123525560 123525560 123525560
30 123525618 123525619 123525618
31 123525671 123525671 123525671
32 123525721 123525724 123525721
33 123525776 123525776 123525776
34 123525810 123525810 123525810
35 123525867 123525867 123525867
36 123525911 123525913 123525911
37 123525965 123525966 123525965
38 123526027 123526027 123526027
39 123526074 123526075 123526074
40 123526111 123526111 123526111
41 123526171 123526171 123526171
42 123526226 123526226 123526226
43 123526261 123526261 123526261
44 123526310 123526311 123526310
45 123526362 123526362 123526362
46 123526429 123526429 123526429
47 123526462 123526462 123526462
48 123526516 123526516 123526516
49 123526566 123526566 123526566
50 123526627 123526627 123526627
51 123526677 123526678 123526677
52 123526709 123526709 123526709
53 123526764 123526764 123526764
54 123526816 123526816 123526816
55 123526882 123526882 123526882
56 123526911 123526911 123526911
57 123526963 123526964 123526963
58 123527019 123527019 123527019
59 123527062 123527062 123527062
60 123527112 123527114 123527112
61 123527169 123527169 123527169
62 123527229 123527230 123527229
63 123527262 123527262 123527262
64 123527313 123527314 123527313
65 123527365 123527365 123527365
66 123527421 123527421 123527421
67 123527478 123527478 123527478
68 123527511 123527511 123527511
69 123527565 123527566 123527565
70 123527616 123527616 123527616
71 123527670 123527670 123527670
72 123527721 123527721 123527721
73 123527763 123527763 123527763
74 123527817 123527817 123527817
75 123527865 123527866 123527865
76 123527926 123527927 123527926
77 123527977 123527978 123527977
78 123528027 123528027 123528027
79 123528080 123528080 123528080
80 123528112 123528112 123528112
81 123528159 123528159 123528159
82 123528213 123528214 123528213
83 123528266 123528267 123528266
84 123528314 123528314 123528314
85 123528363 123528363 123528363
86 123528417 123528417 123528417
87 123528467 123528467 123528467
88 123528520 123528520 123528520
89 123528563 123528563 123528563
90 123528620 123528620 123528620
91 123528676 123528676 123528676
92 123528710 123528711 123528710
93 123528765 123528765 123528765
94 123528813 123528813 123528813
95 123528868 123528868 123528868
96 123528919 123528919 123528919
97 123528971 123528971 123528971
98 123529014 123529014 123529014
99 123529070 123529070 123529070
100 123529119 123529119 123529119
101 123529177 123529177 123529177
102 123529225 123529226 123529225
103 123529264 123529264 123529264
104 123529325 123529325 123529325
105 123529378 123529378 123529378
106 123529415 123529416 123529415
107 123529465 123529465 123529465
108 123529518 123529524 123529518
109 123529569 123529569 123529569
110 123529621 123529621 123529621
111 123529660 123529661 123529660
112 123529712 123529713 123529712
113 123529763 123529763 123529763
114 123529816 123529816 123529816
115 123529868 123529868 123529868
116 123529924 123529924 123529924
117 123529963 123529964 123529963
118 123530017 123530017 123530017
119 123530067 123530067 123530067
120 123530124 123530124 123530124
121 123530171 123530171 123530171
122 123530212 123530212 123530212
123 123530277 123530279 123530277
124 123530312 123530312 123530312
125 123530365 123530365 123530365
126 123530418 123530418 123530418
127 123530469 123530469 123530469
128 123530520 123530520 123530520
129 123530576 123530576 123530576
130 123530612 123530612 123530612
131 123530664 123530664 123530664
132 123530709 123530709 123530709
133 123530768 123530769 123530768
134 123530816 123530820 123530816
135 123530870 123530870 123530870
136 123530924 123530924 123530924
137 123530970 123530977 123530970
138 123531012 123531013 123531012
139 123531099 123531099 123531099
140 123531111 123531111 123531111
141 123531161 123531165 123531161
142 123531215 123531216 123531215
143 123531275 123531276 123531275
144 123531311 123531311 123531311
145 123531364 123531364 123531364
146 123531415 123531416 123531415
147 123531463 123531463 123531463
148 123531512 123531512 123531512
149 123531579 123531579 123531579
150 123531612 123531613 123531612
151 123531668 123531668 123531668
152 123531719 123531719 123531719
153 123531775 123531775 123531775
154 123531819 123531820 123531819
155 123531862 123531862 123531862
156 123531916 123531916 123531916
157 123531965 123531965 123531965
158 123532028 123532029 123532028
159 123532061 123532061 123532061
160 123532112 123532112 123532112
161 123532167 123532167 123532167
162 123532224 123532225 123532224
163 123532281 123532281 123532281
164 123532314 123532315 123532314
165 123532362 123532363 123532362
166 123532418 123532418 123532418
167 123532460 123532461 123532460
168 123532521 123532521 123532521
169 123532561 123532561 123532561
170 123532616 123532616 123532616
171 123532666 123532666 123532666
172 123532719 123532719 123532719
173 123532760 123532760 123532760
174 123532811 123532811 123532811
175 123532879 123532879 123532879
176 123532910 123532911 123532910
177 123532965 123532966 123532965
178 123533014 123533015 123533014
179 123533069 123533070 123533069
180 123533110 123533110 123533110
181 123533161 123533161 123533161
182 123533216 123533216 123533216
183 123533271 123533271 123533271
184 123533314 123533314 123533314
185 123533374 123533375 123533374
186 123533433 123533433 123533433
187 123533460 123533460 123533460
188 123533512 123533512 123533512
189 123533566 123533566 123533566
190 123533617 123533624 123533617
191 123533669 123533670 123533669
192 123533711 123533711 123533711
193 123533762 123533762 123533762
194 123533817 123533818 123533817
195 123533860 123533860 123533860
196 123533918 123533918 123533918
197 123533968 123533970 123533968
198 123534019 123534019 123534019
199 123534075 123534075 123534075
200 123534125 123534125 123534125
201 123534177 123534177 123534177
202 123534210 123534210 123534210
203 123534263 123534263 123534263
204 123534327 123534327 123534327
205 123534361 123534361 123534361
206 123534414 123534414 123534414
207 123534464 123534468 123534464
208 123534518 123534518 123534518
209 123534570 123534570 123534570
210 123534632 123534632 123534632
211 123534662 123534662 123534662
212 123534715 123534715 123534715
213 123534770 123534770 123534770
214 123534825 123534826 123534825
215 123534881 123534881 123534881
216 123534910 123534911 123534910
217 123534964 123534964 123534964
218 123535014 123535014 123535014
219 123535067 123535067 123535067
220 123535120 123535126 123535120
221 123535175 123535175 123535175
222 123535211 123535211 123535211
223 123535265 123535266 123535265
224 123535318 123535318 123535318
225 123535370 123535371 123535370
226 123535420 123535420 123535420
227 123535475 123535476 123535475
228 123535526 123535526 123535526
229 123535561 123535561 123535561
230 123535613 123535613 123535613
231 123535663 123535663 123535663
232 123535715 123535715 123535715
233 123535767 123535767 123535767
234 123535817 123535817 123535817
235 123535875 123535875 123535875
236 123535913 123535913 123535913
237 123535965 123535965 123535965
238 123536018 123536018 123536018
239 123536075 123536076 123536075
240 123536126 123536128 123536126
241 123536160 123536161 123536160
242 123536211 123536212 123536211
243 123536271 123536276 123536271
244 123536312 123536312 123536312
245 123536368 123536368 123536368
246 123536426 123536426 123536426
247 123536460 123536460 123536460
248 123536513 123536513 123536513
249 123536561 123536561 123536561
250 123536617 123536618 123536617
251 123536670 123536671 123536670
252 123536720 123536720 123536720
253 123536761 123536762 123536761
254 123536817 123536817 123536817
255 123536869 123536869 123536869
256 123536925 123536925 123536925
257 123536963 123536963 123536963
258 123537013 123537013 123537013
259 123537079 123537079 123537079
260 123537110 123537110 123537110
261 123537160 123537160 123537160
262 123537211 123537211 123537211
263 123537263 123537264 123537263
264 123537314 123537315 123537314
265 123537363 123537363 123537363
266 123537417 123537417 123537417
267 123537468 123537468 123537468
268 123537519 123537520 123537519
269 123537560 123537560 123537560
270 123537627 123537628 123537627
271 123537661 123537661 123537661
272 123537714 123537714 123537714
273 123537767 123537767 123537767
274 123537821 123537821 123537821
275 123537860 123537860 123537860
276 123537912 123537913 123537912
277 123537975 123537975 123537975
278 123538011 123538011 123538011
279 123538063 123538064 123538063
280 123538115 123538115 123538115
281 123538177 123538178 123538177
282 123538221 123538221 123538221
283 123538277 123538278 123538277
284 123538327 123538328 123538327
285 123538361 123538361 123538361
286 123538413 123538413 123538413
287 123538463 123538464 123538463
288 123538510 123538510 123538510
289 123538560 123538560 123538560
290 123538612 123538613 123538612
291 123538660 123538661 123538660
292 123538712 123538712 123538712
293 123538760 123538760 123538760
294 123538817 123538817 123538817
295 123538866 123538866 123538866
296 123538921 123538921 123538921
297 123538964 123538964 123538964
298 123539011 123539012 123539011
299 123539064 123539064 123539064
300 123539117 123539117 123539117
301 123539171 123539171 123539171
302 123539225 123539226 123539225
303 123539260 123539260 123539260
304 123539314 123539315 123539314
305 123539370 123539370 123539370
306 123539427 123539427 123539427
307 123539459 123539460 123539459
308 123539525 123539525 123539525
309 123539561 123539562 123539561
310 123539615 123539616 123539615
311 123539665 123539665 123539665
312 123539712 123539713 123539712
313 123539770 123539770 123539770
314 123539825 123539825 123539825
315 123539880 123539880 123539880
316 123539912 123539912 123539912
317 123539966 123539966 123539966
318 123540014 123540014 123540014
319 123540069 123540069 123540069
320 123540112 123540112 123540112
321 123540162 123540163 123540162
322 123540215 123540216 123540215
323 123540265 123540265 123540265
324 123540318 123540318 123540318
325 123540377 123540377 123540377
326 123540426 123540426 123540426
327 123540477 123540478 123540477
328 123540514 123540514 123540514
329 123540564 123540564 123540564
330 123540618 123540618 123540618
331 123540660 123540660 123540660
332 123540711 123540712 123540711
333 123540761 123540761 123540761
334 123540814 123540814 123540814
335 123540865 123540865 123540865
336 123540930 123540930 123540930
337 123540962 123540962 123540962
338 123541019 123541019 123541019
339 123541076 123541076 123541076
340 123541110 123541110 123541110
341 123541163 123541163 123541163
342 123541213 123541213 123541213
343 123541263 123541263 123541263
344 123541318 123541318 123541318
345 123541360 123541360 123541360
346 123541413 123541413 123541413
347 123541460 123541460 123541460
348 123541513 123541513 123541513
349 123541560 123541560 123541560
350 123541614 123541615 123541614
351 123541663 123541663 123541663
352 123541716 123541716 123541716
353 123541776 123541776 123541776
354 123541826 123541826 123541826
355 123541862 123541862 123541862
356 123541926 123541927 123541926
357 123541979 123541979 123541979
358 123542028 123542028 123542028
359 123542068 123542069 123542068
360 123542112 123542112 123542112
361 123542165 123542169 123542165
362 123542363 123542364 123542363
363 123542364 123542364 123542364
364 123542364 123542364 123542364
365 123542364 123542364 123542364
366 123542416 123542416 123542416
367 123542480 123542480 123542480
368 123542549 123542550 123542549
369 123542568 123542569 123542568
370 123542625 123542626 123542625
371 123542676 123542677 123542676
372 123542712 123542712 123542712
373 123542771 123542777 123542771
374 123542811 123542811 123542811
375 123542868 123542868 123542868
376 123542911 123542911 123542911
377 123542966 123542967 123542966
378 123543020 123543021 123543020
379 123543061 123543062 123543061
380 123543113 123543113 123543113
381 123543171 123543176 123543171
382 123543225 123543226 123543225
383 123543262 123543262 123543262
384 123543315 123543316 123543315
385 123543371 123543371 123543371
386 123543411 123543411 123543411
387 123543476 123543476 123543476
388 123543512 123543512 123543512
389 123543567 123543568 123543567
390 123543617 123543617 123543617
391 123543675 123543675 123543675
392 123543714 123543715 123543714
393 123543763 123543763 123543763
394 123543826 123543826 123543826
395 123543861 123543861 123543861
396 123543910 123543911 123543910
397 123543964 123543964 123543964
398 123544024 123544024 123544024
399 123544070 123544070 123544070
400 123544126 123544127 123544126
401 123544180 123544180 123544180
402 123544212 123544212 123544212
403 123544275 123544275 123544275
404 123544310 123544314 123544310
405 123544365 123544365 123544365
406 123544430 123544430 123544430
407 123544463 123544463 123544463
408 123544525 123544525 123544525
409 123544561 123544561 123544561
410 123544611 123544611 123544611
411 123544666 123544667 123544666
412 123544715 123544715 123544715
413 123544767 123544767 123544767
414 123544825 123544825 123544825
415 123544876 123544877 123544876
416 123544912 123544912 123544912
417 123544962 123544963 123544962
418 123545014 123545014 123545014
419 123545065 123545065 123545065
420 123545121 123545121 123545121
421 123545176 123545177 123545176
422 123545226 123545227 123545226
423 123545263 123545263 123545263
424 123545326 123545326 123545326
425 123545380 123545380 123545380
426 123545413 123545413 123545413
427 123545467 123545468 123545467
428 123545517 123545517 123545517
429 123545577 123545578 123545577
430 123545611 123545611 123545611
431 123545662 123545662 123545662
432 123545715 123545715 123545715
433 123545767 123545767 123545767
434 123545820 123545820 123545820
435 123545880 123545880 123545880
436 123545914 123545914 123545914
437 123545963 123545963 123545963
438 123546010 123546010 123546010
439 123546068 123546068 123546068
440 123546117 123546117 123546117
441 123546169 123546170 123546169
442 123546212 123546212 123546212
443 123546263 123546263 123546263
444 123546318 123546319 123546318
445 123546361 123546361 123546361
446 123546413 123546413 123546413
447 123546468 123546468 123546468
448 123546524 123546524 123546524
449 123546577 123546577 123546577
450 123546609 123546610 123546609
451 123546668 123546668 123546668
452 123546724 123546724 123546724
453 123546771 123546771 123546771
454 123546826 123546827 123546826
455 123546859 123546859 123546859
456 123546915 123546915 123546915
457 123546969 123546969 123546969
458 123547025 123547026 123547025
459 123547062 123547063 123547062
460 123547115 123547116 123547115
461 123547166 123547166 123547166
462 123547219 123547219 123547219
463 123547271 123547277 123547271
464 123547310 123547310 123547310
465 123547362 123547362 123547362
466 123547416 123547416 123547416
467 123547463 123547463 123547463
468 123547510 123547510 123547510
469 123547562 123547562 123547562
470 123547615 123547617 123547615
471 123547668 123547668 123547668
472 123547718 123547719 123547718
473 123547761 123547761 123547761
474 123547814 123547814 123547814
475 123547864 123547864 123547864
476 123547925 123547926 123547925
477 123547960 123547960 123547960
478 123548011 123548011 123548011
479 123548064 123548064 123548064
480 123548113 123548113 123548113
481 123548164 123548164 123548164
482 123548227 123548227 123548227
483 123548271 123548277 123548271
484 123548310 123548311 123548310
485 123548364 123548366 123548364
486 123548417 123548417 123548417
487 123548460 123548460 123548460
488 123548516 123548517 123548516
489 123548567 123548568 123548567
490 123548619 123548620 123548619
491 123548669 123548670 123548669
492 123548710 123548711 123548710
493 123548763 123548763 123548763
494 123548814 123548814 123548814
495 123548869 123548874 123548869
496 123548912 123548912 123548912
497 123548965 123548965 123548965
498 123549016 123549017 123549016
499 123549069 123549070 123549069
500 123549127 123549127 123549127
501 123549161 123549162 123549161
502 123549228 123549228 123549228
503 123549262 123549262 123549262
504 123549317 123549317 123549317
505 123549368 123549368 123549368
506 123549421 123549424 123549421
507 123549462 123549462 123549462
508 123549517 123549517 123549517
509 123549568 123549568 123549568
510 123549630 123549630 123549630
511 123549662 123549663 123549662
512 123549713 123549714 123549713
513 123549762 123549762 123549762
514 123549813 123549813 123549813
515 123549862 123549862 123549862
516 123549920 123549920 123549920
517 123549976 123549976 123549976
518 123550009 123550010 123550009
519 123550063 123550063 123550063
520 123550113 123550113 123550113
521 123550163 123550164 123550163
522 123550214 123550214 123550214
523 123550267 123550267 123550267
524 123550318 123550318 123550318
525 123550374 123550374 123550374
526 123550412 123550412 123550412
527 123550468 123550468 123550468
528 123550517 123550517 123550517
529 123550577 123550577 123550577
530 123550625 123550625 123550625
531 123550677 123550677 123550677
532 123550726 123550726 123550726
533 123550778 123550778 123550778
534 123550810 123550810 123550810
535 123550867 123550867 123550867
536 123550911 123550911 123550911
537 123550979 123550979 123550979
538 123551013 123551013 123551013
539 123551067 123551068 123551067
540 123551116 123551116 123551116
541 123551171 123551171 123551171
542 123551221 123551221 123551221
543 123551262 123551262 123551262
544 123551310 123551311 123551310
545 123551366 123551367 123551366
546 123551420 123551420 123551420
547 123551461 123551461 123551461
548 123551509 123551509 123551509
549 123551564 123551564 123551564
550 123551611 123551611 123551611
551 123551661 123551661 123551661
552 123551711 123551712 123551711
553 123551760 123551760 123551760
554 123551814 123551814 123551814
555 123551870 123551870 123551870
556 123551929 123551929 123551929
557 123551960 123551960 123551960
558 123552020 123552021 123552020
559 123552061 123552061 123552061
560 123552111 123552111 123552111
561 123552164 123552164 123552164
562 123552214 123552214 123552214
563 123552264 123552265 123552264
564 123552318 123552320 123552318
565 123552370 123552371 123552370
566 123552411 123552411 123552411
567 123552469 123552469 123552469
568 123552527 123552527 123552527
569 123552561 123552562 123552561
570 123552616 123552616 123552616
571 123552671 123552671 123552671
572 123552724 123552724 123552724
573 123552776 123552776 123552776
574 123552827 123552827 123552827
575 123552862 123552862 123552862
576 123552920 123552920 123552920
577 123552978 123552978 123552978
578 123553021 123553025 123553021
579 123553060 123553060 123553060
580 123553115 123553115 123553115
581 123553166 123553166 123553166
582 123553214 123553214 123553214
583 123553264 123553264 123553264
584 123553319 123553320 123553319
585 123553377 123553377 123553377
586 123553444 123553445 123553444
587 123553461 123553461 123553461
588 123553512 123553512 123553512
589 123553563 123553563 123553563
590 123553610 123553610 123553610
591 123553662 123553662 123553662
592 123553713 123553713 123553713
593 123553768 123553768 123553768
594 123553817 123553817 123553817
595 123553860 123553860 123553860
596 123553915 123553915 123553915
597 123553963 123553964 123553963
598 123554018 123554019 123554018
599 123554075 123554075 123554075
600 123554109 123554109 123554109
601 123554164 123554164 123554164
602 123554218 123554218 123554218
603 123554267 123554268 123554267
604 123554326 123554326 123554326
605 123554360 123554360 123554360
606 123554411 123554412 123554411
607 123554470 123554470 123554470
608 123554511 123554511 123554511
609 123554562 123554563 123554562
610 123554613 123554613 123554613
611 123554669 123554670 123554669
612 123554719 123554719 123554719
613 123554775 123554775 123554775
614 123554824 123554825 123554824
615 123554878 123554878 123554878
616 123554911 123554911 123554911
617 123554967 123554967 123554967
618 123555020 123555020 123555020
619 123555079 123555079 123555079
620 123555111 123555111 123555111
621 123555162 123555162 123555162
622 123555213 123555213 123555213
623 123555268 123555268 123555268
624 123555317 123555317 123555317
625 123555371 123555371 123555371
626 123555413 123555413 123555413
627 123555462 123555463 123555462
628 123555514 123555514 123555514
629 123555565 123555565 123555565
630 123555612 123555612 123555612
631 123555663 123555663 123555663
632 123555714 123555714 123555714
633 123555770 123555771 123555770
634 123555810 123555811 123555810
635 123555863 123555866 123555863
636 123555917 123555917 123555917
637 123555979 123555980 123555979
638 123556014 123556014 123556014
639 123556061 123556062 123556061
640 123556116 123556117 123556116
641 123556178 123556178 123556178
642 123556210 123556210 123556210
643 123556261 123556262 123556261
644 123556310 123556311 123556310
645 123556365 123556365 123556365
646 123556417 123556418 123556417
647 123556470 123556470 123556470
648 123556509 123556509 123556509
649 123556565 123556565 123556565
650 123556614 123556614 123556614
651 123556668 123556668 123556668
652 123556716 123556717 123556716
653 123556768 123556768 123556768
654 123556819 123556819 123556819
655 123556875 123556876 123556875
656 123556911 123556911 123556911
657 123556976 123556976 123556976
658 123557026 123557026 123557026
659 123557061 123557061 123557061
660 123557119 123557120 123557119
661 123557169 123557169 123557169
662 123557224 123557224 123557224
663 123557260 123557261 123557260
664 123557316 123557316 123557316
665 123557368 123557369 123557368
666 123557417 123557417 123557417
667 123557475 123557475 123557475
668 123557529 123557529 123557529
669 123557560 123557560 123557560
670 123557620 123557620 123557620
671 123557667 123557667 123557667
672 123557719 123557719 123557719
673 123557770 123557777 123557770
674 123557811 123557811 123557811
675 123557875 123557875 123557875
676 123557910 123557910 123557910
677 123557965 123557965 123557965
678 123558014 123558014 123558014
679 123558065 123558065 123558065
680 123558117 123558117 123558117
681 123558169 123558169 123558169
682 123558221 123558224 123558221
683 123558260 123558260 123558260
684 123558311 123558311 123558311
685 123558365 123558365 123558365
686 123558413 123558413 123558413
687 123558465 123558465 123558465
688 123558520 123558520 123558520
689 123558562 123558562 123558562
690 123558613 123558614 123558613
691 123558668 123558668 123558668
692 123558726 123558726 123558726
693 123558775 123558775 123558775
694 123558829 123558829 123558829
695 123558861 123558861 123558861
696 123558930 123558930 123558930
697 123558962 123558962 123558962
698 123559013 123559015 123559013
699 123559064 123559064 123559064
700 123559114 123559114 123559114
701 123559168 123559169 123559168
702 123559221 123559224 123559221
703 123559271 123559276 123559271
704 123559310 123559310 123559310
705 123559361 123559362 123559361
706 123559416 123559417 123559416
707 123559486 123559486 123559486
708 123559513 123559513 123559513
709 123559560 123559560 123559560
710 123559621 123559621 123559621
711 123559676 123559676 123559676
712 123559727 123559727 123559727
713 123559761 123559761 123559761
714 123559812 123559813 123559812
715 123559868 123559869 123559868
716 123559929 123559929 123559929
717 123559961 123559961 123559961
718 123600116 123600117 123600116
719 123600118 123600118 123600118
720 123600118 123600118 123600118
721 123600170 123600171 123600170
722 123600212 123600212 123600212
723 123600261 123600261 123600261
724 123600317 123600317 123600317
725 123600365 123600365 123600365
726 123600419 123600419 123600419
727 123600469 123600469 123600469
728 123600527 123600527 123600527
729 123600562 123600563 123600562
730 123600615 123600615 123600615
731 123600669 123600669 123600669
732 123600718 123600719 123600718
733 123600771 123600771 123600771
734 123600830 123600830 123600830
735 123600863 123600863 123600863
736 123600915 123600915 123600915
737 123600979 123600979 123600979
738 123601016 123601016 123601016
739 123601070 123601071 123601070
740 123601126 123601126 123601126
741 123601161 123601161 123601161
742 123601213 123601213 123601213
743 123601268 123601268 123601268
744 123601324 123601325 123601324
745 123601374 123601374 123601374
746 123601411 123601411 123601411
747 123601469 123601469 123601469
748 123601521 123601526 123601521
749 123601561 123601561 123601561
750 123601616 123601617 123601616
751 123601668 123601668 123601668
752 123601725 123601725 123601725
753 123601763 123601764 123601763
754 123601816 123601816 123601816
755 123601865 123601865 123601865
756 123601916 123601916 123601916
757 123601960 123601962 123601960
758 123602016 123602017 123602016
759 123602061 123602061 123602061
760 123602115 123602115 123602115
761 123602167 123602167 123602167
762 123602214 123602214 123602214
763 123602265 123602265 123602265
764 123602314 123602315 123602314
765 123602360 123602362 123602360
766 123602420 123602421 123602420
767 123602478 123602478 123602478
768 123602526 123602527 123602526
769 123602563 123602564 123602563
770 123602681 123602681 123602681
771 123602713 123602713 123602713
772 123602764 123602767 123602764
773 123602815 123602815 123602815
774 123602861 123602861 123602861
775 123602928 123602928 123602928
776 123602964 123602964 123602964
777 123603019 123603019 123603019
778 123603074 123603074 123603074
779 123603126 123603126 123603126
780 123603164 123603164 123603164
781 123603219 123603220 123603219
782 123603271 123603275 123603271
783 123603309 123603309 123603309
784 123603367 123603367 123603367
785 123603415 123603416 123603415
786 123603470 123603471 123603470
787 123603526 123603526 123603526
788 123603559 123603560 123603559
789 123603613 123603613 123603613
790 123603669 123603669 123603669
791 123603720 123603720 123603720
792 123603775 123603775 123603775
793 123603829 123603829 123603829
794 123603861 123603861 123603861
795 123603913 123603925 123603913
796 123603979 123603980 123603979
797 123604026 123604027 123604026
798 123604071 123604071 123604071
799 123604111 123604111 123604111
800 123604171 123604171 123604171
801 123604210 123604211 123604210
802 123604264 123604264 123604264
803 123604313 123604313 123604313
804 123604362 123604362 123604362
805 123604417 123604417 123604417
806 123604467 123604467 123604467
807 123604519 123604519 123604519
808 123604577 123604578 123604577
809 123604612 123604612 123604612
810 123604664 123604665 123604664
811 123604726 123604726 123604726
812 123604774 123604775 123604774
813 123604811 123604811 123604811
814 123604868 123604868 123604868
815 123604917 123604918 123604917
816 123604960 123604961 123604960
817 123605014 123605014 123605014
818 123605070 123605070 123605070
819 123605121 123605124 123605121
820 123605176 123605176 123605176
821 123605210 123605210 123605210
822 123605277 123605277 123605277
823 123605327 123605328 123605327
824 123605361 123605362 123605361
825 123605411 123605412 123605411
826 123605463 123605464 123605463
827 123605509 123605509 123605509
828 123605561 123605561 123605561
829 123605617 123605617 123605617
830 123605674 123605675 123605674
831 123605720 123605720 123605720
832 123605761 123605761 123605761
833 123605817 123605818 123605817
834 123605869 123605871 123605869
835 123605924 123605924 123605924
836 123605962 123605962 123605962
837 123606010 123606010 123606010
838 123606066 123606066 123606066
839 123606118 123606126 123606118
840 123606179 123606179 123606179
841 123606210 123606210 123606210
842 123606261 123606262 123606261
843 123606319 123606320 123606319
844 123606375 123606375 123606375
845 123606429 123606429 123606429
846 123606463 123606463 123606463
847 123606528 123606529 123606528
848 123606563 123606564 123606563
849 123606619 123606620 123606619
850 123606671 123606671 123606671
851 123606725 123606725 123606725
852 123606778 123606779 123606778
853 123606811 123606811 123606811
854 123606864 123606864 123606864
855 123606913 123606913 123606913
856 123606961 123606961 123606961
857 123607019 123607020 123607019
858 123607061 123607061 123607061
859 123607129 123607129 123607129
860 123607162 123607163 123607162
861 123607215 123607216 123607215
862 123607265 123607265 123607265
863 123607317 123607317 123607317
864 123607369 123607369 123607369
865 123607420 123607421 123607420
866 123607471 123607471 123607471
867 123607512 123607512 123607512
868 123607568 123607568 123607568
869 123607627 123607627 123607627
870 123607660 123607660 123607660
871 123607715 123607715 123607715
872 123607768 123607768 123607768
873 123607817 123607817 123607817
874 123607876 123607877 123607876
875 123607925 123607926 123607925
876 123607977 123607977 123607977
877 123608010 123608010 123608010
878 123608078 123608078 123608078
879 123608110 123608110 123608110
880 123608165 123608165 123608165
881 123608217 123608218 123608217
882 123608269 123608269 123608269
883 123608312 123608312 123608312
884 123608365 123608366 123608365
885 123608415 123608415 123608415
886 123608469 123608470 123608469
887 123608520 123608521 123608520
888 123608561 123608561 123608561
889 123608618 123608618 123608618
890 123608663 123608663 123608663
891 123608716 123608716 123608716
892 123608764 123608764 123608764
893 123608821 123608821 123608821
894 123608870 123608871 123608870
895 123608910 123608910 123608910
896 123608969 123608969 123608969
897 123609010 123609010 123609010
898 123609061 123609061 123609061
899 123609113 123609113 123609113
900 123609161 123609162 123609161
901 123609230 123609230 123609230
902 123609264 123609264 123609264
903 123609316 123609316 123609316
904 123609369 123609370 123609369
905 123609425 123609425 123609425
906 123609477 123609477 123609477
907 123609528 123609528 123609528
908 123609562 123609562 123609562
909 123609615 123609615 123609615
910 123609665 123609667 123609665
911 123609717 123609717 123609717
912 123609769 123609770 123609769
913 123609820 123609820 123609820
914 123609863 123609864 123609863
915 123609914 123609914 123609914
916 123609962 123609962 123609962
917 123610020 123610020 123610020
918 123610075 123610076 123610075
919 123610125 123610126 123610125
920 123610163 123610164 123610163
921 123610216 123610219 123610216
922 123610266 123610267 123610266
923 123610315 123610316 123610315
924 123610370 123610370 123610370
925 123610411 123610411 123610411
926 123610460 123610460 123610460
927 123610514 123610514 123610514
928 123610564 123610565 123610564
929 123610617 123610617 123610617
930 123610671 123610674 123610671
931 123610729 123610730 123610729
932 123610761 123610761 123610761
933 123610818 123610818 123610818
934 123610864 123610864 123610864
935 123610914 123610914 123610914
936 123610970 123610970 123610970
937 123611013 123611014 123611013
938 123611067 123611067 123611067
939 123611120 123611120 123611120
940 123611171 123611171 123611171
941 123611226 123611226 123611226
942 123611262 123611262 123611262
943 123611313 123611313 123611313
944 123611363 123611363 123611363
945 123611424 123611425 123611424
946 123611476 123611476 123611476
947 123611509 123611509 123611509
948 123611580 123611580 123611580
949 123611609 123611609 123611609
950 123611665 123611665 123611665
951 123611714 123611715 123611714
952 123611769 123611780 123611769
953 123611810 123611810 123611810
954 123611860 123611860 123611860
955 123611912 123611912 123611912
956 123611961 123611961 123611961
957 123612035 123612035 123612035
958 123612066 123612066 123612066
959 123612120 123612120 123612120
960 123612177 123612177 123612177
961 123612210 123612210 123612210
962 123612262 123612262 123612262
963 123612312 123612313 123612312
964 123612365 123612365 123612365
965 123612415 123612415 123612415
966 123612467 123612467 123612467
967 123612519 123612519 123612519
968 123612571 123612571 123612571
969 123612612 123612612 123612612
970 123612670 123612671 123612670
971 123612720 123612720 123612720
972 123612775 123612776 123612775
973 123612827 123612827 123612827
974 123612861 123612862 123612861
975 123612914 123612915 123612914
976 123612970 123612971 123612970
977 123613011 123613011 123613011
978 123613061 123613063 123613061
979 123613116 123613116 123613116
980 123613169 123613169 123613169
981 123613221 123613221 123613221
982 123613275 123613275 123613275
983 123613319 123613319 123613319
984 123613391 123613391 123613391
985 123613420 123613420 123613420
986 123613476 123613476 123613476
987 123613528 123613530 123613528
988 123613561 123613561 123613561
989 123613628 123613629 123613628
990 123613662 123613662 123613662
991 123613713 123613714 123613713
992 123613770 123613770 123613770
993 123613827 123613827 123613827
994 123613880 123613880 123613880
995 123613910 123613911 123613910
996 123613975 123613976 123613975
997 123614012 123614013 123614012
998 123614067 123614067 123614067
999 123614118 123614118 123614118
1000 123614161 123614161 123614161
1001 123614219 123614219 123614219
1002 123614269 123614269 123614269
1003 123614324 123614324 123614324
1004 123614369 123614371 123614369
1005 123614411 123614411 123614411
1006 123614465 123614465 123614465
1007 123614511 123614512 123614511
1008 123614575 123614575 123614575
1009 123614627 123614627 123614627
1010 123614661 123614661 123614661
1011 123614713 123614713 123614713
1012 123614764 123614764 123614764
1013 123614816 123614816 123614816
1014 123614870 123614874 123614870
1015 123614925 123614925 123614925
1016 123614961 123614961 123614961
1017 123615017 123615018 123615017
1018 123615070 123615070 123615070
1019 123615110 123615111 123615110
1020 123615164 123615164 123615164
1021 123615212 123615212 123615212
1022 123615264 123615265 123615264
1023 123615313 123615314 123615313
1024 123615361 123615361 123615361
1025 123615414 123615415 123615414
1026 123615469 123615470 123615469
1027 123615519 123615520 123615519
1028 123615560 123615560 123615560
1029 123615614 123615614 123615614
1030 123615668 123615668 123615668
1031 123615710 123615710 123615710
1032 123615762 123615763 123615762
1033 123615813 123615813 123615813
1034 123615864 123615864 123615864
1035 123615918 123615919 123615918
1036 123615963 123615963 123615963
1037 123616021 123616027 123616021
1038 123616062 123616062 123616062
1039 123616113 123616114 123616113
1040 123616166 123616167 123616166
1041 123616225 123616226 123616225
1042 123616276 123616277 123616276
1043 123616309 123616309 123616309
1044 123616377 123616378 123616377
1045 123616410 123616410 123616410
1046 123616480 123616481 123616480
1047 123616527 123616527 123616527
1048 123616560 123616560 123616560
1049 123616611 123616612 123616611
1050 123616678 123616678 123616678
1051 123616712 123616712 123616712
1052 123616761 123616761 123616761
1053 123616815 123616815 123616815
1054 123616864 123616864 123616864
1055 123616915 123616915 123616915
1056 123616967 123616967 123616967
1057 123617020 123617024 123617020
1058 123617063 123617063 123617063
1059 123617116 123617118 123617116
1060 123617167 123617167 123617167
1061 123617218 123617218 123617218
1062 123617274 123617274 123617274
1063 123617310 123617311 123617310
1064 123617363 123617364 123617363
1065 123617416 123617416 123617416
1066 123617464 123617465 123617464
1067 123617515 123617515 123617515
1068 123617571 123617571 123617571
1069 123617621 123617621 123617621
1070 123617677 123617677 123617677
1071 123617711 123617711 123617711
1072 123617764 123617764 123617764
1073 123617824 123617824 123617824
1074 123617871 123617871 123617871
1075 123617911 123617911 123617911
1076 123617960 123617960 123617960
1077 123618014 123618015 123618014
1078 123618070 123618070 123618070
1079 123618120 123618120 123618120
1080 123618162 123618162 123618162
1081 123618213 123618213 123618213
1082 123618263 123618263 123618263
1083 123618325 123618326 123618325
1084 123618361 123618361 123618361
1085 123618419 123618419 123618419
1086 123618468 123618469 123618468
1087 123618526 123618526 123618526
1088 123618570 123618570 123618570
1089 123618610 123618611 123618610
1090 123618665 123618666 123618665
1091 123618717 123618717 123618717
1092 123618769 123618769 123618769
1093 123618819 123618819 123618819
1094 123618862 123618863 123618862
1095 123618914 123618914 123618914
1096 123618966 123618966 123618966
1097 123619020 123619021 123619020
1098 123619077 123619077 123619077
1099 123619110 123619110 123619110
1100 123619163 123619164 123619163
1101 123619211 123619211 123619211
1102 123619263 123619263 123619263
1103 123619318 123619318 123619318
1104 123619370 123619370 123619370
1105 123619425 123619425 123619425
1106 123619460 123619460 123619460
1107 123619513 123619513 123619513
1108 123619562 123619562 123619562
1109 123619628 123619629 123619628
1110 123619660 123619660 123619660
1111 123619716 123619716 123619716
1112 123619768 123619769 123619768
1113 123619826 123619826 123619826
1114 123619878 123619878 123619878
1115 123619929 123619929 123619929
1116 123619960 123619960 123619960
1117 123620012 123620013 123620012
1118 123620060 123620060 123620060
1119 123620112 123620112 123620112
1120 123620162 123620162 123620162
1121 123620215 123620215 123620215
1122 123620267 123620267 123620267
1123 123620318 123620318 123620318
1124 123620369 123620369 123620369
1125 123620425 123620426 123620425
1126 123620477 123620477 123620477
1127 123620510 123620510 123620510
1128 123620568 123620570 123620568
1129 123620625 123620625 123620625
1130 123620670 123620671 123620670
1131 123620710 123620710 123620710
1132 123620763 123620763 123620763
1133 123620812 123620813 123620812
1134 123620860 123620860 123620860
1135 123620920 123620920 123620920
1136 123620962 123620962 123620962
1137 123621019 123621019 123621019
1138 123621075 123621076 123621075
1139 123621123 123621124 123621123
1140 123621161 123621161 123621161
1141 123621214 123621214 123621214
1142 123621264 123621264 123621264
1143 123621325 123621326 123621325
1144 123621371 123621371 123621371
1145 123621411 123621412 123621411
1146 123621468 123621469 123621468
1147 123621517 123621517 123621517
1148 123621574 123621575 123621574
1149 123621628 123621629 123621628
1150 123621664 123621664 123621664
1151 123621715 123621715 123621715
1152 123621765 123621765 123621765
1153 123621818 123621818 123621818
1154 123621867 123621867 123621867
1155 123621920 123621920 123621920
1156 123621980 123621980 123621980
1157 123622014 123622014 123622014
1158 123622071 123622081 123622071
1159 123622112 123622112 123622112
1160 123622174 123622174 123622174
1161 123622211 123622211 123622211
1162 123622262 123622263 123622262
1163 123622313 123622314 123622313
1164 123622361 123622361 123622361
1165 123622414 123622414 123622414
1166 123622460 123622460 123622460
1167 123622510 123622510 123622510
1168 123622562 123622562 123622562
1169 123622612 123622612 123622612
1170 123622664 123622664 123622664
1171 123622728 123622728 123622728
1172 123622764 123622764 123622764
1173 123622829 123622829 123622829
1174 123622869 123622870 123622869
1175 123622929 123622929 123622929
1176 123623042 123623042 123623042
1177 123623042 123623042 123623042
1178 123623066 123623066 123623066
1179 123623118 123623118 123623118
1180 123623165 123623166 123623165
1181 123623225 123623225 123623225
1182 123623277 123623277 123623277
1183 123623310 123623310 123623310
1184 123623364 123623364 123623364
1185 123623416 123623417 123623416
1186 123623470 123623470 123623470
1187 123623529 123623529 123623529
1188 123623561 123623561 123623561
1189 123623611 123623611 123623611
1190 123623669 123623670 123623669
1191 123623728 123623728 123623728
1192 123623762 123623762 123623762
1193 123623825 123623825 123623825
1194 123623860 123623860 123623860
1195 123623911 123623911 123623911
1196 123623978 123623978 123623978
1197 123624011 123624012 123624011
1198 123624078 123624078 123624078
1199 123624110 123624110 123624110
1200 123624162 123624162 123624162
1201 123624217 123624217 123624217
1202 123624269 123624270 123624269
1203 123624320 123624321 123624320
1204 123624360 123624361 123624360
1205 123624414 123624414 123624414
1206 123624467 123624467 123624467
1207 123624514 123624515 123624514
1208 123624565 123624565 123624565
1209 123624612 123624612 123624612
1210 123624668 123624668 123624668
1211 123624724 123624724 123624724
1212 123624782 123624782 123624782
1213 123624811 123624811 123624811
1214 123624863 123624865 123624863
1215 123624913 123624914 123624913
1216 123624963 123624963 123624963
1217 123625017 123625017 123625017
1218 123625070 123625070 123625070
1219 123625124 123625125 123625124
1220 123625160 123625163 123625160
1221 123625216 123625216 123625216
1222 123625268 123625268 123625268
1223 123625320 123625321 123625320
1224 123625376 123625376 123625376
1225 123625410 123625411 123625410
1226 123625463 123625463 123625463
1227 123625514 123625514 123625514
1228 123625568 123625568 123625568
1229 123625618 123625618 123625618
1230 123625670 123625670 123625670
1231 123625743 123625744 123625743
1232 123625759 123625760 123625759
1233 123625816 123625817 123625816
1234 123625866 123625866 123625866
1235 123625915 123625916 123625915
1236 123625970 123625970 123625970
1237 123626035 123626037 123626035
1238 123626065 123626066 123626065
1239 123626109 123626110 123626109
1240 123626166 123626166 123626166
1241 123626229 123626229 123626229
1242 123626280 123626280 123626280
1243 123626310 123626310 123626310
1244 123626362 123626362 123626362
1245 123626412 123626413 123626412
1246 123626467 123626467 123626467
1247 123626520 123626521 123626520
1248 123626561 123626561 123626561
1249 123626615 123626616 123626615
1250 123626666 123626666 123626666
1251 123626720 123626720 123626720
1252 123626762 123626762 123626762
1253 123626824 123626824 123626824
1254 123626874 123626875 123626874
1255 123626911 123626911 123626911
1256 123626970 123626970 123626970
1257 123627027 123627027 123627027
1258 123627063 123627063 123627063
1259 123627117 123627118 123627117
1260 123627170 123627170 123627170
1261 123627221 123627221 123627221
1262 123627277 123627277 123627277
1263 123627328 123627328 123627328
1264 123627379 123627379 123627379
1265 123627410 123627411 123627410
1266 123627469 123627470 123627469
1267 123627524 123627524 123627524
1268 123627579 123627579 123627579
1269 123627613 123627613 123627613
1270 123627662 123627663 123627662
1271 123627731 123627732 123627731
1272 123627762 123627762 123627762
1273 123627818 123627818 123627818
1274 123627871 123627874 123627871
1275 123627911 123627911 123627911
1276 123627963 123627963 123627963
1277 123628016 123628016 123628016
1278 123628067 123628068 123628067
1279 123628120 123628120 123628120
1280 123628170 123628170 123628170
1281 123628225 123628226 123628225
1282 123628276 123628276 123628276
1283 123628311 123628311 123628311
1284 123628361 123628362 123628361
1285 123628412 123628413 123628412
1286 123628468 123628468 123628468
1287 123628519 123628520 123628519
1288 123628564 123628564 123628564
1289 123628614 123628615 123628614
1290 123628665 123628665 123628665
1291 123628716 123628716 123628716
1292 123628781 123628781 123628781
1293 123628810 123628810 123628810
1294 123628864 123628864 123628864
1295 123628924 123628925 123628924
1296 123628980 123628980 123628980
1297 123629012 123629012 123629012
1298 123629071 123629071 123629071
1299 123629127 123629130 123629127
1300 123629176 123629176 123629176
1301 123629221 123629221 123629221
1302 123629261 123629262 123629261
1303 123629314 123629315 123629314
1304 123629367 123629369 123629367
1305 123629420 123629421 123629420
1306 123629480 123629480 123629480
1307 123629512 123629513 123629512
1308 123629564 123629565 123629564
1309 123629612 123629612 123629612
1310 123629668 123629668 123629668
1311 123629726 123629726 123629726
1312 123629783 123629783 123629783
1313 123629812 123629812 123629812
1314 123629869 123629869 123629869
1315 123629919 123629919 123629919
1316 123629962 123629962 123629962
1317 123630019 123630019 123630019
1318 123630075 123630075 123630075
1319 123630125 123630126 123630125
1320 123630177 123630178 123630177
1321 123630227 123630227 123630227
1322 123630262 123630262 123630262
1323 123630312 123630313 123630312
1324 123630368 123630368 123630368
1325 123630419 123630420 123630419
1326 123630470 123630471 123630470
1327 123630526 123630526 123630526
1328 123630561 123630562 123630561
1329 123630616 123630616 123630616
1330 123630668 123630668 123630668
1331 123630726 123630726 123630726
1332 123630762 123630762 123630762
1333 123630826 123630826 123630826
1334 123630879 123630879 123630879
1335 123630926 123630926 123630926
1336 123630960 123630962 123630960
1337 123631018 123631018 123631018
1338 123631074 123631075 123631074
1339 123631111 123631112 123631111
1340 123631164 123631165 123631164
1341 123631218 123631219 123631218
1342 123631271 123631271 123631271
1343 123631321 123631321 123631321
1344 123631364 123631364 123631364
1345 123631418 123631418 123631418
1346 123631469 123631470 123631469
1347 123631509 123631509 123631509
1348 123631562 123631562 123631562
1349 123631613 123631613 123631613
1350 123631671 123631671 123631671
1351 123631710 123631710 123631710
1352 123631765 123631765 123631765
1353 123631812 123631812 123631812
1354 123631863 123631863 123631863
1355 123631914 123631914 123631914
1356 123631962 123631962 123631962
1357 123632029 123632029 123632029
1358 123632060 123632061 123632060
1359 123632116 123632116 123632116
1360 123632164 123632164 123632164
1361 123632219 123632219 123632219
1362 123632271 123632271 123632271
1363 123632326 123632326 123632326
1364 123632371 123632378 123632371
1365 123632414 123632414 123632414
1366 123632466 123632466 123632466
1367 123632515 123632515 123632515
1368 123632570 123632570 123632570
1369 123632613 123632613 123632613
1370 123632664 123632665 123632664
1371 123632715 123632719 123632715
1372 123632764 123632764 123632764
1373 123632810 123632811 123632810
1374 123632861 123632862 123632861
1375 123632920 123632920 123632920
1376 123632969 123632969 123632969
1377 123633010 123633010 123633010
1378 123633063 123633063 123633063
1379 123633116 123633116 123633116
1380 123633169 123633170 123633169
1381 123633212 123633213 123633212
1382 123633260 123633260 123633260
1383 123633313 123633313 123633313
1384 123633369 123633370 123633369
1385 123633420 123633420 123633420
1386 123633475 123633476 123633475
1387 123633528 123633529 123633528
1388 123633562 123633562 123633562
1389 123633611 123633612 123633611
1390 123633666 123633666 123633666
1391 123633710 123633711 123633710
1392 123633760 123633761 123633760
1393 123633816 123633816 123633816
1394 123633870 123633870 123633870
1395 123633919 123633919 123633919
1396 123633976 123633978 123633976
1397 123634014 123634014 123634014
1398 123634065 123634065 123634065
