1 121606148 121606098 121606148
2 121606198  121606198
3 121606247  121606247
4 121606299  121606299
5 121606349  121606349
6 121606399  121606399
7 121606450  121606450
8 121606501  121606501
9 121606551  121606551
10 121606602  121606602
11 121606653  121606653
12 121606704  121606704
13 121606755  121606755
14 121606806  121606806
15 121606856  121606856
16 121606906  121606906
17 121606957  121606957
18 121607009  121607009
19 121607059  121607059
20 121607109  121607109
21 121607159  121607159
22 121607211  121607211
23 121607263  121607263
24 121607314  121607314
25 121607365  121607365
26 121607415  121607415
27 121607465  121607465
28 121607516  121607516
29 121607567  121607567
30 121607619  121607619
31 121607669  121607669
32 121607720  121607720
33 121607771  121607771
34 121607821  121607821
35 121607872  121607872
36 121607922  121607922
37 121607973  121607973
38 121608023  121608023
39 121608073  121608073
40 121608124  121608124
41 121608174  121608174
42 121608224  121608224
43 121608275  121608275
44 121608325  121608325
45 121608375  121608375
46 121608425  121608425
47 121608475  121608475
48 121608526  121608526
49 121608576  121608576
50 121608626  121608626
51 121608676  121608676
52 121608727  121608727
53 121608777  121608777
54 121608828  121608828
55 121608878  121608878
56 121608928  121608928
57 121608979  121608979
58 121609029  121609029
59 121609079  121609079
60 121609131  121609131
61 121609182  121609182
62 121609233  121609233
63 121609285  121609285
64 121609336  121609336
65 121609387  121609387
66 121609438  121609438
67 121609488  121609488
68 121609539  121609539
69 121609590  121609590
70 121609641  121609641
71 121609691  121609691
72 121609743  121609743
73 121609794  121609794
74 121609844  121609844
75 121609895  121609895
76 121609947  121609947
77 121609998  121609998
78 121610049  121610049
79 121610099  121610099
80 121610150  121610150
81 121610202  121610202
82 121610253  121610253
83 121610304  121610304
84 121610356  121610356
85 121610407  121610407
86 121610457  121610457
87 121610507  121610507
88 121610559  121610559
89 121610611  121610611
90 121610663  121610663
91 121610714  121610714
92 121610764  121610764
93 121610814  121610814
94 121610866  121610866
95 121610917  121610917
96 121610969  121610969
97 121611020  121611020
98 121611070  121611070
99 121611120  121611120
100 121611172  121611172
101 121611224  121611224
102 121611274  121611274
103 121611324  121611324
104 121611375  121611375
105 121611425  121611425
106 121611475  121611475
107 121611526  121611526
108 121611576  121611576
109 121611627  121611627
110 121611677  121611677
111 121611727  121611727
112 121611778  121611778
113 121611828  121611828
114 121611878  121611878
115 121611929  121611929
116 121611979  121611979
117 121612030  121612030
118 121612080  121612080
119 121612130  121612130
120 121612182  121612182
121 121612233  121612233
122 121612284  121612284
123 121612336  121612336
124 121612387  121612387
125 121612438  121612438
126 121612489  121612489
127 121612540  121612540
128 121612591  121612591
129 121612643  121612643
130 121612694  121612694
131 121612745  121612745
132 121612797  121612797
133 121612847  121612847
134 121612897  121612897
135 121612948  121612948
136 121612998  121612998
137 121613048  121613048
138 121613099  121613099
139 121613149  121613149
140 121613200  121613200
141 121613252  121613252
142 121613305  121613305
143 121613357  121613357
144 121613407  121613407
145 121613459  121613459
146 121613511  121613511
147 121613561  121613561
148 121613612  121613612
149 121613663  121613663
150 121613715  121613715
151 121613768  121613768
152 121613819  121613819
153 121613869  121613869
154 121613920  121613920
155 121613971  121613971
156 121614022  121614022
157 121614073  121614073
158 121614123  121614123
159 121614173  121614173
160 121614224  121614224
161 121614274  121614274
162 121614324  121614324
163 121614375  121614375
164 121614425  121614425
165 121614476  121614476
166 121614526  121614526
167 121614576  121614576
168 121614627  121614627
169 121614677  121614677
170 121614728  121614728
171 121614778  121614778
172 121614829  121614829
173 121614879  121614879
174 121614930  121614930
175 121614980  121614980
176 121615031  121615031
177 121615081  121615081
178 121615132  121615132
179 121615182  121615182
180 121615233  121615233
181 121615284  121615284
182 121615334  121615334
183 121615386  121615386
184 121615437  121615437
185 121615488  121615488
186 121615538  121615538
187 121615588  121615588
188 121615640  121615640
189 121615690  121615690
190 121615742  121615742
191 121615792  121615792
192 121615844  121615844
193 121615894  121615894
194 121615946  121615946
195 121615996  121615996
196 121616048  121616048
197 121616097  121616097
198 121616148  121616148
199 121616198  121616198
200 121616249  121616249
201 121616299  121616299
202 121616350  121616350
203 121616400  121616400
204 121616451  121616451
205 121616501  121616501
206 121616551  121616551
207 121616601  121616601
208 121616651  121616651
209 121616702  121616702
210 121616752  121616752
211 121616803  121616803
212 121616854  121616854
213 121616904  121616904
214 121616955  121616955
215 121617005  121617005
216 121617055  121617055
217 121617106  121617106
218 121617157  121617157
219 121617208  121617208
220 121617260  121617260
221 121617310  121617310
222 121617360  121617360
223 121617411  121617411
224 121617461  121617461
225 121617511  121617511
226 121617563  121617563
227 121617613  121617613
228 121617665  121617665
229 121617715  121617715
230 121617766  121617766
231 121617816  121617816
232 121617867  121617867
233 121617917  121617917
234 121617967  121617967
235 121618018  121618018
236 121618069  121618069
237 121618119  121618119
238 121618170  121618170
239 121618220  121618220
240 121618271  121618271
241 121618321  121618321
242 121618372  121618372
243 121618423  121618423
244 121618473  121618473
245 121618524  121618524
246 121618574  121618574
247 121618624  121618624
248 121618675  121618675
249 121618725  121618725
250 121618775  121618775
251 121618825  121618825
252 121618876  121618876
253 121618926  121618926
254 121618976  121618976
255 121619027  121619027
256 121619077  121619077
257 121619128  121619128
258 121619178  121619178
259 121619228  121619228
260 121619279  121619279
261 121619329  121619329
262 121619380  121619380
263 121619430  121619430
264 121619481  121619481
265 121619531  121619531
266 121619581  121619581
267 121619631  121619631
268 121619682  121619682
269 121619732  121619732
270 121619784  121619784
271 121619834  121619834
272 121619885  121619885
273 121619935  121619935
274 121619986  121619986
275 121620036  121620036
276 121620087  121620087
277 121620137  121620137
278 121620189  121620189
279 121620239  121620239
280 121620290  121620290
281 121620340  121620340
282 121620390  121620390
283 121620441  121620441
284 121620492  121620492
285 121620543  121620543
286 121620595  121620595
287 121620645  121620645
288 121620695  121620695
289 121620746  121620746
290 121620797  121620797
291 121620849  121620849
292 121620899  121620899
293 121620949  121620949
294 121621000  121621000
295 121621050  121621050
296 121621100  121621100
297 121621151  121621151
298 121621203  121621203
299 121621254  121621254
300 121621306  121621306
301 121621357  121621357
302 121621408  121621408
303 121621458  121621458
304 121621510  121621510
305 121621561  121621561
306 121621616  121621616
307 121621667  121621667
308 121621716  121621716
309 121621766  121621766
310 121621816  121621816
311 121621868  121621868
312 121621918  121621918
313 121621968  121621968
314 121622019  121622019
315 121622069  121622069
316 121622120  121622120
317 121622171  121622171
318 121622223  121622223
319 121622274  121622274
320 121622325  121622325
321 121622375  121622375
322 121622425  121622425
323 121622476  121622476
324 121622526  121622526
325 121622577  121622577
326 121622627  121622627
327 121622677  121622677
328 121622728  121622728
329 121622778  121622778
330 121622829  121622829
331 121622880  121622880
332 121622930  121622930
333 121622981  121622981
334 121623031  121623031
335 121623081  121623081
336 121623132  121623132
337 121623183  121623183
338 121623234  121623234
339 121623286  121623286
340 121623337  121623337
341 121623387  121623387
342 121623438  121623438
343 121623489  121623489
344 121623539  121623539
345 121623589  121623589
346 121623641  121623641
347 121623691  121623691
348 121623742  121623742
349 121623793  121623793
350 121623844  121623844
351 121623895  121623895
352 121623945  121623945
353 121623995  121623995
354 121624046  121624046
355 121624096  121624096
356 121624147  121624147
357 121624197  121624197
358 121624247  121624247
359 121624299  121624299
360 121624350  121624350
361 121624401  121624401
362 121624453  121624453
363 121624504  121624504
364 121624555  121624555
365 121624607  121624607
366 121624657  121624657
367 121624708  121624708
368 121624760  121624760
369 121624810  121624810
370 121624862  121624862
371 121624912  121624912
372 121624962  121624962
373 121625012  121625012
374 121625063  121625063
375 121625113  121625113
376 121625164  121625164
377 121625217  121625217
378 121625269  121625269
379 121625321  121625321
380 121625372  121625372
381 121625424  121625424
382 121625474  121625474
383 121625525  121625525
384 121625575  121625575
385 121625625  121625625
386 121625676  121625676
387 121625726  121625726
388 121625776  121625776
389 121625826  121625826
390 121625876  121625876
391 121625927  121625927
392 121625977  121625977
393 121626028  121626028
394 121626078  121626078
395 121626128  121626128
396 121626178  121626178
397 121626229  121626229
398 121626279  121626279
399 121626330  121626330
400 121626380  121626380
401 121626430  121626430
402 121626482  121626482
403 121626533  121626533
404 121626584  121626584
405 121626635  121626635
406 121626687  121626687
407 121626738  121626738
408 121626789  121626789
409 121626841  121626841
410 121626892  121626892
411 121626943  121626943
412 121626993  121626993
413 121627043  121627043
414 121627094  121627094
415 121627145  121627145
416 121627195  121627195
417 121627245  121627245
418 121627297  121627297
419 121627348  121627348
420 121627399  121627399
421 121627450  121627450
422 121627502  121627502
423 121627553  121627553
424 121627604  121627604
425 121627655  121627655
426 121627707  121627707
427 121627757  121627757
428 121627809  121627809
429 121627861  121627861
430 121627913  121627913
431 121627964  121627964
432 121628014  121628014
433 121628065  121628065
434 121628115  121628115
435 121628166  121628166
436 121628217  121628217
437 121628267  121628267
438 121628317  121628317
439 121628368  121628368
440 121628419  121628419
441 121628470  121628470
442 121628520  121628520
443 121628571  121628571
444 121628621  121628621
445 121628672  121628672
446 121628725  121628725
447 121628775  121628775
448 121628826  121628826
449 121628876  121628876
450 121628926  121628926
451 121628977  121628977
452 121629027  121629027
453 121629077  121629077
454 121629128  121629128
455 121629178  121629178
456 121629229  121629229
457 121629279  121629279
458 121629330  121629330
459 121629380  121629380
460 121629431  121629431
461 121629481  121629481
462 121629531  121629531
463 121629582  121629582
464 121629632  121629632
465 121629682  121629682
466 121629733  121629733
467 121629783  121629783
468 121629834  121629834
469 121629885  121629885
470 121629937  121629937
471 121629988  121629988
472 121630040  121630040
473 121630091  121630091
474 121630141  121630141
475 121630193  121630193
476 121630245  121630245
477 121630296  121630296
478 121630347  121630347
479 121630397  121630397
480 121630447  121630447
481 121630498  121630498
482 121630549  121630549
483 121630601  121630601
484 121630653  121630653
485 121630705  121630705
486 121630755  121630755
487 121630806  121630806
488 121630858  121630858
489 121630910  121630910
490 121630961  121630961
491 121631011  121631011
492 121631062  121631062
493 121631112  121631112
494 121631163  121631163
495 121631213  121631213
496 121631264  121631264
497 121631316  121631316
498 121631367  121631367
499 121631420  121631420
500 121631470  121631470
501 121631520  121631520
502 121631570  121631570
503 121631623  121631623
504 121631675  121631675
505 121631726  121631726
506 121631776  121631776
507 121631826  121631826
508 121631876  121631876
509 121631926  121631926
510 121631977  121631977
511 121632027  121632027
512 121632078  121632078
513 121632128  121632128
514 121632179  121632179
515 121632229  121632229
516 121632280  121632280
517 121632330  121632330
518 121632381  121632381
519 121632432  121632432
520 121632483  121632483
521 121632534  121632534
522 121632585  121632585
523 121632637  121632637
524 121632688  121632688
525 121632739  121632739
526 121632791  121632791
527 121632842  121632842
528 121632893  121632893
529 121632945  121632945
530 121632996  121632996
531 121633047  121633047
532 121633097  121633097
533 121633148  121633148
534 121633199  121633199
535 121633250  121633250
536 121633300  121633300
537 121633352  121633352
538 121633404  121633404
539 121633454  121633454
540 121633506  121633506
541 121633558  121633558
542 121633610  121633610
543 121633660  121633660
544 121633713  121633713
545 121633765  121633765
546 121633815  121633815
547 121633866  121633866
548 121633919  121633919
549 121633969  121633969
550 121634020  121634020
551 121634070  121634070
552 121634121  121634121
553 121634173  121634173
554 121634223  121634223
555 121634275  121634275
556 121634325  121634325
557 121634375  121634375
558 121634426  121634426
559 121634476  121634476
560 121634527  121634527
561 121634577  121634577
562 121634627  121634627
563 121634677  121634677
564 121634728  121634728
565 121634779  121634779
566 121634829  121634829
567 121634880  121634880
568 121634930  121634930
569 121634980  121634980
570 121635031  121635031
571 121635081  121635081
572 121635132  121635132
573 121635183  121635183
574 121635234  121635234
575 121635285  121635285
576 121635337  121635337
577 121635387  121635387
578 121635438  121635438
579 121635489  121635489
580 121635540  121635540
581 121635592  121635592
582 121635644  121635644
583 121635694  121635694
584 121635744  121635744
585 121635797  121635797
586 121635848  121635848
587 121635900  121635900
588 121635952  121635952
589 121636003  121636003
590 121636054  121636054
591 121636103  121636103
592 121636154  121636154
593 121636206  121636206
594 121636258  121636258
595 121636308  121636308
596 121636358  121636358
597 121636410  121636410
598 121636461  121636461
599 121636513  121636513
600 121636564  121636564
601 121636616  121636616
602 121636668  121636668
603 121636720  121636720
604 121636771  121636771
605 121636821  121636821
606 121636872  121636872
607 121636925  121636925
608 121636975  121636975
609 121637026  121637026
610 121637077  121637077
611 121637127  121637127
612 121637177  121637177
613 121637228  121637228
614 121637278  121637278
615 121637328  121637328
616 121637379  121637379
617 121637429  121637429
618 121637480  121637480
619 121637530  121637530
620 121637581  121637581
621 121637632  121637632
622 121637683  121637683
623 121637734  121637734
624 121637786  121637786
625 121637837  121637837
626 121637888  121637888
627 121637939  121637939
628 121637991  121637991
629 121638043  121638043
630 121638093  121638093
631 121638143  121638143
632 121638193  121638193
633 121638244  121638244
634 121638294  121638294
635 121638345  121638345
636 121638397  121638397
637 121638449  121638449
638 121638501  121638501
639 121638551  121638551
640 121638602  121638602
641 121638653  121638653
642 121638705  121638705
643 121638757  121638757
644 121638807  121638807
645 121638857  121638857
646 121638908  121638908
647 121638958  121638958
648 121639008  121639008
649 121639059  121639059
650 121639109  121639109
651 121639159  121639159
652 121639210  121639210
653 121639260  121639260
654 121639311  121639311
655 121639361  121639361
656 121639413  121639413
657 121639464  121639464
658 121639516  121639516
659 121639567  121639567
660 121639620  121639620
661 121639670  121639670
662 121639722  121639722
663 121639773  121639773
664 121639824  121639824
665 121639875  121639875
666 121639925  121639925
667 121639975  121639975
668 121640025  121640025
669 121640076  121640076
670 121640126  121640126
671 121640177  121640177
672 121640227  121640227
673 121640278  121640278
674 121640328  121640328
675 121640379  121640379
676 121640429  121640429
677 121640479  121640479
678 121640530  121640530
679 121640580  121640580
680 121640631  121640631
681 121640681  121640681
682 121640732  121640732
683 121640783  121640783
684 121640834  121640834
685 121640886  121640886
686 121640937  121640937
687 121640988  121640988
688 121641040  121641040
689 121641090  121641090
690 121641140  121641140
691 121641192  121641192
692 121641242  121641242
693 121641294  121641294
694 121641345  121641345
695 121641397  121641397
696 121641449  121641449
697 121641502  121641502
698 121641552  121641552
699 121641604  121641604
700 121641655  121641655
701 121641707  121641707
702 121641760  121641760
703 121641812  121641812
704 121641864  121641864
705 121641917  121641917
706 121641967  121641967
707 121642019  121642019
708 121642068  121642068
709 121642119  121642119
710 121642173  121642173
711 121642224  121642224
712 121642274  121642274
713 121642324  121642324
714 121642375  121642375
715 121642425  121642425
716 121642475  121642475
717 121642525  121642525
718 121642575  121642575
719 121642626  121642626
720 121642676  121642676
721 121642726  121642726
722 121642777  121642777
723 121642827  121642827
724 121642877  121642877
725 121642928  121642928
726 121642978  121642978
727 121643029  121643029
728 121643079  121643079
729 121643129  121643129
730 121643180  121643180
731 121643231  121643231
732 121643282  121643282
733 121643332  121643332
734 121643383  121643383
735 121643435  121643435
736 121643486  121643486
737 121643537  121643537
738 121643587  121643587
739 121643638  121643638
740 121643690  121643690
741 121643740  121643740
742 121643791  121643791
743 121643841  121643841
744 121643893  121643893
745 121643945  121643945
746 121643995  121643995
747 121644045  121644045
748 121644096  121644096
749 121644147  121644147
750 121644199  121644199
751 121644249  121644249
752 121644300  121644300
753 121644352  121644352
754 121644404  121644404
755 121644456  121644456
756 121644507  121644507
757 121644558  121644558
758 121644609  121644609
759 121644660  121644660
760 121644710  121644710
761 121644762  121644762
762 121644813  121644813
763 121644864  121644864
764 121644915  121644915
765 121644966  121644966
766 121645018  121645018
767 121645070  121645070
768 121645119  121645119
769 121645169  121645169
770 121645221  121645221
771 121645271  121645271
772 121645323  121645323
773 121645374  121645374
774 121645426  121645426
775 121645476  121645476
776 121645526  121645526
777 121645576  121645576
778 121645627  121645627
779 121645677  121645677
780 121645728  121645728
781 121645778  121645778
782 121645828  121645828
783 121645879  121645879
784 121645929  121645929
785 121645980  121645980
786 121646030  121646030
787 121646101  121646101
788 121646151  121646151
789 121646201  121646201
790 121646251  121646251
791 121646303  121646303
792 121646354  121646354
793 121646405  121646405
794 121646457  121646457
795 121646508  121646508
796 121646558  121646558
797 121646608  121646608
798 121646658  121646658
799 121646708  121646708
800 121646759  121646759
801 121646810  121646810
802 121646860  121646860
803 121646912  121646912
804 121646962  121646962
805 121647015  121647015
806 121647065  121647065
807 121647116  121647116
808 121647166  121647166
809 121647217  121647217
810 121647268  121647268
811 121647318  121647318
812 121647368  121647368
813 121647420  121647420
814 121647470  121647470
815 121647521  121647521
816 121647573  121647573
817 121647624  121647624
818 121647674  121647674
819 121647724  121647724
820 121647775  121647775
821 121647826  121647826
822 121647876  121647876
823 121647926  121647926
824 121647977  121647977
825 121648027  121648027
826 121648078  121648078
827 121648128  121648128
828 121648178  121648178
829 121648228  121648228
830 121648279  121648279
831 121648329  121648329
832 121648380  121648380
833 121648430  121648430
834 121648481  121648481
835 121648531  121648531
836 121648582  121648582
837 121648632  121648632
838 121648682  121648682
839 121648734  121648734
840 121648785  121648785
841 121648836  121648836
842 121648888  121648888
843 121648938  121648938
844 121648989  121648989
845 121649041  121649041
846 121649091  121649091
847 121649141  121649141
848 121649192  121649192
849 121649244  121649244
850 121649294  121649294
851 121649345  121649345
852 121649396  121649396
853 121649448  121649448
854 121649500  121649500
855 121649551  121649551
856 121649602  121649602
857 121649654  121649654
858 121649704  121649704
859 121649754  121649754
860 121649806  121649806
861 121649856  121649856
862 121649907  121649907
863 121649957  121649957
864 121650008  121650008
865 121650059  121650059
866 121650112  121650112
867 121650162  121650162
868 121650212  121650212
869 121650263  121650263
870 121650313  121650313
871 121650364  121650364
872 121650415  121650415
873 121650466  121650466
874 121650516  121650516
875 121650567  121650567
876 121650618  121650618
877 121650669  121650669
878 121650721  121650721
879 121650772  121650772
880 121650824  121650824
881 121650875  121650875
882 121650925  121650925
883 121650975  121650975
884 121651025  121651025
885 121651076  121651076
886 121651126  121651126
887 121651177  121651177
888 121651227  121651227
889 121651277  121651277
890 121651328  121651328
891 121651378  121651378
892 121651429  121651429
893 121651479  121651479
894 121651529  121651529
895 121651580  121651580
896 121651630  121651630
897 121651680  121651680
898 121651732  121651732
899 121651783  121651783
900 121651834  121651834
901 121651885  121651885
902 121651936  121651936
903 121651988  121651988
904 121652039  121652039
905 121652089  121652089
906 121652140  121652140
907 121652190  121652190
908 121652241  121652241
909 121652291  121652291
910 121652342  121652342
911 121652393  121652393
912 121652445  121652445
913 121652496  121652496
914 121652548  121652548
915 121652599  121652599
916 121652651  121652651
917 121652701  121652701
918 121652752  121652752
919 121652803  121652803
920 121652854  121652854
921 121652906  121652906
922 121652958  121652958
923 121653009  121653009
924 121653062  121653062
925 121653112  121653112
926 121653162  121653162
927 121653213  121653213
928 121653263  121653263
929 121653314  121653314
930 121653364  121653364
931 121653416  121653416
932 121653468  121653468
933 121653518  121653518
934 121653569  121653569
935 121653619  121653619
936 121653670  121653670
937 121653721  121653721
938 121653772  121653772
939 121653822  121653822
940 121653873  121653873
941 121653924  121653924
942 121653974  121653974
943 121654024  121654024
944 121654075  121654075
945 121654127  121654127
946 121654176  121654176
947 121654226  121654226
948 121654277  121654277
949 121654327  121654327
950 121654378  121654378
951 121654428  121654428
952 121654479  121654479
953 121654529  121654529
954 121654580  121654580
955 121654630  121654630
956 121654681  121654681
957 121654731  121654731
958 121654781  121654781
959 121654831  121654831
960 121654882  121654882
961 121654932  121654932
962 121654982  121654982
963 121655034  121655034
964 121655085  121655085
965 121655135  121655135
966 121655186  121655186
967 121655237  121655237
968 121655288  121655288
969 121655338  121655338
970 121655389  121655389
971 121655440  121655440
972 121655491  121655491
973 121655543  121655543
974 121655595  121655595
975 121655647  121655647
976 121655697  121655697
977 121655749  121655749
978 121655801  121655801
979 121655853  121655853
980 121655905  121655905
981 121655956  121655956
982 121656007  121656007
983 121656059  121656059
984 121656110  121656110
985 121656160  121656160
986 121656210  121656210
987 121656262  121656262
988 121656313  121656313
989 121656365  121656365
990 121656417  121656417
991 121656468  121656468
992 121656519  121656519
993 121656570  121656570
994 121656621  121656621
995 121656673  121656673
996 121656725  121656725
997 121656775  121656775
998 121656826  121656826
999 121656876  121656876
1000 121656926  121656926
1001 121656976  121656976
1002 121657026  121657026
1003 121657077  121657077
1004 121657127  121657127
1005 121657177  121657177
1006 121657228  121657228
1007 121657278  121657278
1008 121657329  121657329
1009 121657379  121657379
1010 121657430  121657430
1011 121657480  121657480
1012 121657531  121657531
1013 121657581  121657581
1014 121657631  121657631
1015 121657683  121657683
1016 121657734  121657734
1017 121657785  121657785
1018 121657836  121657836
1019 121657888  121657888
1020 121657939  121657939
1021 121657990  121657990
1022 121658042  121658042
1023 121658092  121658092
1024 121658142  121658142
1025 121658192  121658192
1026 121658245  121658245
1027 121658296  121658296
1028 121658347  121658347
1029 121658399  121658399
1030 121658450  121658450
1031 121658502  121658502
1032 121658554  121658554
1033 121658606  121658606
1034 121658658  121658658
1035 121658708  121658708
1036 121658760  121658760
1037 121658810  121658810
1038 121658860  121658860
1039 121658912  121658912
1040 121658963  121658963
1041 121659014  121659014
1042 121659066  121659066
1043 121659117  121659117
1044 121659167  121659167
1045 121659217  121659217
1046 121659269  121659269
1047 121659320  121659320
1048 121659371  121659371
1049 121659423  121659423
1050 121659474  121659474
1051 121659525  121659525
1052 121659575  121659575
1053 121659626  121659626
1054 121659676  121659676
1055 121659727  121659727
1056 121659777  121659777
1057 121659828  121659828
1058 121659878  121659878
1059 121659929  121659929
1060 121659979  121659979
1061 121700030  121700030
1062 121700080  121700080
1063 121700131  121700131
1064 121700181  121700181
1065 121700232  121700232
1066 121700283  121700283
1067 121700334  121700334
1068 121700385  121700385
1069 121700437  121700437
1070 121700488  121700488
1071 121700539  121700539
1072 121700590  121700590
1073 121700640  121700640
1074 121700691  121700691
1075 121700743  121700743
1076 121700794  121700794
1077 121700846  121700846
1078 121700897  121700897
1079 121700949  121700949
1080 121701002  121701002
1081 121701054  121701054
1082 121701106  121701106
1083 121701157  121701157
1084 121701207  121701207
1085 121701257  121701257
1086 121701308  121701308
1087 121701360  121701360
1088 121701412  121701412
1089 121701463  121701463
1090 121701515  121701515
1091 121701566  121701566
1092 121701619  121701619
1093 121701671  121701671
1094 121701723  121701723
1095 121701774  121701774
1096 121701825  121701825
1097 121701875  121701875
1098 121701926  121701926
1099 121701976  121701976
1100 121702026  121702026
1101 121702077  121702077
1102 121702127  121702127
1103 121702178  121702178
1104 121702228  121702228
1105 121702279  121702279
1106 121702329  121702329
1107 121702379  121702379
1108 121702430  121702430
1109 121702482  121702482
1110 121702533  121702533
1111 121702584  121702584
1112 121702635  121702635
1113 121702686  121702686
1114 121702737  121702737
1115 121702787  121702787
1116 121702838  121702838
1117 121702889  121702889
1118 121702940  121702940
1119 121702991  121702991
1120 121703042  121703042
1121 121703094  121703094
1122 121703147  121703147
1123 121703198  121703198
1124 121703248  121703248
1125 121703299  121703299
1126 121703350  121703350
1127 121703400  121703400
1128 121703451  121703451
1129 121703501  121703501
1130 121703553  121703553
1131 121703604  121703604
1132 121703655  121703655
1133 121703706  121703706
1134 121703758  121703758
1135 121703808  121703808
1136 121703859  121703859
1137 121703911  121703911
1138 121703962  121703962
1139 121704013  121704013
1140 121704064  121704064
1141 121704116  121704116
1142 121704166  121704166
1143 121704217  121704217
1144 121704267  121704267
1145 121704319  121704319
1146 121704370  121704370
1147 121704422  121704422
1148 121704473  121704473
1149 121704523  121704523
1150 121704573  121704573
1151 121704624  121704624
1152 121704674  121704674
1153 121704725  121704725
1154 121704775  121704775
1155 121704826  121704826
1156 121704876  121704876
1157 121704926  121704926
1158 121704976  121704976
1159 121705027  121705027
1160 121705077  121705077
1161 121705128  121705128
1162 121705178  121705178
1163 121705228  121705228
1164 121705279  121705279
1165 121705329  121705329
1166 121705379  121705379
1167 121705430  121705430
1168 121705480  121705480
1169 121705531  121705531
1170 121705581  121705581
1171 121705631  121705631
1172 121705682  121705682
1173 121705733  121705733
1174 121705783  121705783
1175 121705834  121705834
1176 121705886  121705886
1177 121705937  121705937
1178 121705988  121705988
1179 121706039  121706039
1180 121706090  121706090
1181 121706141  121706141
1182 121706191  121706191
1183 121706242  121706242
1184 121706294  121706294
1185 121706346  121706346
1186 121706397  121706397
1187 121706449  121706449
1188 121706501  121706501
1189 121706553  121706553
1190 121706605  121706605
1191 121706655  121706655
1192 121706705  121706705
1193 121706756  121706756
1194 121706807  121706807
1195 121706859  121706859
1196 121706911  121706911
1197 121706961  121706961
1198 121707013  121707013
1199 121707065  121707065
1200 121707117  121707117
1201 121707167  121707167
1202 121707218  121707218
1203 121707268  121707268
1204 121707319  121707319
1205 121707370  121707370
1206 121707421  121707421
1207 121707472  121707472
1208 121707524  121707524
1209 121707575  121707575
1210 121707625  121707625
1211 121707675  121707675
1212 121707726  121707726
1213 121707776  121707776
1214 121707826  121707826
1215 121707876  121707876
1216 121707927  121707927
1217 121707977  121707977
1218 121708027  121708027
1219 121708078  121708078
1220 121708128  121708128
1221 121708178  121708178
1222 121708228  121708228
1223 121708279  121708279
1224 121708329  121708329
1225 121708380  121708380
1226 121708430  121708430
1227 121708481  121708481
1228 121708531  121708531
1229 121708581  121708581
1230 121708632  121708632
1231 121708682  121708682
1232 121708734  121708734
1233 121708784  121708784
1234 121708834  121708834
1235 121708885  121708885
1236 121708937  121708937
1237 121708988  121708988
1238 121709039  121709039
1239 121709091  121709091
1240 121709143  121709143
1241 121709192  121709192
1242 121709242  121709242
1243 121709294  121709294
1244 121709344  121709344
1245 121709394  121709394
1246 121709444  121709444
1247 121709496  121709496
1248 121709548  121709548
1249 121709600  121709600
1250 121709652  121709652
1251 121709703  121709703
1252 121709754  121709754
1253 121709806  121709806
1254 121709857  121709857
1255 121709907  121709907
1256 121709958  121709958
1257 121710008  121710008
1258 121710059  121710059
1259 121710111  121710111
1260 121710162  121710162
1261 121710212  121710212
1262 121710262  121710262
1263 121710314  121710314
1264 121710366  121710366
1265 121710417  121710417
1266 121710468  121710468
1267 121710519  121710519
1268 121710569  121710569
1269 121710622  121710622
1270 121710673  121710673
1271 121710726  121710726
1272 121710777  121710777
1273 121710825  121710825
1274 121710875  121710875
1275 121710925  121710925
1276 121710976  121710976
1277 121711026  121711026
1278 121711076  121711076
1279 121711127  121711127
1280 121711177  121711177
1281 121711228  121711228
1282 121711278  121711278
1283 121711328  121711328
1284 121711379  121711379
1285 121711429  121711429
1286 121711480  121711480
1287 121711531  121711531
1288 121711582  121711582
1289 121711633  121711633
1290 121711685  121711685
1291 121711736  121711736
1292 121711787  121711787
1293 121711838  121711838
1294 121711888  121711888
1295 121711940  121711940
1296 121711990  121711990
1297 121712042  121712042
1298 121712093  121712093
1299 121712143  121712143
1300 121712193  121712193
1301 121712244  121712244
1302 121712296  121712296
1303 121712347  121712347
1304 121712399  121712399
1305 121712451  121712451
1306 121712502  121712502
1307 121712553  121712553
1308 121712604  121712604
1309 121712656  121712656
1310 121712707  121712707
1311 121712759  121712759
1312 121712809  121712809
1313 121712860  121712860
1314 121712912  121712912
1315 121712963  121712963
1316 121713015  121713015
1317 121713066  121713066
1318 121713118  121713118
1319 121713169  121713169
1320 121713219  121713219
1321 121713269  121713269
1322 121713320  121713320
1323 121713371  121713371
1324 121713422  121713422
1325 121713474  121713474
1326 121713524  121713524
1327 121713575  121713575
1328 121713625  121713625
1329 121713675  121713675
1330 121713726  121713726
1331 121713776  121713776
1332 121713827  121713827
1333 121713877  121713877
1334 121713928  121713928
1335 121713978  121713978
1336 121714028  121714028
1337 121714079  121714079
1338 121714129  121714129
1339 121714180  121714180
1340 121714230  121714230
1341 121714281  121714281
1342 121714331  121714331
1343 121714381  121714381
1344 121714432  121714432
1345 121714483  121714483
1346 121714534  121714534
1347 121714585  121714585
1348 121714637  121714637
1349 121714688  121714688
1350 121714739  121714739
1351 121714790  121714790
1352 121714841  121714841
1353 121714893  121714893
1354 121714944  121714944
1355 121714996  121714996
1356 121715048  121715048
1357 121715099  121715099
1358 121715150  121715150
1359 121715200  121715200
1360 121715250  121715250
1361 121715300  121715300
1362 121715350  121715350
1363 121715401  121715401
1364 121715451  121715451
1365 121715501  121715501
1366 121715552  121715552
1367 121715602  121715602
1368 121715653  121715653
1369 121715705  121715705
1370 121715756  121715756
1371 121715807  121715807
1372 121715859  121715859
1373 121715911  121715911
1374 121715961  121715961
