1 120410821 120410776 120410821
2 120410872  120410872
3 120410921  120410921
4 120410971  120410971
5 120411022  120411022
6 120411074  120411074
7 120411124  120411124
8 120411179  120411179
9 120411230  120411230
10 120411282  120411282
11 120411333  120411333
12 120411384  120411384
13 120411435  120411435
14 120411487  120411487
15 120411539  120411539
16 120411589  120411589
17 120411641  120411641
18 120411692  120411692
19 120411742  120411742
20 120411793  120411793
21 120411846  120411846
22 120411896  120411896
23 120411947  120411947
24 120411997  120411997
25 120412047  120412047
26 120412097  120412097
27 120412148  120412148
28 120412199  120412199
29 120412250  120412250
30 120412302  120412302
31 120412353  120412353
32 120412404  120412404
33 120412454  120412454
34 120412505  120412505
35 120412555  120412555
36 120412605  120412605
37 120412655  120412655
38 120412706  120412706
39 120412756  120412756
40 120412807  120412807
41 120412857  120412857
42 120412908  120412908
43 120412959  120412959
44 120413009  120413009
45 120413060  120413060
46 120413110  120413110
47 120413160  120413160
48 120413211  120413211
49 120413262  120413262
50 120413312  120413312
51 120413363  120413363
52 120413415  120413415
53 120413466  120413466
54 120413517  120413517
55 120413569  120413569
56 120413620  120413620
57 120413671  120413671
58 120413722  120413722
59 120413772  120413772
60 120413824  120413824
61 120413875  120413875
62 120413927  120413927
63 120413979  120413979
64 120414030  120414030
65 120414081  120414081
66 120414132  120414132
67 120414182  120414182
68 120414233  120414233
69 120414283  120414283
70 120414333  120414333
71 120414385  120414385
72 120414436  120414436
73 120414488  120414488
74 120414538  120414538
75 120414591  120414591
76 120414643  120414643
77 120414694  120414694
78 120414743  120414743
79 120414795  120414795
80 120414847  120414847
81 120414897  120414897
82 120414948  120414948
83 120414999  120414999
84 120415050  120415050
85 120415101  120415101
86 120415151  120415151
87 120415201  120415201
88 120415253  120415253
89 120415303  120415303
90 120415353  120415353
91 120415403  120415403
92 120415453  120415453
93 120415504  120415504
94 120415554  120415554
95 120415605  120415605
96 120415655  120415655
97 120415705  120415705
98 120415756  120415756
99 120415806  120415806
100 120415857  120415857
101 120415907  120415907
102 120415958  120415958
103 120416008  120416008
104 120416059  120416059
105 120416110  120416110
106 120416159  120416159
107 120416210  120416210
108 120416260  120416260
109 120416311  120416311
110 120416363  120416363
111 120416413  120416413
112 120416463  120416463
113 120416513  120416513
114 120416565  120416565
115 120416616  120416616
116 120416667  120416667
117 120416718  120416718
118 120416768  120416768
119 120416819  120416819
120 120416870  120416870
121 120416921  120416921
122 120416971  120416971
123 120417023  120417023
124 120417074  120417074
125 120417126  120417126
126 120417176  120417176
127 120417227  120417227
128 120417278  120417278
129 120417330  120417330
130 120417381  120417381
131 120417432  120417432
132 120417483  120417483
133 120417534  120417534
134 120417584  120417584
135 120417635  120417635
136 120417685  120417685
137 120417735  120417735
138 120417786  120417786
139 120417838  120417838
140 120417889  120417889
141 120417941  120417941
142 120417993  120417993
143 120418044  120418044
144 120418097  120418097
145 120418147  120418147
146 120418197  120418197
147 120418248  120418248
148 120418298  120418298
149 120418349  120418349
150 120418399  120418399
151 120418450  120418450
152 120418501  120418501
153 120418553  120418553
154 120418604  120418604
155 120418654  120418654
156 120418704  120418704
157 120418754  120418754
158 120418805  120418805
159 120418855  120418855
160 120418906  120418906
161 120418956  120418956
162 120419006  120419006
163 120419056  120419056
164 120419107  120419107
165 120419157  120419157
166 120419208  120419208
167 120419258  120419258
168 120419309  120419309
169 120419359  120419359
170 120419409  120419409
171 120419460  120419460
172 120419510  120419510
173 120419562  120419562
174 120419613  120419613
175 120419664  120419664
176 120419715  120419715
177 120419766  120419766
178 120419817  120419817
179 120419868  120419868
180 120419920  120419920
181 120419970  120419970
182 120420020  120420020
183 120420073  120420073
184 120420124  120420124
185 120420176  120420176
186 120420227  120420227
187 120420279  120420279
188 120420331  120420331
189 120420382  120420382
190 120420432  120420432
191 120420484  120420484
192 120420537  120420537
193 120420589  120420589
194 120420641  120420641
195 120420691  120420691
196 120420744  120420744
197 120420794  120420794
198 120420842  120420842
199 120420892  120420892
200 120420942  120420942
201 120420994  120420994
202 120421046  120421046
203 120421097  120421097
204 120421148  120421148
205 120421198  120421198
206 120421248  120421248
207 120421298  120421298
208 120421350  120421350
209 120421400  120421400
210 120421451  120421451
211 120421503  120421503
212 120421553  120421553
213 120421605  120421605
214 120421654  120421654
215 120421704  120421704
216 120421754  120421754
217 120421805  120421805
218 120421855  120421855
219 120421906  120421906
220 120421956  120421956
221 120422007  120422007
222 120422057  120422057
223 120422107  120422107
224 120422158  120422158
225 120422208  120422208
226 120422259  120422259
227 120422310  120422310
228 120422360  120422360
229 120422411  120422411
230 120422461  120422461
231 120422512  120422512
232 120422563  120422563
233 120422614  120422614
234 120422665  120422665
235 120422716  120422716
236 120422766  120422766
237 120422817  120422817
238 120422867  120422867
239 120422919  120422919
240 120422969  120422969
241 120423019  120423019
242 120423070  120423070
243 120423122  120423122
244 120423172  120423172
245 120423222  120423222
246 120423274  120423274
247 120423326  120423326
248 120423376  120423376
249 120423428  120423428
250 120423478  120423478
251 120423528  120423528
252 120423579  120423579
253 120423631  120423631
254 120423683  120423683
255 120423733  120423733
256 120423784  120423784
257 120423835  120423835
258 120423886  120423886
259 120423937  120423937
260 120423987  120423987
261 120424039  120424039
262 120424089  120424089
263 120424139  120424139
264 120424190  120424190
265 120424240  120424240
266 120424292  120424292
267 120424343  120424343
268 120424395  120424395
269 120424447  120424447
270 120424499  120424499
271 120424551  120424551
272 120424604  120424604
273 120424654  120424654
274 120424705  120424705
275 120424755  120424755
276 120424806  120424806
277 120424856  120424856
278 120424906  120424906
279 120424957  120424957
280 120425007  120425007
281 120425058  120425058
282 120425108  120425108
283 120425158  120425158
284 120425209  120425209
285 120425259  120425259
286 120425309  120425309
287 120425360  120425360
288 120425410  120425410
289 120425461  120425461
290 120425511  120425511
291 120425562  120425562
292 120425614  120425614
293 120425665  120425665
294 120425716  120425716
295 120425766  120425766
296 120425817  120425817
297 120425868  120425868
298 120425919  120425919
299 120425969  120425969
300 120426020  120426020
301 120426071  120426071
302 120426123  120426123
303 120426174  120426174
304 120426226  120426226
305 120426276  120426276
306 120426326  120426326
307 120426376  120426376
308 120426427  120426427
309 120426479  120426479
310 120426531  120426531
311 120426583  120426583
312 120426635  120426635
313 120426687  120426687
314 120426738  120426738
315 120426788  120426788
316 120426838  120426838
317 120426889  120426889
318 120426941  120426941
319 120426993  120426993
320 120427045  120427045
321 120427097  120427097
322 120427149  120427149
323 120427200  120427200
324 120427251  120427251
325 120427303  120427303
326 120427353  120427353
327 120427404  120427404
328 120427454  120427454
329 120427504  120427504
330 120427555  120427555
331 120427605  120427605
332 120427656  120427656
333 120427706  120427706
334 120427756  120427756
335 120427806  120427806
336 120427857  120427857
337 120427907  120427907
338 120427958  120427958
339 120428008  120428008
340 120428059  120428059
341 120428109  120428109
342 120428160  120428160
343 120428210  120428210
344 120428261  120428261
345 120428312  120428312
346 120428363  120428363
347 120428414  120428414
348 120428466  120428466
349 120428516  120428516
350 120428566  120428566
351 120428617  120428617
352 120428668  120428668
353 120428719  120428719
354 120428769  120428769
355 120428820  120428820
356 120428872  120428872
357 120428924  120428924
358 120428975  120428975
359 120429026  120429026
360 120429078  120429078
361 120429128  120429128
362 120429179  120429179
363 120429229  120429229
364 120429279  120429279
365 120429331  120429331
366 120429382  120429382
367 120429432  120429432
368 120429484  120429484
369 120429535  120429535
370 120429586  120429586
371 120429636  120429636
372 120429686  120429686
373 120429737  120429737
374 120429787  120429787
375 120429839  120429839
376 120429891  120429891
377 120429943  120429943
378 120429995  120429995
379 120430047  120430047
380 120430098  120430098
381 120430150  120430150
382 120430202  120430202
383 120430253  120430253
384 120430304  120430304
385 120430354  120430354
386 120430405  120430405
387 120430455  120430455
388 120430505  120430505
389 120430556  120430556
390 120430606  120430606
391 120430656  120430656
392 120430707  120430707
393 120430757  120430757
394 120430807  120430807
395 120430858  120430858
396 120430908  120430908
397 120430959  120430959
398 120431009  120431009
399 120431059  120431059
400 120431111  120431111
401 120431162  120431162
402 120431212  120431212
403 120431262  120431262
404 120431314  120431314
405 120431365  120431365
406 120431416  120431416
407 120431468  120431468
408 120431519  120431519
409 120431569  120431569
410 120431621  120431621
411 120431673  120431673
412 120431726  120431726
413 120431773  120431773
414 120431825  120431825
415 120431875  120431875
416 120431925  120431925
417 120431976  120431976
418 120432027  120432027
419 120432079  120432079
420 120432129  120432129
421 120432181  120432181
422 120432231  120432231
423 120432282  120432282
424 120432334  120432334
425 120432385  120432385
426 120432436  120432436
427 120432488  120432488
428 120432538  120432538
429 120432590  120432590
430 120432642  120432642
431 120432694  120432694
432 120432745  120432745
433 120432795  120432795
434 120432847  120432847
435 120432899  120432899
436 120432951  120432951
437 120433003  120433003
438 120433053  120433053
439 120433103  120433103
440 120433154  120433154
441 120433204  120433204
442 120433255  120433255
443 120433305  120433305
444 120433355  120433355
445 120433406  120433406
446 120433456  120433456
447 120433506  120433506
448 120433557  120433557
449 120433608  120433608
450 120433658  120433658
451 120433710  120433710
452 120433761  120433761
453 120433811  120433811
454 120433862  120433862
455 120433913  120433913
456 120433964  120433964
457 120434015  120434015
458 120434066  120434066
459 120434118  120434118
460 120434169  120434169
461 120434219  120434219
462 120434270  120434270
463 120434321  120434321
464 120434374  120434374
465 120434426  120434426
466 120434476  120434476
467 120434527  120434527
468 120434583  120434583
469 120434635  120434635
470 120434687  120434687
471 120434738  120434738
472 120434788  120434788
473 120434838  120434838
474 120434889  120434889
475 120434940  120434940
476 120434990  120434990
477 120435040  120435040
478 120435091  120435091
479 120435141  120435141
480 120435191  120435191
481 120435242  120435242
482 120435292  120435292
483 120435344  120435344
484 120435395  120435395
485 120435447  120435447
486 120435499  120435499
487 120435549  120435549
488 120435600  120435600
489 120435651  120435651
490 120435704  120435704
491 120435754  120435754
492 120435804  120435804
493 120435855  120435855
494 120435905  120435905
495 120435956  120435956
496 120436006  120436006
497 120436056  120436056
498 120436107  120436107
499 120436157  120436157
500 120436208  120436208
501 120436258  120436258
502 120436308  120436308
503 120436359  120436359
504 120436409  120436409
505 120436460  120436460
506 120436510  120436510
507 120436561  120436561
508 120436611  120436611
509 120436662  120436662
510 120436713  120436713
511 120436763  120436763
512 120436813  120436813
513 120436865  120436865
514 120436916  120436916
515 120436967  120436967
516 120437017  120437017
517 120437068  120437068
518 120437120  120437120
519 120437172  120437172
520 120437222  120437222
521 120437272  120437272
522 120437322  120437322
523 120437373  120437373
524 120437425  120437425
525 120437476  120437476
526 120437527  120437527
527 120437579  120437579
528 120437630  120437630
529 120437681  120437681
530 120437733  120437733
531 120437782  120437782
532 120437833  120437833
533 120437885  120437885
534 120437937  120437937
535 120437988  120437988
536 120438040  120438040
537 120438090  120438090
538 120438142  120438142
539 120438195  120438195
540 120438246  120438246
541 120438297  120438297
542 120438347  120438347
543 120438397  120438397
544 120438448  120438448
545 120438499  120438499
546 120438549  120438549
547 120438601  120438601
548 120438654  120438654
549 120438704  120438704
550 120438754  120438754
551 120438805  120438805
552 120438855  120438855
553 120438906  120438906
554 120438956  120438956
555 120439021  120439021
556 120439058  120439058
557 120439108  120439108
558 120439158  120439158
559 120439209  120439209
560 120439259  120439259
561 120439309  120439309
562 120439360  120439360
563 120439410  120439410
564 120439460  120439460
565 120439511  120439511
566 120439562  120439562
567 120439613  120439613
568 120439665  120439665
569 120439717  120439717
570 120439766  120439766
571 120439816  120439816
572 120439867  120439867
573 120439918  120439918
574 120439969  120439969
575 120440020  120440020
576 120440070  120440070
577 120440122  120440122
578 120440174  120440174
579 120440226  120440226
580 120440278  120440278
581 120440328  120440328
582 120440379  120440379
583 120440429  120440429
584 120440480  120440480
585 120440530  120440530
586 120440580  120440580
587 120440631  120440631
588 120440682  120440682
589 120440733  120440733
590 120440783  120440783
591 120440834  120440834
592 120440886  120440886
593 120440937  120440937
594 120440987  120440987
595 120441038  120441038
596 120441088  120441088
597 120441138  120441138
598 120441189  120441189
599 120441240  120441240
600 120441291  120441291
601 120441341  120441341
602 120441393  120441393
603 120441444  120441444
604 120441496  120441496
605 120441548  120441548
606 120441598  120441598
607 120441648  120441648
608 120441699  120441699
609 120441749  120441749
610 120441799  120441799
611 120441850  120441850
612 120441901  120441901
613 120441953  120441953
614 120442003  120442003
615 120442054  120442054
616 120442104  120442104
617 120442154  120442154
618 120442204  120442204
619 120442256  120442256
620 120442305  120442305
621 120442355  120442355
622 120442406  120442406
623 120442456  120442456
624 120442506  120442506
625 120442557  120442557
626 120442607  120442607
627 120442658  120442658
628 120442708  120442708
629 120442762  120442762
630 120442812  120442812
631 120442863  120442863
632 120442914  120442914
633 120442966  120442966
634 120443017  120443017
635 120443068  120443068
636 120443119  120443119
637 120443170  120443170
638 120443221  120443221
639 120443272  120443272
640 120443322  120443322
641 120443373  120443373
642 120443425  120443425
643 120443476  120443476
644 120443527  120443527
645 120443578  120443578
646 120443630  120443630
647 120443682  120443682
648 120443734  120443734
649 120443782  120443782
650 120443833  120443833
651 120443884  120443884
652 120443935  120443935
653 120443985  120443985
654 120444036  120444036
655 120444088  120444088
656 120444138  120444138
657 120444190  120444190
658 120444240  120444240
659 120444291  120444291
660 120444341  120444341
661 120444393  120444393
662 120444444  120444444
663 120444496  120444496
664 120444547  120444547
665 120444599  120444599
666 120444651  120444651
667 120444704  120444704
668 120444754  120444754
669 120444804  120444804
670 120444854  120444854
671 120444904  120444904
672 120444955  120444955
673 120445005  120445005
674 120445055  120445055
675 120445105  120445105
676 120445156  120445156
677 120445206  120445206
678 120445257  120445257
679 120445307  120445307
680 120445357  120445357
681 120445407  120445407
682 120445458  120445458
683 120445508  120445508
684 120445559  120445559
685 120445609  120445609
686 120445660  120445660
687 120445710  120445710
688 120445761  120445761
689 120445812  120445812
690 120445863  120445863
691 120445914  120445914
692 120445964  120445964
693 120446015  120446015
694 120446066  120446066
695 120446117  120446117
696 120446168  120446168
697 120446220  120446220
698 120446270  120446270
699 120446320  120446320
700 120446371  120446371
701 120446421  120446421
702 120446471  120446471
703 120446521  120446521
704 120446571  120446571
705 120446623  120446623
706 120446675  120446675
707 120446727  120446727
708 120446778  120446778
709 120446828  120446828
710 120446879  120446879
711 120446931  120446931
712 120446983  120446983
713 120447035  120447035
714 120447085  120447085
715 120447136  120447136
716 120447187  120447187
717 120447238  120447238
718 120447288  120447288
719 120447339  120447339
720 120447389  120447389
721 120447440  120447440
722 120447490  120447490
723 120447540  120447540
724 120447591  120447591
725 120447642  120447642
726 120447694  120447694
727 120447747  120447747
728 120447797  120447797
729 120447848  120447848
730 120447899  120447899
731 120447952  120447952
732 120448003  120448003
733 120448053  120448053
734 120448103  120448103
735 120448154  120448154
736 120448204  120448204
737 120448254  120448254
738 120448305  120448305
739 120448355  120448355
740 120448406  120448406
741 120448456  120448456
742 120448506  120448506
743 120448557  120448557
744 120448607  120448607
745 120448658  120448658
746 120448708  120448708
747 120448759  120448759
748 120448809  120448809
749 120448859  120448859
750 120448910  120448910
751 120448960  120448960
752 120449011  120449011
753 120449062  120449062
754 120449113  120449113
755 120449164  120449164
756 120449215  120449215
757 120449266  120449266
758 120449316  120449316
759 120449367  120449367
760 120449417  120449417
761 120449468  120449468
762 120449519  120449519
763 120449569  120449569
764 120449621  120449621
765 120449673  120449673
766 120449725  120449725
767 120449776  120449776
768 120449826  120449826
769 120449878  120449878
770 120449930  120449930
771 120449980  120449980
772 120450032  120450032
773 120450084  120450084
774 120450136  120450136
775 120450188  120450188
776 120450238  120450238
777 120450289  120450289
778 120450339  120450339
779 120450390  120450390
780 120450440  120450440
781 120450490  120450490
782 120450542  120450542
783 120450593  120450593
784 120450645  120450645
785 120450697  120450697
786 120450748  120450748
787 120450798  120450798
788 120450849  120450849
789 120450900  120450900
790 120450952  120450952
791 120451003  120451003
792 120451054  120451054
793 120451104  120451104
794 120451154  120451154
795 120451205  120451205
796 120451255  120451255
797 120451306  120451306
798 120451356  120451356
799 120451406  120451406
800 120451457  120451457
801 120451507  120451507
802 120451558  120451558
803 120451608  120451608
804 120451659  120451659
805 120451709  120451709
806 120451762  120451762
807 120451812  120451812
808 120451862  120451862
809 120451914  120451914
810 120451965  120451965
811 120452017  120452017
812 120452068  120452068
813 120452119  120452119
814 120452170  120452170
815 120452221  120452221
816 120452272  120452272
817 120452323  120452323
818 120452374  120452374
819 120452426  120452426
820 120452479  120452479
821 120452531  120452531
822 120452583  120452583
823 120452635  120452635
824 120452687  120452687
825 120452737  120452737
826 120452787  120452787
827 120452838  120452838
828 120452889  120452889
829 120452939  120452939
830 120452990  120452990
831 120453041  120453041
832 120453092  120453092
833 120453143  120453143
834 120453194  120453194
835 120453246  120453246
836 120453298  120453298
837 120453348  120453348
838 120453399  120453399
839 120453449  120453449
840 120453499  120453499
841 120453549  120453549
842 120453599  120453599
843 120453649  120453649
844 120453701  120453701
845 120453751  120453751
846 120453802  120453802
847 120453853  120453853
848 120453903  120453903
849 120453953  120453953
850 120454004  120454004
851 120454054  120454054
852 120454104  120454104
853 120454154  120454154
854 120454204  120454204
855 120454255  120454255
856 120454305  120454305
857 120454355  120454355
858 120454406  120454406
859 120454456  120454456
860 120454507  120454507
861 120454557  120454557
862 120454608  120454608
863 120454658  120454658
864 120454708  120454708
865 120454758  120454758
866 120454809  120454809
867 120454859  120454859
868 120454910  120454910
869 120454960  120454960
870 120455011  120455011
871 120455063  120455063
872 120455114  120455114
873 120455165  120455165
874 120455217  120455217
875 120455267  120455267
876 120455319  120455319
877 120455368  120455368
878 120455419  120455419
879 120455470  120455470
880 120455522  120455522
881 120455573  120455573
882 120455623  120455623
883 120455675  120455675
884 120455727  120455727
885 120455777  120455777
886 120455828  120455828
887 120455878  120455878
888 120455929  120455929
889 120455979  120455979
890 120456031  120456031
891 120456082  120456082
892 120456133  120456133
893 120456186  120456186
894 120456237  120456237
895 120456288  120456288
896 120456338  120456338
897 120456389  120456389
898 120456440  120456440
899 120456490  120456490
900 120456541  120456541
901 120456593  120456593
902 120456645  120456645
903 120456698  120456698
904 120456748  120456748
905 120456798  120456798
906 120456849  120456849
907 120456899  120456899
908 120456949  120456949
909 120457000  120457000
910 120457050  120457050
911 120457102  120457102
912 120457154  120457154
913 120457204  120457204
914 120457255  120457255
915 120457305  120457305
916 120457355  120457355
917 120457406  120457406
918 120457456  120457456
919 120457506  120457506
920 120457557  120457557
921 120457607  120457607
922 120457657  120457657
923 120457708  120457708
924 120457759  120457759
925 120457809  120457809
926 120457860  120457860
927 120457911  120457911
928 120457962  120457962
929 120458012  120458012
930 120458062  120458062
931 120458114  120458114
932 120458165  120458165
933 120458216  120458216
934 120458268  120458268
935 120458319  120458319
936 120458370  120458370
937 120458420  120458420
938 120458471  120458471
939 120458522  120458522
940 120458573  120458573
941 120458625  120458625
942 120458677  120458677
943 120458728  120458728
944 120458779  120458779
945 120458829  120458829
946 120458880  120458880
947 120458930  120458930
948 120458981  120458981
949 120459031  120459031
950 120459082  120459082
951 120459132  120459132
952 120459182  120459182
953 120459233  120459233
954 120459283  120459283
955 120459335  120459335
956 120459387  120459387
957 120459437  120459437
958 120459489  120459489
959 120459541  120459541
960 120459592  120459592
961 120459644  120459644
962 120459695  120459695
963 120459748  120459748
964 120459798  120459798
965 120459848  120459848
966 120459900  120459900
967 120459950  120459950
968 120500003  120500003
969 120500053  120500053
970 120500103  120500103
971 120500154  120500154
972 120500204  120500204
973 120500254  120500254
974 120500304  120500304
975 120500355  120500355
976 120500405  120500405
977 120500455  120500455
978 120500506  120500506
979 120500556  120500556
980 120500607  120500607
981 120500657  120500657
982 120500708  120500708
983 120500760  120500760
984 120500808  120500808
985 120500859  120500859
986 120500909  120500909
987 120500960  120500960
988 120501010  120501010
989 120501061  120501061
990 120501112  120501112
991 120501164  120501164
992 120501215  120501215
993 120501266  120501266
994 120501318  120501318
995 120501368  120501368
996 120501418  120501418
997 120501469  120501469
998 120501521  120501521
999 120501573  120501573
1000 120501625  120501625
1001 120501677  120501677
1002 120501729  120501729
1003 120501779  120501779
1004 120501830  120501830
1005 120501880  120501880
1006 120501932  120501932
1007 120501984  120501984
1008 120502035  120502035
1009 120502087  120502087
1010 120502139  120502139
1011 120502190  120502190
1012 120502241  120502241
1013 120502292  120502292
1014 120502343  120502343
1015 120502395  120502395
1016 120502445  120502445
1017 120502497  120502497
1018 120502548  120502548
1019 120502600  120502600
1020 120502650  120502650
1021 120502702  120502702
1022 120502753  120502753
1023 120502803  120502803
1024 120502853  120502853
1025 120502904  120502904
1026 120502954  120502954
1027 120503005  120503005
1028 120503055  120503055
1029 120503105  120503105
1030 120503156  120503156
1031 120503207  120503207
1032 120503257  120503257
1033 120503308  120503308
1034 120503358  120503358
1035 120503409  120503409
1036 120503459  120503459
1037 120503510  120503510
1038 120503560  120503560
1039 120503611  120503611
1040 120503662  120503662
1041 120503713  120503713
1042 120503763  120503763
1043 120503814  120503814
1044 120503864  120503864
1045 120503916  120503916
1046 120503967  120503967
1047 120504018  120504018
1048 120504068  120504068
1049 120504119  120504119
1050 120504171  120504171
1051 120504221  120504221
1052 120504272  120504272
1053 120504324  120504324
1054 120504375  120504375
1055 120504424  120504424
1056 120504475  120504475
1057 120504525  120504525
1058 120504576  120504576
1059 120504628  120504628
1060 120504679  120504679
1061 120504731  120504731
1062 120504781  120504781
1063 120504832  120504832
1064 120504883  120504883
1065 120504935  120504935
1066 120504987  120504987
1067 120505037  120505037
1068 120505087  120505087
1069 120505140  120505140
1070 120505190  120505190
1071 120505240  120505240
1072 120505290  120505290
1073 120505341  120505341
1074 120505391  120505391
1075 120505441  120505441
1076 120505493  120505493
1077 120505545  120505545
1078 120505595  120505595
1079 120505645  120505645
1080 120505697  120505697
1081 120505748  120505748
1082 120505799  120505799
1083 120505849  120505849
1084 120505900  120505900
1085 120505953  120505953
1086 120506004  120506004
1087 120506054  120506054
1088 120506105  120506105
1089 120506155  120506155
1090 120506205  120506205
1091 120506255  120506255
1092 120506306  120506306
1093 120506356  120506356
1094 120506407  120506407
1095 120506457  120506457
1096 120506508  120506508
1097 120506558  120506558
1098 120506608  120506608
1099 120506659  120506659
1100 120506709  120506709
1101 120506762  120506762
1102 120506812  120506812
1103 120506863  120506863
1104 120506914  120506914
1105 120506965  120506965
1106 120507016  120507016
1107 120507067  120507067
1108 120507118  120507118
1109 120507169  120507169
1110 120507221  120507221
1111 120507273  120507273
1112 120507325  120507325
1113 120507377  120507377
1114 120507427  120507427
1115 120507477  120507477
1116 120507529  120507529
1117 120507579  120507579
1118 120507631  120507631
1119 120507683  120507683
1120 120507736  120507736
1121 120507787  120507787
1122 120507837  120507837
1123 120507887  120507887
1124 120507938  120507938
1125 120507990  120507990
1126 120508042  120508042
1127 120508094  120508094
1128 120508146  120508146
1129 120508197  120508197
1130 120508248  120508248
1131 120508298  120508298
1132 120508349  120508349
1133 120508400  120508400
1134 120508451  120508451
1135 120508503  120508503
1136 120508553  120508553
1137 120508604  120508604
1138 120508654  120508654
1139 120508704  120508704
1140 120508754  120508754
1141 120508805  120508805
1142 120508855  120508855
1143 120508905  120508905
1144 120508956  120508956
1145 120509006  120509006
1146 120509056  120509056
1147 120509106  120509106
1148 120509157  120509157
1149 120509207  120509207
1150 120509258  120509258
1151 120509308  120509308
1152 120509359  120509359
1153 120509409  120509409
1154 120509459  120509459
1155 120509511  120509511
1156 120509562  120509562
1157 120509613  120509613
1158 120509664  120509664
1159 120509716  120509716
1160 120509766  120509766
1161 120509816  120509816
1162 120509866  120509866
1163 120509918  120509918
1164 120509968  120509968
1165 120510019  120510019
1166 120510070  120510070
1167 120510120  120510120
1168 120510171  120510171
1169 120510222  120510222
1170 120510274  120510274
1171 120510326  120510326
1172 120510377  120510377
1173 120510428  120510428
1174 120510478  120510478
1175 120510528  120510528
1176 120510579  120510579
1177 120510631  120510631
1178 120510683  120510683
1179 120510736  120510736
1180 120510786  120510786
1181 120510836  120510836
1182 120510887  120510887
1183 120510937  120510937
1184 120510996  120510996
1185 120511048  120511048
1186 120511098  120511098
1187 120511148  120511148
1188 120511198  120511198
1189 120511249  120511249
1190 120511299  120511299
1191 120511351  120511351
1192 120511401  120511401
1193 120511452  120511452
1194 120511502  120511502
1195 120511554  120511554
1196 120511604  120511604
1197 120511654  120511654
1198 120511704  120511704
1199 120511754  120511754
1200 120511805  120511805
1201 120511855  120511855
1202 120511905  120511905
1203 120511956  120511956
1204 120512006  120512006
1205 120512057  120512057
1206 120512107  120512107
1207 120512158  120512158
1208 120512208  120512208
1209 120512258  120512258
1210 120512309  120512309
1211 120512359  120512359
1212 120512410  120512410
1213 120512460  120512460
1214 120512510  120512510
1215 120512561  120512561
1216 120512612  120512612
1217 120512663  120512663
1218 120512715  120512715
1219 120512765  120512765
1220 120512815  120512815
1221 120512866  120512866
1222 120512917  120512917
1223 120512967  120512967
1224 120513018  120513018
1225 120513070  120513070
1226 120513120  120513120
1227 120513170  120513170
1228 120513221  120513221
1229 120513273  120513273
1230 120513324  120513324
1231 120513374  120513374
1232 120513424  120513424
1233 120513474  120513474
1234 120513526  120513526
1235 120513577  120513577
1236 120513628  120513628
1237 120513679  120513679
1238 120513731  120513731
1239 120513782  120513782
1240 120513832  120513832
1241 120513883  120513883
1242 120513935  120513935
1243 120513987  120513987
1244 120514039  120514039
1245 120514090  120514090
1246 120514141  120514141
1247 120514192  120514192
1248 120514243  120514243
1249 120514294  120514294
1250 120514345  120514345
1251 120514397  120514397
1252 120514447  120514447
1253 120514497  120514497
1254 120514548  120514548
1255 120514598  120514598
1256 120514649  120514649
1257 120514702  120514702
1258 120514753  120514753
1259 120514803  120514803
1260 120514853  120514853
1261 120514904  120514904
1262 120514954  120514954
1263 120515004  120515004
1264 120515055  120515055
1265 120515105  120515105
1266 120515155  120515155
1267 120515206  120515206
1268 120515256  120515256
1269 120515307  120515307
1270 120515357  120515357
1271 120515407  120515407
1272 120515458  120515458
1273 120515508  120515508
1274 120515559  120515559
1275 120515609  120515609
1276 120515659  120515659
1277 120515709  120515709
1278 120515760  120515760
1279 120515810  120515810
1280 120515861  120515861
1281 120515912  120515912
1282 120515963  120515963
1283 120516014  120516014
1284 120516066  120516066
1285 120516117  120516117
1286 120516167  120516167
1287 120516219  120516219
1288 120516269  120516269
1289 120516320  120516320
1290 120516371  120516371
1291 120516421  120516421
1292 120516474  120516474
1293 120516525  120516525
1294 120516576  120516576
1295 120516628  120516628
1296 120516680  120516680
1297 120516732  120516732
1298 120516783  120516783
1299 120516833  120516833
1300 120516883  120516883
1301 120516935  120516935
1302 120516986  120516986
1303 120517038  120517038
1304 120517088  120517088
1305 120517139  120517139
1306 120517191  120517191
1307 120517241  120517241
1308 120517293  120517293
1309 120517344  120517344
1310 120517396  120517396
1311 120517447  120517447
1312 120517497  120517497
1313 120517547  120517547
1314 120517599  120517599
1315 120517650  120517650
1316 120517701  120517701
1317 120517751  120517751
1318 120517802  120517802
1319 120517852  120517852
1320 120517903  120517903
1321 120517954  120517954
1322 120518004  120518004
1323 120518055  120518055
1324 120518105  120518105
1325 120518155  120518155
1326 120518206  120518206
1327 120518256  120518256
1328 120518307  120518307
1329 120518357  120518357
1330 120518407  120518407
1331 120518459  120518459
1332 120518509  120518509
1333 120518559  120518559
1334 120518610  120518610
1335 120518661  120518661
1336 120518712  120518712
1337 120518764  120518764
1338 120518814  120518814
1339 120518864  120518864
1340 120518914  120518914
1341 120518964  120518964
1342 120519016  120519016
1343 120519067  120519067
1344 120519118  120519118
1345 120519169  120519169
1346 120519219  120519219
1347 120519271  120519271
1348 120519323  120519323
1349 120519374  120519374
1350 120519426  120519426
1351 120519478  120519478
1352 120519529  120519529
1353 120519579  120519579
1354 120519631  120519631
1355 120519683  120519683
1356 120519735  120519735
1357 120519791  120519791
1358 120519838  120519838
1359 120519889  120519889
1360 120519940  120519940
1361 120519993  120519993
1362 120520043  120520043
1363 120520091  120520091
1364 120520141  120520141
1365 120520192  120520192
1366 120520243  120520243
1367 120520294  120520294
1368 120520345  120520345
1369 120520397  120520397
1370 120520449  120520449
1371 120520502  120520502
1372 120520553  120520553
1373 120520604  120520604
1374 120520654  120520654
