1 121133946 121133899 121133946
2 121133997  121133997
3 121134047  121134047
4 121134098  121134098
5 121134150  121134150
6 121134202  121134202
7 121134254  121134254
8 121134304  121134304
9 121134355  121134355
10 121134405  121134405
11 121134455  121134455
12 121134506  121134506
13 121134557  121134557
14 121134608  121134608
15 121134658  121134658
16 121134710  121134710
17 121134762  121134762
18 121134812  121134812
19 121134863  121134863
20 121134913  121134913
21 121134964  121134964
22 121135014  121135014
23 121135065  121135065
24 121135117  121135117
25 121135169  121135169
26 121135219  121135219
27 121135272  121135272
28 121135322  121135322
29 121135373  121135373
30 121135424  121135424
31 121135474  121135474
32 121135527  121135527
33 121135575  121135575
34 121135626  121135626
35 121135676  121135676
36 121135726  121135726
37 121135777  121135777
38 121135827  121135827
39 121135878  121135878
40 121135928  121135928
41 121135979  121135979
42 121136029  121136029
43 121136079  121136079
44 121136130  121136130
45 121136180  121136180
46 121136231  121136231
47 121136282  121136282
48 121136333  121136333
49 121136384  121136384
50 121136434  121136434
51 121136484  121136484
52 121136536  121136536
53 121136587  121136587
54 121136638  121136638
55 121136688  121136688
56 121136739  121136739
57 121136789  121136789
58 121136840  121136840
59 121136890  121136890
60 121136941  121136941
61 121136993  121136993
62 121137044  121137044
63 121137095  121137095
64 121137146  121137146
65 121137198  121137198
66 121137250  121137250
67 121137300  121137300
68 121137350  121137350
69 121137401  121137401
70 121137451  121137451
71 121137502  121137502
72 121137553  121137553
73 121137605  121137605
74 121137657  121137657
75 121137709  121137709
76 121137759  121137759
77 121137809  121137809
78 121137859  121137859
79 121137910  121137910
80 121137962  121137962
81 121138014  121138014
82 121138066  121138066
83 121138118  121138118
84 121138170  121138170
85 121138222  121138222
86 121138274  121138274
87 121138324  121138324
88 121138374  121138374
89 121138425  121138425
90 121138475  121138475
91 121138525  121138525
92 121138576  121138576
93 121138626  121138626
94 121138676  121138676
95 121138727  121138727
96 121138777  121138777
97 121138829  121138829
98 121138878  121138878
99 121138929  121138929
100 121138979  121138979
101 121139029  121139029
102 121139080  121139080
103 121139130  121139130
104 121139181  121139181
105 121139232  121139232
106 121139283  121139283
107 121139334  121139334
108 121139386  121139386
109 121139436  121139436
110 121139486  121139486
111 121139538  121139538
112 121139589  121139589
113 121139640  121139640
114 121139691  121139691
115 121139742  121139742
116 121139794  121139794
117 121139844  121139844
118 121139895  121139895
119 121139946  121139946
120 121139996  121139996
121 121140047  121140047
122 121140097  121140097
123 121140148  121140148
124 121140200  121140200
125 121140252  121140252
126 121140303  121140303
127 121140355  121140355
128 121140405  121140405
129 121140455  121140455
130 121140506  121140506
131 121140557  121140557
132 121140608  121140608
133 121140660  121140660
134 121140712  121140712
135 121140763  121140763
136 121140815  121140815
137 121140865  121140865
138 121140916  121140916
139 121140966  121140966
140 121141018  121141018
141 121141070  121141070
142 121141120  121141120
143 121141171  121141171
144 121141221  121141221
145 121141272  121141272
146 121141324  121141324
147 121141374  121141374
148 121141424  121141424
149 121141475  121141475
150 121141526  121141526
151 121141576  121141576
152 121141626  121141626
153 121141677  121141677
154 121141727  121141727
155 121141777  121141777
156 121141828  121141828
157 121141878  121141878
158 121141928  121141928
159 121141979  121141979
160 121142029  121142029
161 121142080  121142080
162 121142130  121142130
163 121142181  121142181
164 121142231  121142231
165 121142281  121142281
166 121142332  121142332
167 121142384  121142384
168 121142434  121142434
169 121142484  121142484
170 121142536  121142536
171 121142587  121142587
172 121142638  121142638
173 121142688  121142688
174 121142739  121142739
175 121142789  121142789
176 121142840  121142840
177 121142890  121142890
178 121142941  121142941
179 121142991  121142991
180 121143043  121143043
181 121143093  121143093
182 121143145  121143145
183 121143195  121143195
184 121143247  121143247
185 121143297  121143297
186 121143347  121143347
187 121143398  121143398
188 121143449  121143449
189 121143499  121143499
190 121143551  121143551
191 121143602  121143602
192 121143653  121143653
193 121143703  121143703
194 121143755  121143755
195 121143806  121143806
196 121143856  121143856
197 121143907  121143907
198 121143959  121143959
199 121144009  121144009
200 121144061  121144061
201 121144113  121144113
202 121144165  121144165
203 121144216  121144216
204 121144268  121144268
205 121144320  121144320
206 121144370  121144370
207 121144421  121144421
208 121144471  121144471
209 121144521  121144521
210 121144571  121144571
211 121144622  121144622
212 121144672  121144672
213 121144723  121144723
214 121144774  121144774
215 121144828  121144828
216 121144878  121144878
217 121144928  121144928
218 121144979  121144979
219 121145029  121145029
220 121145080  121145080
221 121145130  121145130
222 121145181  121145181
223 121145232  121145232
224 121145283  121145283
225 121145334  121145334
226 121145386  121145386
227 121145436  121145436
228 121145486  121145486
229 121145537  121145537
230 121145588  121145588
231 121145639  121145639
232 121145690  121145690
233 121145742  121145742
234 121145793  121145793
235 121145843  121145843
236 121145893  121145893
237 121145944  121145944
238 121145994  121145994
239 121146044  121146044
240 121146094  121146094
241 121146145  121146145
242 121146195  121146195
243 121146246  121146246
244 121146298  121146298
245 121146348  121146348
246 121146399  121146399
247 121146450  121146450
248 121146500  121146500
249 121146551  121146551
250 121146603  121146603
251 121146655  121146655
252 121146705  121146705
253 121146755  121146755
254 121146806  121146806
255 121146856  121146856
256 121146907  121146907
257 121146958  121146958
258 121147010  121147010
259 121147062  121147062
260 121147114  121147114
261 121147166  121147166
262 121147219  121147219
263 121147271  121147271
264 121147321  121147321
265 121147372  121147372
266 121147423  121147423
267 121147473  121147473
268 121147524  121147524
269 121147574  121147574
270 121147624  121147624
271 121147674  121147674
272 121147725  121147725
273 121147775  121147775
274 121147825  121147825
275 121147876  121147876
276 121147926  121147926
277 121147976  121147976
278 121148027  121148027
279 121148077  121148077
280 121148128  121148128
281 121148178  121148178
282 121148228  121148228
283 121148278  121148278
284 121148329  121148329
285 121148379  121148379
286 121148430  121148430
287 121148480  121148480
288 121148531  121148531
289 121148581  121148581
290 121148632  121148632
291 121148683  121148683
292 121148734  121148734
293 121148786  121148786
294 121148836  121148836
295 121148886  121148886
296 121148938  121148938
297 121148988  121148988
298 121149038  121149038
299 121149089  121149089
300 121149139  121149139
301 121149190  121149190
302 121149242  121149242
303 121149293  121149293
304 121149345  121149345
305 121149397  121149397
306 121149448  121149448
307 121149499  121149499
308 121149551  121149551
309 121149602  121149602
310 121149654  121149654
311 121149706  121149706
312 121149757  121149757
313 121149807  121149807
314 121149858  121149858
315 121149908  121149908
316 121149960  121149960
317 121150011  121150011
318 121150062  121150062
319 121150113  121150113
320 121150163  121150163
321 121150213  121150213
322 121150265  121150265
323 121150316  121150316
324 121150367  121150367
325 121150418  121150418
326 121150469  121150469
327 121150520  121150520
328 121150570  121150570
329 121150621  121150621
330 121150672  121150672
331 121150724  121150724
332 121150774  121150774
333 121150824  121150824
334 121150875  121150875
335 121150925  121150925
336 121150976  121150976
337 121151026  121151026
338 121151076  121151076
339 121151127  121151127
340 121151177  121151177
341 121151227  121151227
342 121151277  121151277
343 121151328  121151328
344 121151378  121151378
345 121151429  121151429
346 121151479  121151479
347 121151529  121151529
348 121151580  121151580
349 121151630  121151630
350 121151681  121151681
351 121151731  121151731
352 121151782  121151782
353 121151833  121151833
354 121151883  121151883
355 121151934  121151934
356 121151985  121151985
357 121152036  121152036
358 121152088  121152088
359 121152139  121152139
360 121152190  121152190
361 121152242  121152242
362 121152294  121152294
363 121152344  121152344
364 121152394  121152394
365 121152446  121152446
366 121152496  121152496
367 121152548  121152548
368 121152599  121152599
369 121152650  121152650
370 121152702  121152702
371 121152753  121152753
372 121152805  121152805
373 121152856  121152856
374 121152906  121152906
375 121152957  121152957
376 121153008  121153008
377 121153059  121153059
378 121153111  121153111
379 121153163  121153163
380 121153215  121153215
381 121153267  121153267
382 121153318  121153318
383 121153368  121153368
384 121153419  121153419
385 121153469  121153469
386 121153519  121153519
387 121153570  121153570
388 121153622  121153622
389 121153673  121153673
390 121153724  121153724
391 121153774  121153774
392 121153826  121153826
393 121153875  121153875
394 121153926  121153926
395 121153976  121153976
396 121154026  121154026
397 121154077  121154077
398 121154127  121154127
399 121154177  121154177
400 121154228  121154228
401 121154278  121154278
402 121154328  121154328
403 121154379  121154379
404 121154429  121154429
405 121154480  121154480
406 121154530  121154530
407 121154580  121154580
408 121154631  121154631
409 121154681  121154681
410 121154732  121154732
411 121154784  121154784
412 121154834  121154834
413 121154884  121154884
414 121154934  121154934
415 121154986  121154986
416 121155037  121155037
417 121155088  121155088
418 121155140  121155140
419 121155191  121155191
420 121155243  121155243
421 121155294  121155294
422 121155345  121155345
423 121155397  121155397
424 121155449  121155449
425 121155499  121155499
426 121155549  121155549
427 121155601  121155601
428 121155651  121155651
429 121155702  121155702
430 121155752  121155752
431 121155804  121155804
432 121155854  121155854
433 121155904  121155904
434 121155956  121155956
435 121156007  121156007
436 121156059  121156059
437 121156111  121156111
438 121156163  121156163
439 121156215  121156215
440 121156268  121156268
441 121156318  121156318
442 121156368  121156368
443 121156419  121156419
444 121156469  121156469
445 121156521  121156521
446 121156571  121156571
447 121156623  121156623
448 121156675  121156675
449 121156725  121156725
450 121156775  121156775
451 121156825  121156825
452 121156876  121156876
453 121156926  121156926
454 121156976  121156976
455 121157026  121157026
456 121157077  121157077
457 121157127  121157127
458 121157177  121157177
459 121157228  121157228
460 121157278  121157278
461 121157329  121157329
462 121157379  121157379
463 121157430  121157430
464 121157480  121157480
465 121157531  121157531
466 121157581  121157581
467 121157632  121157632
468 121157684  121157684
469 121157735  121157735
470 121157786  121157786
471 121157838  121157838
472 121157887  121157887
473 121157937  121157937
474 121157988  121157988
475 121158039  121158039
476 121158090  121158090
477 121158142  121158142
478 121158194  121158194
479 121158244  121158244
480 121158295  121158295
481 121158345  121158345
482 121158396  121158396
483 121158448  121158448
484 121158499  121158499
485 121158549  121158549
486 121158601  121158601
487 121158652  121158652
488 121158703  121158703
489 121158755  121158755
490 121158806  121158806
491 121158856  121158856
492 121158906  121158906
493 121158957  121158957
494 121159008  121159008
495 121159058  121159058
496 121159108  121159108
497 121159159  121159159
498 121159211  121159211
499 121159263  121159263
500 121159314  121159314
501 121159365  121159365
502 121159417  121159417
503 121159467  121159467
504 121159519  121159519
505 121159569  121159569
506 121159620  121159620
507 121159673  121159673
508 121159725  121159725
509 121159775  121159775
510 121159825  121159825
511 121159875  121159875
512 121159926  121159926
513 121159976  121159976
514 121200027  121200027
515 121200077  121200077
516 121200127  121200127
517 121200177  121200177
518 121200228  121200228
519 121200278  121200278
520 121200328  121200328
521 121200379  121200379
522 121200429  121200429
523 121200480  121200480
524 121200531  121200531
525 121200581  121200581
526 121200632  121200632
527 121200682  121200682
528 121200733  121200733
529 121200785  121200785
530 121200836  121200836
531 121200886  121200886
532 121200936  121200936
533 121200987  121200987
534 121201039  121201039
535 121201090  121201090
536 121201142  121201142
537 121201193  121201193
538 121201243  121201243
539 121201293  121201293
540 121201345  121201345
541 121201397  121201397
542 121201447  121201447
543 121201497  121201497
544 121201548  121201548
545 121201599  121201599
546 121201649  121201649
547 121201700  121201700
548 121201752  121201752
549 121201804  121201804
550 121201854  121201854
551 121201904  121201904
552 121201956  121201956
553 121202007  121202007
554 121202058  121202058
555 121202108  121202108
556 121202161  121202161
557 121202213  121202213
558 121202265  121202265
559 121202316  121202316
560 121202366  121202366
561 121202416  121202416
562 121202466  121202466
563 121202516  121202516
564 121202567  121202567
565 121202617  121202617
566 121202668  121202668
567 121202721  121202721
568 121202772  121202772
569 121202824  121202824
570 121202874  121202874
571 121202924  121202924
572 121202974  121202974
573 121203025  121203025
574 121203075  121203075
575 121203125  121203125
576 121203176  121203176
577 121203227  121203227
578 121203276  121203276
579 121203326  121203326
580 121203377  121203377
581 121203427  121203427
582 121203478  121203478
583 121203528  121203528
584 121203578  121203578
585 121203628  121203628
586 121203678  121203678
587 121203728  121203728
588 121203779  121203779
589 121203829  121203829
590 121203880  121203880
591 121203930  121203930
592 121203980  121203980
593 121204031  121204031
594 121204083  121204083
595 121204134  121204134
596 121204185  121204185
597 121204237  121204237
598 121204288  121204288
599 121204338  121204338
600 121204390  121204390
601 121204441  121204441
602 121204493  121204493
603 121204544  121204544
604 121204594  121204594
605 121204644  121204644
606 121204695  121204695
607 121204746  121204746
608 121204798  121204798
609 121204851  121204851
610 121204901  121204901
611 121204952  121204952
612 121205003  121205003
613 121205054  121205054
614 121205106  121205106
615 121205158  121205158
616 121205210  121205210
617 121205262  121205262
618 121205312  121205312
619 121205363  121205363
620 121205413  121205413
621 121205465  121205465
622 121205517  121205517
623 121205568  121205568
624 121205618  121205618
625 121205669  121205669
626 121205719  121205719
627 121205769  121205769
628 121205820  121205820
629 121205877  121205877
630 121205927  121205927
631 121205978  121205978
632 121206028  121206028
633 121206079  121206079
634 121206129  121206129
635 121206179  121206179
636 121206230  121206230
637 121206280  121206280
638 121206331  121206331
639 121206382  121206382
640 121206433  121206433
641 121206484  121206484
642 121206536  121206536
643 121206586  121206586
644 121206636  121206636
645 121206688  121206688
646 121206739  121206739
647 121206790  121206790
648 121206840  121206840
649 121206890  121206890
650 121206940  121206940
651 121206992  121206992
652 121207043  121207043
653 121207095  121207095
654 121207147  121207147
655 121207199  121207199
656 121207251  121207251
657 121207303  121207303
658 121207354  121207354
659 121207406  121207406
660 121207457  121207457
661 121207509  121207509
662 121207559  121207559
663 121207609  121207609
664 121207661  121207661
665 121207711  121207711
666 121207762  121207762
667 121207813  121207813
668 121207864  121207864
669 121207915  121207915
670 121207965  121207965
671 121208015  121208015
672 121208066  121208066
673 121208116  121208116
674 121208168  121208168
675 121208220  121208220
676 121208273  121208273
677 121208323  121208323
678 121208375  121208375
679 121208425  121208425
680 121208476  121208476
681 121208526  121208526
682 121208576  121208576
683 121208627  121208627
684 121208677  121208677
685 121208728  121208728
686 121208778  121208778
687 121208829  121208829
688 121208879  121208879
689 121208929  121208929
690 121208980  121208980
691 121209030  121209030
692 121209080  121209080
693 121209131  121209131
694 121209181  121209181
695 121209232  121209232
696 121209283  121209283
697 121209334  121209334
698 121209386  121209386
699 121209437  121209437
700 121209487  121209487
701 121209538  121209538
702 121209588  121209588
703 121209639  121209639
704 121209691  121209691
705 121209742  121209742
706 121209794  121209794
707 121209846  121209846
708 121209897  121209897
709 121209947  121209947
710 121209997  121209997
711 121210048  121210048
712 121210098  121210098
713 121210148  121210148
714 121210200  121210200
715 121210252  121210252
716 121210304  121210304
717 121210356  121210356
718 121210407  121210407
719 121210457  121210457
720 121210507  121210507
721 121210558  121210558
722 121210608  121210608
723 121210658  121210658
724 121210709  121210709
725 121210761  121210761
726 121210812  121210812
727 121210865  121210865
728 121210916  121210916
729 121210966  121210966
730 121211017  121211017
731 121211070  121211070
732 121211122  121211122
733 121211172  121211172
734 121211222  121211222
735 121211274  121211274
736 121211325  121211325
737 121211375  121211375
738 121211426  121211426
739 121211476  121211476
740 121211526  121211526
741 121211576  121211576
742 121211627  121211627
743 121211677  121211677
744 121211727  121211727
745 121211778  121211778
746 121211828  121211828
747 121211879  121211879
748 121211929  121211929
749 121211979  121211979
750 121212030  121212030
751 121212080  121212080
752 121212131  121212131
753 121212182  121212182
754 121212232  121212232
755 121212284  121212284
756 121212335  121212335
757 121212385  121212385
758 121212437  121212437
759 121212487  121212487
760 121212538  121212538
761 121212589  121212589
762 121212639  121212639
763 121212690  121212690
764 121212741  121212741
765 121212791  121212791
766 121212843  121212843
767 121212893  121212893
768 121212944  121212944
769 121212995  121212995
770 121213046  121213046
771 121213097  121213097
772 121213149  121213149
773 121213201  121213201
774 121213253  121213253
775 121213303  121213303
776 121213353  121213353
777 121213404  121213404
778 121213456  121213456
779 121213508  121213508
780 121213560  121213560
781 121213611  121213611
782 121213662  121213662
783 121213714  121213714
784 121213764  121213764
785 121213814  121213814
786 121213866  121213866
787 121213922  121213922
788 121213970  121213970
789 121214018  121214018
790 121214070  121214070
791 121214122  121214122
792 121214174  121214174
793 121214225  121214225
794 121214275  121214275
795 121214326  121214326
796 121214376  121214376
797 121214427  121214427
798 121214477  121214477
799 121214528  121214528
800 121214578  121214578
801 121214628  121214628
802 121214678  121214678
803 121214729  121214729
804 121214779  121214779
805 121214829  121214829
806 121214880  121214880
807 121214930  121214930
808 121214981  121214981
809 121215033  121215033
810 121215083  121215083
811 121215135  121215135
812 121215186  121215186
813 121215237  121215237
814 121215287  121215287
815 121215338  121215338
816 121215388  121215388
817 121215438  121215438
818 121215488  121215488
819 121215539  121215539
820 121215590  121215590
821 121215640  121215640
822 121215691  121215691
823 121215742  121215742
824 121215794  121215794
825 121215846  121215846
826 121215897  121215897
827 121215947  121215947
828 121215997  121215997
829 121216048  121216048
830 121216098  121216098
831 121216148  121216148
832 121216199  121216199
833 121216249  121216249
834 121216300  121216300
835 121216352  121216352
836 121216403  121216403
837 121216454  121216454
838 121216505  121216505
839 121216556  121216556
840 121216606  121216606
841 121216656  121216656
842 121216707  121216707
843 121216759  121216759
844 121216809  121216809
845 121216860  121216860
846 121216910  121216910
847 121216960  121216960
848 121217012  121217012
849 121217063  121217063
850 121217113  121217113
851 121217165  121217165
852 121217216  121217216
853 121217267  121217267
854 121217319  121217319
855 121217370  121217370
856 121217421  121217421
857 121217471  121217471
858 121217524  121217524
859 121217574  121217574
860 121217625  121217625
861 121217675  121217675
862 121217725  121217725
863 121217776  121217776
864 121217827  121217827
865 121217878  121217878
866 121217928  121217928
867 121217979  121217979
868 121218029  121218029
869 121218080  121218080
870 121218130  121218130
871 121218181  121218181
872 121218232  121218232
873 121218282  121218282
874 121218333  121218333
875 121218384  121218384
876 121218435  121218435
877 121218487  121218487
878 121218538  121218538
879 121218588  121218588
880 121218639  121218639
881 121218689  121218689
882 121218739  121218739
883 121218789  121218789
884 121218840  121218840
885 121218892  121218892
886 121218941  121218941
887 121218991  121218991
888 121219043  121219043
889 121219095  121219095
890 121219147  121219147
891 121219198  121219198
892 121219250  121219250
893 121219302  121219302
894 121219353  121219353
895 121219404  121219404
896 121219454  121219454
897 121219506  121219506
898 121219557  121219557
899 121219607  121219607
900 121219658  121219658
901 121219708  121219708
902 121219760  121219760
903 121219810  121219810
904 121219860  121219860
905 121219911  121219911
906 121219961  121219961
907 121220013  121220013
908 121220065  121220065
909 121220117  121220117
910 121220169  121220169
911 121220221  121220221
912 121220273  121220273
913 121220325  121220325
914 121220375  121220375
915 121220425  121220425
916 121220476  121220476
917 121220526  121220526
918 121220576  121220576
919 121220627  121220627
920 121220678  121220678
921 121220728  121220728
922 121220779  121220779
923 121220829  121220829
924 121220879  121220879
925 121220929  121220929
926 121220980  121220980
927 121221030  121221030
928 121221080  121221080
929 121221131  121221131
930 121221183  121221183
931 121221234  121221234
932 121221285  121221285
933 121221336  121221336
934 121221388  121221388
935 121221439  121221439
936 121221489  121221489
937 121221539  121221539
938 121221591  121221591
939 121221642  121221642
940 121221692  121221692
941 121221742  121221742
942 121221794  121221794
943 121221845  121221845
944 121221896  121221896
945 121221946  121221946
946 121221997  121221997
947 121222047  121222047
948 121222097  121222097
949 121222147  121222147
950 121222198  121222198
951 121222250  121222250
952 121222302  121222302
953 121222353  121222353
954 121222405  121222405
955 121222457  121222457
956 121222509  121222509
957 121222560  121222560
958 121222612  121222612
959 121222664  121222664
960 121222715  121222715
961 121222768  121222768
962 121222819  121222819
963 121222870  121222870
964 121222921  121222921
965 121222971  121222971
966 121223023  121223023
967 121223074  121223074
968 121223125  121223125
969 121223175  121223175
970 121223226  121223226
971 121223276  121223276
972 121223326  121223326
973 121223376  121223376
974 121223427  121223427
975 121223477  121223477
976 121223528  121223528
977 121223578  121223578
978 121223629  121223629
979 121223680  121223680
980 121223730  121223730
981 121223781  121223781
982 121223832  121223832
983 121223882  121223882
984 121223932  121223932
985 121223983  121223983
986 121224034  121224034
987 121224086  121224086
988 121224137  121224137
989 121224187  121224187
990 121224238  121224238
991 121224290  121224290
992 121224340  121224340
993 121224390  121224390
994 121224441  121224441
995 121224492  121224492
996 121224543  121224543
997 121224595  121224595
998 121224647  121224647
999 121224697  121224697
1000 121224748  121224748
1001 121224800  121224800
1002 121224852  121224852
1003 121224902  121224902
1004 121224953  121224953
1005 121225004  121225004
1006 121225056  121225056
1007 121225108  121225108
1008 121225159  121225159
1009 121225211  121225211
1010 121225263  121225263
1011 121225315  121225315
1012 121225366  121225366
1013 121225416  121225416
1014 121225467  121225467
1015 121225517  121225517
1016 121225568  121225568
1017 121225619  121225619
1018 121225669  121225669
1019 121225721  121225721
1020 121225772  121225772
1021 121225824  121225824
1022 121225874  121225874
1023 121225924  121225924
1024 121225975  121225975
1025 121226025  121226025
1026 121226075  121226075
1027 121226126  121226126
1028 121226208  121226208
1029 121226259  121226259
1030 121226311  121226311
1031 121226361  121226361
1032 121226413  121226413
1033 121226465  121226465
1034 121226517  121226517
1035 121226567  121226567
1036 121226617  121226617
1037 121226668  121226668
1038 121226718  121226718
1039 121226768  121226768
1040 121226820  121226820
1041 121226871  121226871
1042 121226921  121226921
1043 121226972  121226972
1044 121227024  121227024
1045 121227074  121227074
1046 121227125  121227125
1047 121227175  121227175
1048 121227225  121227225
1049 121227276  121227276
1050 121227326  121227326
1051 121227376  121227376
1052 121227426  121227426
1053 121227476  121227476
1054 121227527  121227527
1055 121227577  121227577
1056 121227628  121227628
1057 121227678  121227678
1058 121227729  121227729
1059 121227779  121227779
1060 121227829  121227829
1061 121227880  121227880
1062 121227930  121227930
1063 121227980  121227980
1064 121228031  121228031
1065 121228082  121228082
1066 121228133  121228133
1067 121228184  121228184
1068 121228236  121228236
1069 121228287  121228287
1070 121228337  121228337
1071 121228388  121228388
1072 121228438  121228438
1073 121228489  121228489
1074 121228540  121228540
1075 121228590  121228590
1076 121228642  121228642
1077 121228693  121228693
1078 121228743  121228743
1079 121228793  121228793
1080 121228845  121228845
1081 121228896  121228896
1082 121228946  121228946
1083 121228998  121228998
1084 121229048  121229048
1085 121229100  121229100
1086 121229152  121229152
1087 121229204  121229204
1088 121229256  121229256
1089 121229308  121229308
1090 121229358  121229358
1091 121229410  121229410
1092 121229462  121229462
1093 121229513  121229513
1094 121229564  121229564
1095 121229614  121229614
1096 121229665  121229665
1097 121229716  121229716
1098 121229766  121229766
1099 121229817  121229817
1100 121229867  121229867
1101 121229917  121229917
1102 121229967  121229967
1103 121230017  121230017
1104 121230068  121230068
1105 121230120  121230120
1106 121230170  121230170
1107 121230223  121230223
1108 121230275  121230275
1109 121230325  121230325
1110 121230376  121230376
1111 121230426  121230426
1112 121230476  121230476
1113 121230527  121230527
1114 121230577  121230577
1115 121230628  121230628
1116 121230678  121230678
1117 121230728  121230728
1118 121230779  121230779
1119 121230829  121230829
1120 121230880  121230880
1121 121230930  121230930
1122 121230980  121230980
1123 121231030  121231030
1124 121231081  121231081
1125 121231131  121231131
1126 121231182  121231182
1127 121231232  121231232
1128 121231283  121231283
1129 121231334  121231334
1130 121231385  121231385
1131 121231435  121231435
1132 121231487  121231487
1133 121231538  121231538
1134 121231588  121231588
1135 121231640  121231640
1136 121231691  121231691
1137 121231741  121231741
1138 121231791  121231791
1139 121231843  121231843
1140 121231894  121231894
1141 121231944  121231944
1142 121231996  121231996
1143 121232047  121232047
1144 121232098  121232098
1145 121232150  121232150
1146 121232202  121232202
1147 121232254  121232254
1148 121232306  121232306
1149 121232357  121232357
1150 121232409  121232409
1151 121232461  121232461
1152 121232513  121232513
1153 121232563  121232563
1154 121232615  121232615
1155 121232667  121232667
1156 121232717  121232717
1157 121232768  121232768
1158 121232818  121232818
1159 121232870  121232870
1160 121232920  121232920
1161 121232970  121232970
1162 121233023  121233023
1163 121233073  121233073
1164 121233123  121233123
1165 121233174  121233174
1166 121233225  121233225
1167 121233275  121233275
1168 121233326  121233326
1169 121233375  121233375
1170 121233426  121233426
1171 121233476  121233476
1172 121233526  121233526
1173 121233576  121233576
1174 121233626  121233626
1175 121233677  121233677
1176 121233727  121233727
1177 121233777  121233777
1178 121233828  121233828
1179 121233878  121233878
1180 121233929  121233929
1181 121233979  121233979
1182 121234029  121234029
1183 121234080  121234080
1184 121234130  121234130
1185 121234181  121234181
1186 121234231  121234231
1187 121234282  121234282
1188 121234333  121234333
1189 121234384  121234384
1190 121234436  121234436
1191 121234487  121234487
1192 121234537  121234537
1193 121234588  121234588
1194 121234640  121234640
1195 121234692  121234692
1196 121234744  121234744
1197 121234795  121234795
1198 121234847  121234847
1199 121234897  121234897
1200 121234947  121234947
1201 121234998  121234998
1202 121235050  121235050
1203 121235100  121235100
1204 121235151  121235151
1205 121235203  121235203
1206 121235254  121235254
1207 121235305  121235305
1208 121235355  121235355
1209 121235406  121235406
1210 121235457  121235457
1211 121235508  121235508
1212 121235559  121235559
1213 121235611  121235611
1214 121235663  121235663
1215 121235715  121235715
1216 121235766  121235766
1217 121235816  121235816
1218 121235867  121235867
1219 121235918  121235918
1220 121235968  121235968
1221 121236020  121236020
1222 121236072  121236072
1223 121236124  121236124
1224 121236174  121236174
1225 121236225  121236225
1226 121236275  121236275
1227 121236325  121236325
1228 121236376  121236376
1229 121236426  121236426
1230 121236476  121236476
1231 121236527  121236527
1232 121236577  121236577
1233 121236628  121236628
1234 121236678  121236678
1235 121236729  121236729
1236 121236780  121236780
1237 121236830  121236830
1238 121236880  121236880
1239 121236930  121236930
1240 121236981  121236981
1241 121237032  121237032
1242 121237083  121237083
1243 121237134  121237134
1244 121237185  121237185
1245 121237236  121237236
1246 121237287  121237287
1247 121237337  121237337
1248 121237388  121237388
1249 121237440  121237440
1250 121237489  121237489
1251 121237539  121237539
1252 121237590  121237590
1253 121237640  121237640
1254 121237696  121237696
1255 121237747  121237747
1256 121237799  121237799
1257 121237849  121237849
1258 121237900  121237900
1259 121237950  121237950
1260 121238001  121238001
1261 121238052  121238052
1262 121238103  121238103
1263 121238154  121238154
1264 121238205  121238205
1265 121238257  121238257
1266 121238309  121238309
1267 121238359  121238359
1268 121238410  121238410
1269 121238460  121238460
1270 121238510  121238510
1271 121238562  121238562
1272 121238612  121238612
1273 121238662  121238662
1274 121238712  121238712
1275 121238763  121238763
1276 121238813  121238813
1277 121238865  121238865
1278 121238915  121238915
1279 121238965  121238965
1280 121239016  121239016
1281 121239067  121239067
1282 121239119  121239119
1283 121239171  121239171
1284 121239223  121239223
1285 121239275  121239275
1286 121239325  121239325
1287 121239375  121239375
1288 121239426  121239426
1289 121239476  121239476
1290 121239526  121239526
1291 121239577  121239577
1292 121239627  121239627
1293 121239677  121239677
1294 121239728  121239728
1295 121239778  121239778
1296 121239828  121239828
1297 121239879  121239879
1298 121239929  121239929
1299 121239980  121239980
1300 121240030  121240030
1301 121240081  121240081
1302 121240132  121240132
1303 121240182  121240182
1304 121240233  121240233
1305 121240284  121240284
1306 121240335  121240335
1307 121240387  121240387
1308 121240438  121240438
1309 121240488  121240488
1310 121240539  121240539
1311 121240589  121240589
1312 121240641  121240641
1313 121240692  121240692
1314 121240744  121240744
1315 121240794  121240794
1316 121240844  121240844
1317 121240895  121240895
1318 121240945  121240945
1319 121240995  121240995
1320 121241047  121241047
1321 121241098  121241098
1322 121241150  121241150
1323 121241202  121241202
1324 121241254  121241254
1325 121241306  121241306
1326 121241357  121241357
1327 121241409  121241409
1328 121241460  121241460
1329 121241510  121241510
1330 121241561  121241561
1331 121241612  121241612
1332 121241664  121241664
1333 121241716  121241716
1334 121241766  121241766
1335 121241817  121241817
1336 121241868  121241868
1337 121241920  121241920
1338 121241970  121241970
1339 121242020  121242020
1340 121242070  121242070
1341 121242121  121242121
1342 121242173  121242173
1343 121242224  121242224
1344 121242275  121242275
1345 121242325  121242325
1346 121242376  121242376
1347 121242426  121242426
1348 121242477  121242477
1349 121242527  121242527
1350 121242577  121242577
1351 121242628  121242628
1352 121242678  121242678
1353 121242729  121242729
1354 121242779  121242779
1355 121242830  121242830
1356 121242880  121242880
1357 121242931  121242931
1358 121242981  121242981
1359 121243032  121243032
1360 121243082  121243082
1361 121243132  121243132
1362 121243182  121243182
1363 121243234  121243234
1364 121243285  121243285
1365 121243336  121243336
1366 121243387  121243387
1367 121243438  121243438
1368 121243488  121243488
1369 121243540  121243540
1370 121243590  121243590
1371 121243642  121243642
1372 121243693  121243693
1373 121243746  121243746
